date,hour,dayiness,mean_TU_0,mean_TU_1,mean_N_0,mean_RR_0,mean_RR_1,mean_SD_0,mean_VV_0,mean_FF_0,mean_FF_1,solar
20220101,00,-1.0,9.799999999999997,89.60897435897436,7.290322580645161,0.03290322580645161,0.5612903225806452,0,23604.774193548386,5.011038961038961,251.16883116883116,0.0
20220101,01,-0.97,9.700000000000001,90.13461538461539,7.387096774193548,0.031612903225806455,0.5290322580645161,0,22951.8064516129,4.8512987012987,251.55844155844156,0.0
20220101,02,-0.87,9.679487179487179,90.12820512820512,7.47741935483871,0.03096774193548387,0.41935483870967744,0,24270.516129032258,4.661688311688308,246.2987012987013,0.0
20220101,03,-0.71,9.56153846153846,90.2051282051282,7.541935483870968,0.029677419354838707,0.32903225806451614,0.0,25656.967741935485,4.56298701298701,247.2077922077922,0.0
20220101,04,-0.5,9.475641025641025,89.96153846153847,7.316129032258065,0.0070967741935483875,0.23225806451612904,0.0,26696.90322580645,4.3662337662337665,243.8961038961039,0.0
20220101,05,-0.26,9.343589743589746,89.94871794871794,7.335483870967742,0.007741935483870969,0.2064516129032258,0.0,25574.645161290322,4.234415584415586,241.1038961038961,0.0
20220101,06,-0.0,9.25576923076923,90.02564102564102,7.135483870967742,0.01096774193548387,0.16774193548387098,0.0,25871.677419354837,4.128571428571431,236.42857142857142,0.0
20220101,07,0.26,9.106410256410257,90.19871794871794,7.148387096774194,0.02307692307692308,0.09615384615384616,0.0,25342.58064516129,4.0370129870129885,239.02597402597402,0.5
20220101,08,0.5,9.115384615384613,89.86538461538461,7.032258064516129,0.015384615384615384,0.10897435897435898,1.4679487179487178,26059.41935483871,3.8831168831168847,234.87012987012986,257.75
20220101,09,0.71,9.572435897435897,88.03846153846153,7.006451612903226,0.010897435897435897,0.08333333333333333,7.448717948717949,28265.483870967742,3.6649350649350643,234.93506493506493,1977.0
20220101,10,0.87,10.228846153846158,85.46794871794872,6.787096774193548,0.011538461538461539,0.08974358974358974,10.032051282051283,30810.1935483871,3.675974025974027,232.72727272727272,4407.75
20220101,11,0.97,10.719871794871793,83.6025641025641,6.883870967741935,0.010897435897435895,0.08333333333333333,11.570512820512821,33078.32258064516,3.6954545454545435,235.64935064935065,6639.5
20220101,12,1.0,11.094230769230773,81.91666666666667,6.941935483870968,0.007051282051282052,0.10897435897435898,12.98076923076923,35337.74193548387,3.6454545454545455,233.1818181818182,7744.0
20220101,13,0.97,11.323717948717947,81.11538461538461,7.15483870967742,0.019230769230769232,0.08333333333333333,14.967948717948717,36954.77419354839,3.4902597402597397,229.15584415584416,6793.0
20220101,14,0.87,11.266025641025637,81.30128205128206,7.367741935483871,0.0070512820512820505,0.09615384615384616,15.833333333333334,37162.903225806454,3.226623376623378,222.07792207792207,4620.75
20220101,15,0.71,10.766025641025646,83.43589743589743,7.374193548387097,0.002564102564102564,0.10256410256410256,13.121794871794872,36051.41935483871,2.981818181818182,208.1818181818182,1844.75
20220101,16,0.5,9.959615384615384,86.32051282051282,7.503225806451613,0.0057692307692307696,0.08974358974358974,2.7756410256410255,34797.290322580644,2.7824675324675328,196.55844155844156,150.5
20220101,17,0.26,9.370512820512825,88.12179487179488,7.496774193548387,0.01217948717948718,0.08333333333333333,0.0,32371.74193548387,2.7435064935064943,201.03896103896105,0.0
20220101,18,0.0,8.964743589743588,88.83333333333333,7.245161290322581,0.03205128205128205,0.09615384615384616,0.0,30792.516129032258,2.8915584415584403,183.05194805194805,0.0
20220101,19,-0.26,8.764743589743592,88.98717948717949,7.15483870967742,0.026282051282051286,0.08974358974358974,0.0,30338.83870967742,3.0272727272727264,181.94805194805195,0.0
20220101,20,-0.5,8.483974358974365,89.16025641025641,6.7612903225806456,0.010897435897435899,0.09615384615384616,0.0,30640.322580645163,3.111688311688311,183.63636363636363,0.0
20220101,21,-0.71,8.245512820512817,89.3525641025641,6.690322580645161,0.007051282051282052,0.08333333333333333,0,30356.90322580645,3.201948051948054,179.74025974025975,0.0
20220101,22,-0.87,7.950000000000002,89.36538461538461,6.961290322580645,0.005128205128205128,0.10256410256410256,0,30484.387096774193,3.272727272727272,185.3896103896104,0.0
20220101,23,-0.97,7.6788461538461545,89.64102564102564,7.04516129032258,0.01153846153846154,0.10256410256410256,0,30298.0,3.348701298701298,184.4805194805195,0.0
20220102,00,-1.0,7.480128205128206,89.74358974358974,7.387096774193548,0.007051282051282052,0.09615384615384616,0,31534.83870967742,3.425324675324675,189.35064935064935,0.0
20220102,01,-0.97,7.3,89.76923076923077,7.361290322580645,0.046794871794871795,0.09615384615384616,0,31223.870967741936,3.477272727272729,187.85714285714286,0.0
20220102,02,-0.87,7.050000000000002,89.99358974358974,7.148387096774194,0.08205128205128205,0.1346153846153846,0,30338.064516129034,3.4805194805194803,195.7792207792208,0.0
20220102,03,-0.71,6.97948717948718,89.66666666666667,7.064516129032258,0.0967948717948718,0.1794871794871795,0.0,30110.83870967742,3.571428571428572,192.85714285714286,0.0
20220102,04,-0.5,7.0019230769230765,89.51923076923077,7.032258064516129,0.14038461538461539,0.25,0.0,30716.322580645163,3.594155844155845,194.41558441558442,0.0
20220102,05,-0.26,6.95897435897436,89.66666666666667,7.103225806451613,0.1705128205128206,0.27564102564102566,0.0,29158.774193548386,3.612337662337662,197.7922077922078,0.0
20220102,06,-0.0,7.026923076923077,89.42307692307692,7.2387096774193544,0.13525641025641028,0.3076923076923077,0.0,30583.290322580644,3.7051948051948047,197.2077922077922,0.0
20220102,07,0.26,7.1589743589743575,88.77564102564102,7.567741935483871,0.13589743589743591,0.3782051282051282,0.0,30020.064516129034,3.772077922077923,196.75324675324674,0.5
20220102,08,0.5,7.35,88.07051282051282,7.580645161290323,0.158974358974359,0.42948717948717946,2.467948717948718,30431.290322580644,3.8694805194805215,195.45454545454547,377.25
20220102,09,0.71,7.915384615384615,86.48717948717949,7.541935483870968,0.21730769230769229,0.4551282051282051,5.352564102564102,33038.58064516129,4.055844155844156,198.1818181818182,2117.25
20220102,10,0.87,8.653846153846152,84.15384615384616,7.438709677419355,0.183974358974359,0.5192307692307693,7.788461538461538,35976.12903225807,4.265584415584418,196.94805194805195,4196.75
20220102,11,0.97,9.250641025641025,82.02564102564102,7.554838709677419,0.16217948717948721,0.5256410256410257,7.17948717948718,38635.354838709674,4.509740259740259,199.4805194805195,5407.25
20220102,12,1.0,9.766025641025642,79.91025641025641,7.4,0.13782051282051286,0.4807692307692308,7.230769230769231,41018.25806451613,4.9155844155844175,202.72727272727272,5385.25
20220102,13,0.97,10.080769230769233,78.14102564102564,7.387096774193548,0.10320512820512817,0.5,7.410256410256411,44084.51612903226,5.291558441558439,207.66233766233765,4099.75
20220102,14,0.87,10.247435897435896,76.82051282051282,6.980645161290322,0.13269230769230772,0.42948717948717946,10.884615384615385,46606.1935483871,5.725324675324677,215.64935064935065,2850.5
20220102,15,0.71,10.150641025641022,76.47435897435898,6.967741935483871,0.10705128205128205,0.3782051282051282,7.846153846153846,47327.354838709674,6.184415584415585,220.5194805194805,1139.0
20220102,16,0.5,9.810897435897436,76.82051282051282,7.051612903225807,0.10897435897435898,0.2564102564102564,0.15384615384615385,48704.51612903226,6.386363636363637,226.23376623376623,63.5
20220102,17,0.26,9.69038461538461,76.66666666666667,6.961290322580645,0.10384615384615384,0.14743589743589744,0.0,49618.77419354839,6.34220779220779,228.83116883116884,0.0
20220102,18,0.0,9.471153846153847,77.43589743589743,7.090322580645161,0.10064102564102563,0.1346153846153846,0.0,49591.8064516129,6.2772727272727264,232.27272727272728,0.0
20220102,19,-0.26,9.180128205128211,78.4423076923077,6.832258064516129,0.10641025641025639,0.17307692307692307,0.0,48224.709677419356,6.233766233766233,233.5064935064935,0.0
20220102,20,-0.5,9.073717948717949,79.08333333333333,6.98051948051948,0.08397435897435897,0.23076923076923078,0.0,48338.3870967742,6.058441558441562,230.97402597402598,0.0
20220102,21,-0.71,9.114743589743586,79.57051282051282,7.266233766233766,0.2012820512820513,0.2564102564102564,0,46330.32258064516,6.187662337662338,235.84415584415584,0.0
20220102,22,-0.87,9.069871794871794,79.96153846153847,7.441558441558442,0.2358974358974359,0.28205128205128205,0,44561.290322580644,6.35324675324675,234.0909090909091,0.0
20220102,23,-0.97,8.985256410256415,80.4551282051282,7.428571428571429,0.3109677419354838,0.3548387096774194,0,45461.096774193546,6.447402597402599,237.14285714285714,0.0
20220103,00,-1.0,8.78141025641025,81.23717948717949,7.525974025974026,0.4554838709677419,0.4967741935483871,0,43981.6129032258,6.420129870129868,240.12987012987014,0.0
20220103,01,-0.97,8.541666666666664,82.40384615384616,7.48051948051948,0.49290322580645163,0.5161290322580645,0,41883.48387096774,6.611688311688312,240.71428571428572,0.0
20220103,02,-0.87,8.312820512820517,82.98076923076923,7.266233766233766,0.5341935483870969,0.5870967741935483,0,40031.096774193546,6.738961038961039,242.2077922077922,0.0
20220103,03,-0.71,8.162179487179484,83.16666666666667,7.14935064935065,0.406451612903226,0.5483870967741935,0.0,42733.8064516129,6.793506493506491,245.71428571428572,0.0
20220103,04,-0.5,8.071153846153845,83.10897435897436,7.032467532467533,0.25483870967741934,0.5161290322580645,0.0,42884.3870967742,6.849350649350651,248.63636363636363,0.0
20220103,05,-0.26,7.989102564102568,82.71794871794872,7.090909090909091,0.21096774193548393,0.535483870967742,0.0,41379.096774193546,6.959740259740261,252.33766233766235,0.0
20220103,06,-0.0,7.85,83.25,6.941558441558442,0.18709677419354842,0.5483870967741935,0.0,39591.22580645161,6.892207792207795,251.1038961038961,0.0
20220103,07,0.26,7.749044585987262,83.31847133757962,7.006410256410256,0.15769230769230771,0.5833333333333334,0.0,38522.11538461538,6.691612903225807,250.70967741935485,0.5
20220103,08,0.5,7.733121019108281,83.3375796178344,6.7756410256410255,0.09166666666666665,0.5064102564102564,0.445859872611465,39488.97435897436,6.3929032258064495,245.61290322580646,161.5
20220103,09,0.71,8.019108280254779,82.3312101910828,6.916666666666667,0.07307692307692304,0.5064102564102564,5.649681528662421,38594.03846153846,6.349358974358979,241.98717948717947,1537.25
20220103,10,0.87,8.34968152866242,81.30573248407643,7.096153846153846,0.0692307692307692,0.4935897435897436,7.388535031847134,37079.9358974359,6.551923076923078,240.51282051282053,3518.25
20220103,11,0.97,8.610191082802546,80.2484076433121,7.0,0.133974358974359,0.46153846153846156,7.312101910828026,36710.833333333336,6.739743589743589,241.47435897435898,4795.0
20220103,12,1.0,8.838216560509553,78.55414012738854,7.012820512820513,0.06282051282051283,0.532051282051282,7.840764331210191,38425.1282051282,6.9326923076923075,243.07692307692307,4957.0
20220103,13,0.97,8.847133757961785,78.22929936305732,7.166666666666667,0.09999999999999998,0.535031847133758,5.910828025477707,38736.53846153846,6.848076923076921,241.98717948717947,3956.25
20220103,14,0.87,8.696178343949043,78.22929936305732,6.660256410256411,0.1515923566878981,0.5605095541401274,6.707006369426751,39062.5641025641,6.626282051282049,242.1153846153846,2671.25
20220103,15,0.71,8.380891719745222,79.31847133757962,6.493589743589744,0.1694267515923567,0.535031847133758,2.56687898089172,39704.743589743586,6.240384615384617,237.56410256410257,990.0
20220103,16,0.5,7.997452229299363,80.91082802547771,6.493589743589744,0.258974358974359,0.4935897435897436,0.0,39184.8717948718,5.974358974358975,235.89743589743588,52.0
20220103,17,0.26,7.735668789808911,82.04458598726114,6.5576923076923075,0.24294871794871803,0.5128205128205128,0.0,39011.08974358974,5.6961538461538455,233.5897435897436,0.0
20220103,18,0.0,7.604458598726117,82.73248407643312,6.4743589743589745,0.24423076923076928,0.4551282051282051,0.0,39328.91025641026,5.619871794871795,229.23076923076923,0.0
20220103,19,-0.26,7.506369426751589,83.38216560509554,6.647435897435898,0.18598726114649683,0.4394904458598726,0.0,39486.666666666664,5.489743589743591,226.85897435897436,0.0
20220103,20,-0.5,7.389171974522294,84.35031847133757,6.6923076923076925,0.21719745222929937,0.46496815286624205,0.0,38584.743589743586,5.3717948717948705,224.67948717948718,0.0
20220103,21,-0.71,7.321019108280254,85.20382165605096,6.737179487179487,0.25605095541401274,0.49044585987261147,0,37750.1282051282,5.159615384615385,223.33333333333334,0.0
20220103,22,-0.87,7.222292993630576,86.28662420382166,6.8076923076923075,0.2789808917197451,0.4968152866242038,0,36769.679487179485,4.9608974358974365,223.33333333333334,0.0
20220103,23,-0.97,7.1388535031847145,87.35031847133757,7.089743589743589,0.3235668789808918,0.5732484076433121,0,35596.346153846156,4.808974358974359,219.80769230769232,0.0
20220104,00,-1.0,7.10191082802548,87.78980891719745,7.115384615384615,0.26942675159235674,0.6050955414012739,0,34063.97435897436,4.679487179487178,217.62820512820514,0.0
20220104,01,-0.97,7.011464968152867,88.96178343949045,7.2243589743589745,0.3719745222929936,0.6242038216560509,0,32900.1282051282,4.569871794871797,216.02564102564102,0.0
20220104,02,-0.87,7.005732484076435,89.15286624203821,7.397435897435898,0.4114649681528664,0.643312101910828,0,31317.5,4.487179487179488,211.66666666666666,0.0
20220104,03,-0.71,6.942675159235669,89.85350318471338,7.5,0.4847133757961785,0.6624203821656051,0.0,30518.846153846152,4.331410256410257,211.4102564102564,0.0
20220104,04,-0.5,6.917834394904459,90.40764331210191,7.634615384615385,0.5573248407643311,0.6878980891719745,0.0,27657.884615384617,4.2205128205128215,212.62820512820514,0.0
20220104,05,-0.26,6.7904458598726105,91.828025477707,7.666666666666667,0.661783439490446,0.7261146496815286,0.0,25597.05128205128,4.105128205128204,210.0,0.0
20220104,06,-0.0,6.781528662420384,92.14649681528662,7.5256410256410255,0.764968152866242,0.7261146496815286,0.0,24205.70512820513,4.0262820512820525,209.35897435897436,0.0
20220104,07,0.26,6.731847133757964,92.56050955414013,7.538461538461538,0.8095541401273888,0.7579617834394905,0.0,23080.25641025641,4.119230769230767,210.96153846153845,0.25
20220104,08,0.5,6.754140127388534,92.81528662420382,7.660256410256411,0.7579617834394904,0.7643312101910829,0.0,24004.55128205128,4.166666666666667,211.7948717948718,64.75
20220104,09,0.71,6.877070063694269,92.61783439490446,7.544871794871795,0.7365384615384616,0.7628205128205128,0.0,23596.02564102564,4.163461538461537,209.67948717948718,523.5
20220104,10,0.87,7.114649681528659,91.36305732484077,7.519230769230769,0.7490322580645161,0.8,0.006369426751592357,25644.55128205128,4.303205128205134,221.28205128205127,1257.0
20220104,11,0.97,7.216560509554137,90.01910828025478,7.660256410256411,0.7019230769230769,0.8461538461538461,0.3184713375796178,25769.74358974359,4.516666666666666,229.42307692307693,1957.5
20220104,12,1.0,7.314012738853503,88.92993630573248,7.519230769230769,0.6564102564102561,0.8782051282051282,0.8471337579617835,25844.55128205128,4.56217948717949,244.2948717948718,2481.0
20220104,13,0.97,7.262420382165604,88.14649681528662,7.532051282051282,0.6356687898089174,0.8598726114649682,1.8407643312101911,28398.52564102564,4.771153846153844,254.48717948717947,2451.75
20220104,14,0.87,6.966878980891721,88.17834394904459,7.480769230769231,0.5694267515923567,0.7834394904458599,0.7898089171974523,29227.4358974359,4.898717948717948,255.19230769230768,1323.0
20220104,15,0.71,6.470063694267513,88.21019108280255,7.211538461538462,0.4904458598726112,0.7898089171974523,0.5796178343949044,34136.53846153846,4.8865384615384615,263.97435897435895,441.0
20220104,16,0.5,5.9165605095541425,89.02547770700637,7.032051282051282,0.3286624203821656,0.7643312101910829,0.03821656050955414,35019.42307692308,4.778205128205127,260.5769230769231,21.0
20220104,17,0.26,5.429299363057328,89.54140127388536,7.134615384615385,0.28216560509554145,0.7197452229299363,0.0,37158.333333333336,4.799999999999998,262.3076923076923,0.0
20220104,18,0.0,4.994267515923567,89.99363057324841,7.102564102564102,0.2796178343949045,0.6751592356687898,0.0,37608.58974358974,4.47371794871795,259.03846153846155,0.0
20220104,19,-0.26,4.608917197452227,90.07643312101911,6.9423076923076925,0.26751592356687914,0.6242038216560509,0.0,39254.10256410256,4.252903225806454,258.83870967741933,0.0
20220104,20,-0.5,4.285350318471338,90.03184713375796,6.660256410256411,0.25987261146496826,0.5859872611464968,0.0,36945.192307692305,4.189677419354837,254.32258064516128,0.0
20220104,21,-0.71,3.8949044585987256,90.85987261146497,6.506410256410256,0.30636942675159257,0.5732484076433121,0,35357.5641025641,4.04,253.67741935483872,0.0
20220104,22,-0.87,3.7216560509554135,90.85987261146497,6.532051282051282,0.24713375796178347,0.5859872611464968,0,33522.6282051282,3.981290322580646,246.96774193548387,0.0
20220104,23,-0.97,3.522292993630574,90.828025477707,6.634615384615385,0.3140127388535033,0.643312101910828,0,31347.884615384617,4.087741935483871,244.70967741935485,0.0
20220105,00,-1.0,3.2700636942675163,90.86624203821655,6.564102564102564,0.30636942675159234,0.6560509554140127,0,31778.52564102564,4.256129032258065,245.29032258064515,0.0
20220105,01,-0.97,3.042675159235668,90.96178343949045,6.596153846153846,0.3082802547770702,0.6942675159235668,0,28694.23076923077,4.409090909090907,240.7741935483871,0.0
20220105,02,-0.87,2.798089171974523,90.8407643312102,6.371794871794871,0.33375796178343964,0.6942675159235668,0,28856.21794871795,4.664935064935064,239.41558441558442,0.0
20220105,03,-0.71,2.521656050955415,90.65605095541402,6.217948717948718,0.3477707006369427,0.6687898089171974,0.0,29396.858974358973,4.959740259740261,238.83116883116884,0.0
20220105,04,-0.5,2.245859872611465,90.15286624203821,6.262820512820513,0.38152866242038225,0.6687898089171974,0.0,28895.0,5.133116883116882,240.12987012987014,0.0
20220105,05,-0.26,2.010828025477708,89.27388535031847,6.435897435897436,0.33312101910828046,0.6815286624203821,0.0,31430.833333333332,5.332467532467537,246.62337662337663,0.0
20220105,06,-0.0,1.7974522292993627,88.49044585987261,6.455128205128205,0.24331210191082805,0.643312101910828,0.0,31504.74358974359,5.4409090909090905,251.03896103896105,0.0
20220105,07,0.26,1.6019108280254772,87.77070063694268,6.339743589743589,0.1910828025477707,0.6305732484076433,0.0,31909.80769230769,5.637012987012985,251.62337662337663,0.0
20220105,08,0.5,1.4789808917197445,86.37579617834395,6.264516129032258,0.17133757961783438,0.5987261146496815,0.006369426751592357,31790.576923076922,5.867741935483873,253.2258064516129,157.0
20220105,09,0.71,1.5184713375796182,85.21019108280255,6.354838709677419,0.12929936305732484,0.5987261146496815,6.554140127388535,33457.3717948718,6.137419354838711,254.06451612903226,1369.5
20220105,10,0.87,1.7579617834394905,82.87261146496816,6.309677419354839,0.1127388535031847,0.5605095541401274,11.89171974522293,36239.48717948718,6.583870967741937,251.7948717948718,3533.75
20220105,11,0.97,1.8898089171974508,81.21656050955414,6.57051282051282,0.16114649681528662,0.5668789808917197,11.121019108280255,37191.41025641026,6.982692307692305,254.48717948717947,5400.75
20220105,12,1.0,2.0802547770700657,79.80891719745223,6.741935483870968,0.12420382165605096,0.4713375796178344,10.273885350318471,37890.1282051282,7.262179487179483,253.78205128205127,6111.0
20220105,13,0.97,2.1617834394904443,79.42038216560509,6.8076923076923075,0.08726114649681527,0.5222929936305732,8.51592356687898,38566.92307692308,7.331410256410257,255.7051282051282,5225.25
20220105,14,0.87,2.196815286624202,79.59872611464968,7.032051282051282,0.07961783439490445,0.5159235668789809,6.197452229299363,39888.653846153844,7.25833333333333,252.5,3323.75
20220105,15,0.71,2.150955414012739,80.55414012738854,7.076923076923077,0.08025477707006366,0.6305732484076433,4.694267515923567,39950.1282051282,7.069871794871792,253.26923076923077,1188.0
20220105,16,0.5,2.077707006369428,81.81528662420382,6.993589743589744,0.121656050955414,0.6560509554140127,1.2356687898089171,36910.320512820515,6.700641025641023,254.42307692307693,89.5
20220105,17,0.26,2.0789808917197448,82.47133757961784,6.92948717948718,0.10641025641025638,0.6538461538461539,0.0,37213.14102564102,6.576282051282051,258.3333333333333,0.0
20220105,18,0.0,2.143312101910828,82.65605095541402,7.102564102564102,0.09871794871794871,0.6282051282051282,0.0,36312.243589743586,6.451282051282051,260.12820512820514,0.0
20220105,19,-0.26,2.1885350318471337,82.67515923566879,7.243589743589744,0.07948717948717948,0.6730769230769231,0.0,38267.820512820515,6.321153846153848,263.20512820512823,0.0
20220105,20,-0.5,2.136942675159235,83.14649681528662,7.141025641025641,0.07371794871794873,0.6538461538461539,0.0,37743.97435897436,6.234615384615389,266.6025641025641,0.0
20220105,21,-0.71,2.070700636942676,83.23566878980891,6.916666666666667,0.07628205128205126,0.6923076923076923,0,35854.35897435898,6.001282051282053,264.93589743589746,0.0
20220105,22,-0.87,1.9738853503184708,83.15286624203821,6.67948717948718,0.0662420382165605,0.6305732484076433,0,35112.05128205128,5.853846153846154,268.97435897435895,0.0
20220105,23,-0.97,1.836942675159236,83.50955414012739,6.532051282051282,0.07261146496815286,0.6751592356687898,0,33868.01282051282,5.667307692307691,269.93589743589746,0.0
20220106,00,-1.0,1.632484076433121,84.3312101910828,6.538461538461538,0.07388535031847132,0.7006369426751592,0,34210.192307692305,5.4608974358974365,275.44871794871796,0.0
20220106,01,-0.97,1.393630573248408,85.0828025477707,6.346153846153846,0.07324840764331209,0.6878980891719745,0,32202.75641025641,5.223076923076924,273.2692307692308,0.0
20220106,02,-0.87,1.1324840764331217,85.59872611464968,6.108974358974359,0.06496815286624205,0.6560509554140127,0,35276.666666666664,4.925641025641028,278.20512820512823,0.0
20220106,03,-0.71,0.9433121019108284,85.61146496815287,5.916666666666667,0.06794871794871794,0.6025641025641025,0.0,36022.820512820515,4.757692307692306,279.61538461538464,0.0
20220106,04,-0.5,0.6808917197452228,86.38853503184713,5.532051282051282,0.08269230769230768,0.5641025641025641,0.0,36602.88461538462,4.625641025641027,281.53846153846155,0.0
20220106,05,-0.26,0.4235668789808916,86.7452229299363,5.064102564102564,0.044871794871794865,0.4935897435897436,0.0,36413.01282051282,4.467307692307694,281.21794871794873,0.0
20220106,06,-0.0,0.18917197452229298,86.63694267515923,4.762820512820513,0.10573248407643313,0.4394904458598726,0.0,36217.5,4.162820512820512,271.0897435897436,0.0
20220106,07,0.26,-0.05031847133757967,86.86624203821655,4.160256410256411,0.04076433121019107,0.3630573248407643,0.0,38178.01282051282,3.9762820512820496,273.78205128205127,0.0
20220106,08,0.5,-0.22484076433121022,87.54777070063695,4.0256410256410255,0.019745222929936305,0.3248407643312102,1.535031847133758,37885.89743589744,3.75448717948718,269.55128205128204,307.5
20220106,09,0.71,0.27961783439490445,85.43312101910828,3.608974358974359,0.03248407643312102,0.22929936305732485,24.394904458598727,37667.5,3.5474358974358964,269.4871794871795,2847.5
20220106,10,0.87,1.0617834394904453,82.18471337579618,3.4193548387096775,0.01337579617834395,0.2229299363057325,35.243589743589745,39549.096774193546,3.588461538461538,269.29487179487177,6615.5
20220106,11,0.97,1.7343949044585985,78.78343949044586,3.490322580645161,0.012101910828025477,0.17834394904458598,37.08974358974359,41623.16129032258,3.7358974358974333,270.8974358974359,9747.5
20220106,12,1.0,2.211464968152865,75.60509554140127,3.301282051282051,0.010191082802547772,0.15286624203821655,38.0,43924.230769230766,3.730128205128205,273.2692307692308,10977.0
20220106,13,0.97,2.5267515923566872,73.80254777070064,3.0128205128205128,0.0057324840764331215,0.1337579617834395,39.28846153846154,45451.346153846156,3.622435897435896,273.2692307692308,10043.25
20220106,14,0.87,2.336942675159234,74.45859872611464,2.7371794871794872,0.024203821656050957,0.15286624203821655,39.05128205128205,45393.205128205125,3.405769230769232,264.1666666666667,6837.75
20220106,15,0.71,1.757324840764332,77.56050955414013,2.4935897435897436,0.029299363057324845,0.17197452229299362,33.17307692307692,44754.230769230766,2.8173076923076925,261.6025641025641,2662.0
20220106,16,0.5,0.521656050955414,83.48407643312102,2.2948717948717947,0.0006369426751592357,0.08280254777070063,4.25,40391.282051282054,2.3878205128205137,240.32051282051282,166.25
20220106,17,0.26,-0.06114649681528654,86.19745222929936,2.1346153846153846,0.0,0.050955414012738856,0.0,37157.3717948718,2.3134615384615396,216.73076923076923,0.0
20220106,18,0.0,-0.5452229299363056,88.30573248407643,2.0064102564102564,0.0006369426751592357,0.044585987261146494,0.0,32809.743589743586,2.467948717948717,211.53846153846155,0.0
20220106,19,-0.26,-0.8165605095541401,89.42038216560509,2.448717948717949,0.0,0.050955414012738856,0.0,30613.846153846152,2.534615384615385,206.0897435897436,0.0
20220106,20,-0.5,-0.9987261146496812,90.22929936305732,2.7628205128205128,0.0,0.025477707006369428,0.0,27942.24358974359,2.7160256410256407,200.64102564102564,0.0
20220106,21,-0.71,-1.159872611464968,90.67515923566879,3.378205128205128,0.0019108280254777072,0.01910828025477707,0,27167.4358974359,2.835897435897437,198.07692307692307,0.0
20220106,22,-0.87,-1.2382165605095539,90.42038216560509,3.9166666666666665,0.0,0.012738853503184714,0,26586.02564102564,2.9641025641025656,190.83333333333334,0.0
20220106,23,-0.97,-1.3414012738853498,90.46496815286625,4.333333333333333,0.0012738853503184715,0.012738853503184714,0,25664.615384615383,3.151923076923077,192.24358974358975,0.0
20220107,00,-1.0,-1.3579617834394906,90.1592356687898,5.121794871794871,0.0,0.025477707006369428,0,24305.0641025641,3.3352564102564113,186.21794871794873,0.0
20220107,01,-0.97,-1.3203821656050954,89.70700636942675,5.493589743589744,0.0,0.025477707006369428,0,23957.75641025641,3.5442307692307704,188.01282051282053,0.0
20220107,02,-0.87,-1.2987261146496818,89.40764331210191,6.051282051282051,0.008280254777070065,0.08280254777070063,0,23505.51282051282,3.742307692307692,189.55128205128204,0.0
20220107,03,-0.71,-1.265605095541402,89.40764331210191,6.711538461538462,0.016560509554140127,0.1337579617834395,0.0,24140.0641025641,4.013461538461538,188.39743589743588,0.0
20220107,04,-0.5,-1.2554140127388542,89.3375796178344,6.955128205128205,0.031210191082802544,0.17197452229299362,0.0,24171.79487179487,4.064516129032256,191.67741935483872,0.0
20220107,05,-0.26,-1.1305732484076432,89.20382165605096,7.153846153846154,0.024840764331210196,0.22929936305732485,0.0,24302.371794871793,4.318064516129032,191.29032258064515,0.0
20220107,06,-0.0,-0.9764331210191084,88.82165605095541,7.333333333333333,0.030573248407643312,0.3057324840764331,0.0,24385.32051282051,4.594838709677419,191.48387096774192,0.0
20220107,07,0.26,-0.8566878980891718,88.80891719745223,7.519230769230769,0.03461538461538461,0.3525641025641026,0.0,24409.9358974359,4.801935483870966,193.29032258064515,0.25
20220107,08,0.5,-0.6038216560509556,88.32484076433121,7.67948717948718,0.04743589743589741,0.4166666666666667,1.0705128205128205,25231.02564102564,4.90903225806452,194.1290322580645,250.25
20220107,09,0.71,-0.26050955414012733,88.07006369426752,7.538461538461538,0.05064102564102563,0.4807692307692308,2.16025641025641,23897.371794871793,5.158333333333333,195.76923076923077,1438.75
20220107,10,0.87,0.11719745222929939,87.70700636942675,7.615384615384615,0.0641025641025641,0.5128205128205128,3.2628205128205128,23579.615384615383,5.255769230769234,197.8846153846154,2813.75
20220107,11,0.97,0.4585987261146496,87.26751592356688,7.506410256410256,0.08216560509554137,0.5286624203821656,4.371794871794871,24449.48717948718,5.295512820512819,201.92307692307693,3881.25
20220107,12,1.0,0.8044585987261142,86.50955414012739,7.615384615384615,0.06369426751592354,0.5477707006369427,5.185897435897436,25764.358974358973,5.333974358974358,205.0,4130.0
20220107,13,0.97,0.9968152866242035,86.61146496815287,7.602564102564102,0.06687898089171972,0.5859872611464968,4.2243589743589745,27052.05128205128,5.231410256410253,207.1153846153846,3289.5
20220107,14,0.87,1.0847133757961778,87.0,7.42948717948718,0.0464968152866242,0.6305732484076433,1.9294871794871795,26485.0,5.134615384615382,208.2051282051282,1873.75
20220107,15,0.71,1.026114649681529,88.07006369426752,7.455128205128205,0.055414012738853484,0.6305732484076433,1.0512820512820513,26123.46153846154,4.852564102564102,208.07692307692307,680.0
20220107,16,0.5,0.9312101910828023,89.12101910828025,7.333333333333333,0.059235668789808925,0.6560509554140127,0.01282051282051282,23579.166666666668,4.6980769230769255,208.84615384615384,48.0
20220107,17,0.26,0.8343949044585985,90.08917197452229,7.25,0.08343949044585985,0.6624203821656051,0.0,22835.128205128207,4.626282051282052,208.01282051282053,0.0
20220107,18,0.0,0.8095541401273885,90.5031847133758,7.346153846153846,0.08980891719745221,0.6942675159235668,0.0,21581.79487179487,4.603846153846152,208.71794871794873,0.0
20220107,19,-0.26,0.7796178343949041,90.828025477707,7.384615384615385,0.08152866242038212,0.6942675159235668,0.0,23081.666666666668,4.556410256410258,207.30769230769232,0.0
20220107,20,-0.5,0.7585987261146497,91.21019108280255,7.461538461538462,0.0808917197452229,0.5732484076433121,0.0,24389.615384615383,4.43397435897436,208.07692307692307,0.0
20220107,21,-0.71,0.8133757961783441,90.85987261146497,7.455128205128205,0.06433121019108277,0.5987261146496815,0,25553.653846153848,4.471153846153848,210.06410256410257,0.0
20220107,22,-0.87,0.7885350318471336,90.80254777070064,7.256410256410256,0.10764331210191082,0.5732484076433121,0,25887.371794871793,4.39423076923077,208.39743589743588,0.0
20220107,23,-0.97,0.7324840764331207,91.07006369426752,7.134615384615385,0.15987261146496817,0.5222929936305732,0,26560.25641025641,4.303846153846151,208.07692307692307,0.0
20220108,00,-1.0,0.6617834394904457,90.87898089171975,6.871794871794871,0.16496815286624208,0.535031847133758,0,27200.44871794872,4.135256410256413,204.16666666666666,0.0
20220108,01,-0.97,0.5662420382165605,90.94904458598727,6.82051282051282,0.20445859872611474,0.5095541401273885,0,26811.73076923077,4.03076923076923,202.37179487179486,0.0
20220108,02,-0.87,0.38598726114649706,91.54777070063695,6.743589743589744,0.23821656050955417,0.47770700636942676,0,24328.20512820513,3.808333333333335,205.89743589743588,0.0
20220108,03,-0.71,0.23630573248407652,92.14012738853503,6.493589743589744,0.3063694267515925,0.5095541401273885,0.0,22495.25641025641,3.7230769230769227,209.03846153846155,0.0
20220108,04,-0.5,0.1694267515923567,92.23566878980891,6.647435897435898,0.26114649681528657,0.46496815286624205,0.0,23143.78205128205,3.6583333333333328,214.87179487179486,0.0
20220108,05,-0.26,0.14713375796178343,92.1592356687898,6.916666666666667,0.19171974522292998,0.49044585987261147,0.0,21687.115384615383,3.715384615384614,212.43589743589743,0.0
20220108,06,-0.0,0.18726114649681513,92.05095541401273,6.897435897435898,0.16114649681528662,0.46496815286624205,0.0,21439.29487179487,3.7128205128205125,225.3846153846154,0.0
20220108,07,0.26,0.17579617834394906,92.03821656050955,6.961538461538462,0.1382165605095541,0.4140127388535032,0.0,19498.589743589742,3.912820512820514,225.32051282051282,0.0
20220108,08,0.5,0.17133757961783433,91.68152866242038,6.814102564102564,0.1178343949044586,0.42038216560509556,0.34838709677419355,19480.0641025641,4.014743589743589,230.64102564102564,105.0
20220108,09,0.71,0.4038216560509551,90.35668789808918,6.948717948717949,0.10636942675159235,0.4713375796178344,4.141935483870967,21715.51282051282,4.022435897435899,236.02564102564102,1027.0
20220108,10,0.87,0.7910828025477703,88.54140127388536,7.051282051282051,0.07643312101910826,0.42038216560509556,10.438709677419356,24931.602564102563,4.33483870967742,232.0,2533.25
20220108,11,0.97,1.1363057324840762,86.80254777070064,7.0,0.047133757961783436,0.4012738853503185,11.07741935483871,28595.0641025641,4.650322580645161,234.25806451612902,4139.0
20220108,12,1.0,1.405095541401274,84.86624203821655,7.0576923076923075,0.04522292993630572,0.3503184713375796,12.251612903225807,30587.05128205128,4.943225806451614,232.6451612903226,4973.5
20220108,13,0.97,1.5719745222929937,83.13375796178345,7.019230769230769,0.04394904458598726,0.2929936305732484,12.316129032258065,34000.320512820515,5.11225806451613,226.19354838709677,4563.0
20220108,14,0.87,1.510191082802548,82.56410256410257,7.083870967741936,0.03269230769230769,0.2692307692307692,10.825806451612904,35922.12903225807,5.158064516129034,220.70967741935485,3357.75
20220108,15,0.71,1.1726114649681534,83.19108280254777,6.651612903225806,0.025000000000000005,0.23717948717948717,6.7290322580645165,36245.256410256414,4.921935483870966,212.6451612903226,1383.0
20220108,16,0.5,0.8012738853503184,84.3312101910828,6.852564102564102,0.03694267515923567,0.267515923566879,1.3096774193548386,35711.60256410256,4.676774193548388,201.93548387096774,94.5
20220108,17,0.26,0.5910828025477707,84.95541401273886,6.993589743589744,0.029299363057324838,0.29936305732484075,0.0,33285.1282051282,4.65741935483871,193.5483870967742,0.0
20220108,18,0.0,0.4522292993630572,85.48407643312102,6.794871794871795,0.02611464968152866,0.3885350318471338,0.0,32989.55128205128,4.892903225806448,181.8709677419355,0.0
20220108,19,-0.26,0.47898089171974545,85.73248407643312,6.993589743589744,0.04331210191082802,0.40764331210191085,0.0,34263.333333333336,5.20516129032258,175.74193548387098,0.0
20220108,20,-0.5,0.5382165605095545,85.52866242038216,7.032051282051282,0.04968152866242038,0.445859872611465,0.0,34924.35897435898,5.310322580645163,172.06451612903226,0.0
20220108,21,-0.71,0.5968152866242038,85.57961783439491,7.314102564102564,0.06687898089171973,0.45222929936305734,0,35667.820512820515,5.481290322580648,168.4516129032258,0.0
20220108,22,-0.87,0.6834394904458602,85.28025477707007,7.403846153846154,0.1261146496815287,0.445859872611465,0,35732.692307692305,5.590322580645158,166.6451612903226,0.0
20220108,23,-0.97,0.7356687898089177,85.43949044585987,7.487179487179487,0.18280254777070062,0.5095541401273885,0,35574.10256410256,5.658064516129033,161.2258064516129,0.0
20220109,00,-1.0,0.7815286624203821,86.01910828025478,7.551282051282051,0.24649681528662423,0.5796178343949044,0,32743.076923076922,5.672903225806453,160.6451612903226,0.0
20220109,01,-0.97,0.8777070063694268,86.4968152866242,7.467948717948718,0.28216560509554145,0.5987261146496815,0,30791.79487179487,5.6367741935483835,163.3548387096774,0.0
20220109,02,-0.87,0.9707006369426748,87.31847133757962,7.512820512820513,0.3101910828025478,0.6560509554140127,0,29939.03846153846,5.62709677419355,167.2258064516129,0.0
20220109,03,-0.71,1.0770700636942674,87.31210191082802,7.423076923076923,0.3554140127388535,0.6687898089171974,0.0,30543.97435897436,5.619999999999999,175.29032258064515,0.0
20220109,04,-0.5,1.1554140127388532,87.92356687898089,7.397435897435898,0.445859872611465,0.7388535031847133,0.0,29984.423076923078,5.656774193548384,181.74193548387098,0.0
20220109,05,-0.26,1.2318471337579617,87.98089171974522,7.467948717948718,0.42101910828025485,0.7452229299363057,0.0,29014.423076923078,5.601290322580645,186.90322580645162,0.0
20220109,06,-0.0,1.2828025477707004,87.828025477707,7.606451612903226,0.4261146496815289,0.7707006369426752,0.0,26694.23076923077,5.736774193548385,192.90322580645162,0.0
20220109,07,0.26,1.284713375796178,88.08917197452229,7.589743589743589,0.37961783439490465,0.8089171974522293,0.0,26125.576923076922,5.796129032258062,198.1290322580645,0.0
20220109,08,0.5,1.411464968152866,87.86624203821655,7.634615384615385,0.2923566878980892,0.7898089171974523,0.07741935483870968,26543.71794871795,5.681290322580644,204.1290322580645,103.25
20220109,09,0.71,1.5726114649681522,87.63694267515923,7.532051282051282,0.2745222929936306,0.7579617834394905,1.6,27395.0641025641,5.659354838709678,211.61290322580646,912.75
20220109,10,0.87,1.8859872611464965,86.82165605095541,7.487179487179487,0.2261146496815287,0.7006369426751592,3.1806451612903226,29368.97435897436,5.541290322580646,217.3548387096774,2392.75
20220109,11,0.97,2.226751592356688,86.19108280254777,7.506410256410256,0.21719745222929937,0.7006369426751592,3.729032258064516,30230.32051282051,5.518064516129033,220.32258064516128,3922.5
20220109,12,1.0,2.497452229299363,85.35668789808918,7.506410256410256,0.15350318471337585,0.6942675159235668,4.535483870967742,32602.05128205128,5.4,222.58064516129033,4609.75
20220109,13,0.97,2.635031847133759,85.32484076433121,7.423076923076923,0.16178343949044582,0.6942675159235668,4.670967741935484,30134.80769230769,5.134838709677422,226.4516129032258,4282.75
20220109,14,0.87,2.6535031847133754,85.5031847133758,7.371794871794871,0.18216560509554144,0.6751592356687898,4.748387096774193,32132.4358974359,4.7522580645161305,229.67741935483872,3056.75
20220109,15,0.71,2.510828025477708,86.26114649681529,7.326923076923077,0.15668789808917194,0.6624203821656051,2.729032258064516,32376.923076923078,4.312258064516128,228.96774193548387,1423.5
20220109,16,0.5,2.2019108280254778,88.22929936305732,7.365384615384615,0.17070063694267523,0.5796178343949044,1.0258064516129033,30241.602564102563,3.8941935483870984,230.4516129032258,155.25
20220109,17,0.26,1.9987261146496809,89.30573248407643,7.403846153846154,0.1477707006369427,0.5605095541401274,0.0,29652.05128205128,3.5174193548387085,228.0,0.0
20220109,18,0.0,1.798089171974522,90.75796178343948,7.288461538461538,0.13949044585987264,0.535031847133758,0.0,26591.410256410258,3.2129032258064516,226.32258064516128,0.0
20220109,19,-0.26,1.7388535031847125,91.2547770700637,7.121794871794871,0.09681528662420383,0.4585987261146497,0.0,26343.333333333332,3.029677419354838,227.61290322580646,0.0
20220109,20,-0.5,1.5649681528662422,91.9171974522293,7.07051282051282,0.0662420382165605,0.45222929936305734,0.0,25446.53846153846,2.86258064516129,222.7741935483871,0.0
20220109,21,-0.71,1.4509554140127392,92.52229299363057,7.1923076923076925,0.0464968152866242,0.42038216560509556,0,22509.358974358973,2.761290322580645,224.83870967741936,0.0
20220109,22,-0.87,1.421019108280255,92.81528662420382,7.3076923076923075,0.05668789808917197,0.3885350318471338,0,22081.602564102563,2.6245161290322576,223.93548387096774,0.0
20220109,23,-0.97,1.2898089171974527,93.26114649681529,7.2756410256410255,0.05222929936305732,0.3248407643312102,0,20165.19230769231,2.4819354838709686,230.0,0.0
20220110,00,-1.0,1.1898089171974517,93.61146496815287,7.153846153846154,0.06815286624203822,0.2802547770700637,0,19194.358974358973,2.3464516129032247,223.16129032258064,0.0
20220110,01,-0.97,1.0821656050955406,93.94904458598727,6.987179487179487,0.03949044585987261,0.267515923566879,0,18078.20512820513,2.259354838709678,228.6451612903226,0.0
20220110,02,-0.87,0.9560509554140129,94.32484076433121,7.032051282051282,0.017834394904458598,0.3184713375796178,0,16517.82051282051,2.1264516129032263,227.09677419354838,0.0
20220110,03,-0.71,0.8592356687898097,94.78343949044586,7.352564102564102,0.01847133757961784,0.28662420382165604,0.0,14677.75641025641,2.0367741935483883,226.83870967741936,0.0
20220110,04,-0.5,0.8050955414012735,94.99363057324841,7.378205128205129,0.014012738853503185,0.31210191082802546,0.0,13169.102564102564,2.0051612903225804,227.93548387096774,0.0
20220110,05,-0.26,0.7681528662420384,94.87261146496816,7.448717948717949,0.016560509554140127,0.31210191082802546,0.0,12193.910256410256,1.983870967741935,238.70967741935485,0.0
20220110,06,-0.0,0.7203821656050956,95.14649681528662,7.42948717948718,0.010191082802547772,0.3057324840764331,0.0,11888.205128205129,1.9541935483870978,230.25806451612902,0.0
20220110,07,0.26,0.6375796178343949,95.36942675159236,7.243589743589744,0.006369426751592357,0.3375796178343949,0.0,10619.74358974359,1.9064516129032252,220.1290322580645,0.0
20220110,08,0.5,0.6484076433121018,95.27388535031847,7.141025641025641,0.017834394904458598,0.3057324840764331,0.05161290322580645,10585.961538461539,1.962580645161289,214.96774193548387,141.5
20220110,09,0.71,0.9980891719745221,94.14012738853503,7.128205128205129,0.014012738853503185,0.28662420382165604,3.6903225806451614,10458.52564102564,2.0219354838709673,216.70967741935485,1415.0
20220110,10,0.87,1.551592356687898,92.21019108280255,7.083333333333333,0.007643312101910829,0.2229299363057325,7.580645161290323,11668.461538461539,2.032258064516129,211.3548387096774,3508.0
20220110,11,0.97,2.066878980891721,90.03821656050955,6.8076923076923075,0.02484076433121019,0.21656050955414013,9.406451612903226,13952.564102564103,2.1464516129032245,225.5483870967742,5190.5
20220110,12,1.0,2.4993630573248407,88.21019108280255,6.608974358974359,0.008280254777070062,0.22929936305732485,11.509677419354839,15893.846153846154,2.2187096774193553,219.29032258064515,5854.25
20220110,13,0.97,2.6980891719745226,87.2484076433121,6.483870967741935,0.010828025477707006,0.20382165605095542,12.623376623376624,17082.5641025641,2.294805194805195,221.80645161290323,5313.5
20220110,14,0.87,2.7375796178343945,87.10828025477707,6.303225806451613,0.012738853503184714,0.2229299363057325,12.856209150326798,17405.483870967742,2.274675324675324,211.23376623376623,3731.75
20220110,15,0.71,2.456050955414011,88.47133757961784,6.403846153846154,0.008280254777070062,0.267515923566879,10.411764705882353,16556.967741935485,2.1292207792207782,197.5974025974026,1660.25
20220110,16,0.5,1.966242038216561,90.68152866242038,6.205128205128205,0.018471337579617837,0.22929936305732485,2.3181818181818183,14904.615384615385,2.01741935483871,194.19354838709677,183.5
20220110,17,0.26,1.5369426751592363,91.89808917197452,6.217948717948718,0.02101910828025478,0.267515923566879,0.0,13152.5,1.9896774193548386,184.70967741935485,0.0
20220110,18,0.0,1.219108280254777,92.68152866242038,6.064102564102564,0.021656050955414015,0.267515923566879,0.0,12002.884615384615,2.010967741935483,160.06451612903226,0.0
20220110,19,-0.26,0.9764331210191082,92.84713375796179,5.961538461538462,0.020382165605095544,0.2611464968152866,0.0,11627.820512820514,2.0929032258064497,160.1290322580645,0.0
20220110,20,-0.5,0.7439490445859873,93.12101910828025,6.012820512820513,0.015286624203821658,0.22929936305732485,0.0,11315.641025641025,2.0793548387096776,160.4516129032258,0.0
20220110,21,-0.71,0.5936305732484076,93.43949044585987,6.0256410256410255,0.008280254777070065,0.1910828025477707,0,10606.666666666666,2.0529032258064523,155.80645161290323,0.0
20220110,22,-0.87,0.3878980891719745,93.26114649681529,5.819354838709677,0.007643312101910828,0.20382165605095542,0,10989.615384615385,2.086451612903226,165.5483870967742,0.0
20220110,23,-0.97,0.13821656050955405,93.70700636942675,5.967741935483871,0.005095541401273885,0.1910828025477707,0,10232.371794871795,2.101290322580645,158.83870967741936,0.0
20220111,00,-1.0,-0.019745222929936333,93.96815286624204,6.07051282051282,0.002547770700636943,0.17197452229299362,0,9844.679487179486,2.0477419354838715,160.96774193548387,0.0
20220111,01,-0.97,-0.16369426751592367,94.2547770700637,6.480769230769231,0.0044585987261146496,0.1464968152866242,0,9801.02564102564,2.0980645161290323,146.1290322580645,0.0
20220111,02,-0.87,-0.2859872611464969,94.3375796178344,6.788461538461538,0.005732484076433121,0.12738853503184713,0,9150.961538461539,2.203870967741934,137.5483870967742,0.0
20220111,03,-0.71,-0.3834394904458595,94.32484076433121,6.711538461538462,0.0019108280254777072,0.1592356687898089,0.0,9513.461538461539,2.1438709677419356,128.06451612903226,0.0
20220111,04,-0.5,-0.5006369426751592,94.23566878980891,6.748387096774193,0.0,0.12738853503184713,0.0,10179.102564102564,2.15290322580645,137.74193548387098,0.0
20220111,05,-0.26,-0.6121019108280257,94.24203821656052,6.696774193548387,0.0006369426751592357,0.12738853503184713,0.0,10400.76923076923,2.151612903225808,140.4516129032258,0.0
20220111,06,-0.0,-0.7229299363057322,93.96178343949045,6.509677419354839,0.0038216560509554145,0.14012738853503184,0.0,11386.98717948718,2.2709677419354843,138.70967741935485,0.0
20220111,07,0.26,-0.7777070063694265,93.8343949044586,6.314102564102564,0.003821656050955414,0.1337579617834395,0.0,11026.858974358975,2.3032258064516125,134.4516129032258,0.0
20220111,08,0.5,-0.8292993630573244,93.70063694267516,5.993589743589744,0.003821656050955414,0.10828025477707007,1.5806451612903225,11438.910256410256,2.2993548387096765,132.19354838709677,286.5
20220111,09,0.71,-0.4012738853503184,91.9171974522293,5.980645161290322,0.002547770700636943,0.09554140127388536,12.206451612903226,13326.47435897436,2.3974193548387093,133.41935483870967,2128.0
20220111,10,0.87,0.11464968152866244,89.75796178343948,5.903225806451613,0.0,0.07643312101910828,16.27741935483871,16335.0,2.467741935483872,119.93548387096774,5080.25
20220111,11,0.97,0.6203821656050957,87.19745222929936,5.864516129032258,0.0,0.07006369426751592,18.529032258064515,19975.76923076923,2.6290322580645165,123.35483870967742,7550.25
20220111,12,1.0,1.062420382165605,84.56687898089172,5.82051282051282,0.0,0.05732484076433121,19.92258064516129,23522.94871794872,2.722580645161291,126.96774193548387,8461.25
20220111,13,0.97,1.418471337579618,82.59235668789809,5.9743589743589745,0.0,0.03184713375796178,20.496774193548386,26061.53846153846,2.7916129032258077,136.96774193548387,7424.0
20220111,14,0.87,1.3808917197452228,81.99363057324841,5.967948717948718,0.0,0.03821656050955414,20.36774193548387,28080.44871794872,2.8006451612903223,142.32258064516128,5086.25
20220111,15,0.71,0.9878980891719746,83.35031847133757,6.115384615384615,0.0006369426751592357,0.03184713375796178,14.673076923076923,28684.358974358973,2.6748387096774215,150.06451612903226,2015.75
20220111,16,0.5,0.43184713375796174,85.18471337579618,6.147435897435898,0.001910828025477707,0.03821656050955414,3.128205128205128,28179.48717948718,2.5225806451612915,142.19354838709677,188.0
20220111,17,0.26,0.06114649681528669,86.30573248407643,6.102564102564102,0.0012738853503184715,0.03821656050955414,0.0,26392.75641025641,2.496774193548388,145.61290322580646,0.0
20220111,18,0.0,-0.2573248407643311,87.34394904458598,6.147435897435898,0.0044585987261146496,0.044585987261146494,0.0,24475.25641025641,2.4245161290322588,138.70967741935485,0.0
20220111,19,-0.26,-0.4828025477707004,87.71337579617834,6.198717948717949,0.008280254777070064,0.05732484076433121,0.0,23625.384615384617,2.4780645161290327,142.32258064516128,0.0
20220111,20,-0.5,-0.6694267515923563,88.24203821656052,6.269230769230769,0.014012738853503185,0.07643312101910828,0.0,23206.410256410258,2.536129032258064,150.1290322580645,0.0
20220111,21,-0.71,-0.8286624203821658,88.53503184713375,6.391025641025641,0.01337579617834395,0.08280254777070063,0,22061.21794871795,2.5696774193548393,153.61290322580646,0.0
20220111,22,-0.87,-0.9592356687898085,89.07643312101911,6.096153846153846,0.0044585987261146496,0.08280254777070063,0,20988.333333333332,2.51741935483871,160.19354838709677,0.0
20220111,23,-0.97,-1.0636942675159229,89.47133757961784,6.198717948717949,0.0006369426751592357,0.08280254777070063,0,20432.115384615383,2.4219354838709686,165.48387096774192,0.0
20220112,00,-1.0,-1.1363057324840762,89.4140127388535,6.352564102564102,0.002547770700636943,0.09554140127388536,0,20803.26923076923,2.443225806451613,176.83870967741936,0.0
20220112,01,-0.97,-1.2101910828025482,89.67515923566879,6.435897435897436,0.0012738853503184715,0.11464968152866242,0,21067.371794871793,2.4393548387096766,174.96774193548387,0.0
20220112,02,-0.87,-1.292356687898089,90.47133757961784,6.42948717948718,0.002547770700636943,0.12101910828025478,0,20147.30769230769,2.391612903225806,180.1290322580645,0.0
20220112,03,-0.71,-1.2834394904458601,90.67515923566879,6.7243589743589745,0.001282051282051282,0.08333333333333333,0.0,19062.94871794872,2.3632258064516143,188.96774193548387,0.0
20220112,04,-0.5,-1.2853503184713377,90.81528662420382,6.980769230769231,0.001282051282051282,0.12179487179487179,0.0,19193.397435897437,2.3645161290322596,189.29032258064515,0.0
20220112,05,-0.26,-1.2815286624203828,91.51592356687898,7.121794871794871,0.008974358974358974,0.16025641025641027,0.0,17400.0641025641,2.2664516129032246,191.48387096774192,0.0
20220112,06,-0.0,-1.2292993630573246,91.61783439490446,7.3076923076923075,0.003821656050955414,0.16560509554140126,0.0,18241.79487179487,2.175483870967741,194.19354838709677,0.0
20220112,07,0.26,-1.0923566878980893,91.09554140127389,7.301282051282051,0.0,0.1592356687898089,0.0,18142.82051282051,2.1799999999999997,200.38709677419354,0.0
20220112,08,0.5,-0.946496815286624,90.94904458598727,7.378205128205129,0.0,0.10191082802547771,0.8846153846153846,17405.897435897437,2.2316129032258063,201.16129032258064,241.0
20220112,09,0.71,-0.4573248407643312,89.45859872611464,7.365384615384615,0.0006369426751592357,0.10828025477707007,7.487179487179487,17871.602564102563,2.2393548387096778,206.0,1973.25
20220112,10,0.87,0.2980891719745222,87.52866242038216,7.0,0.000641025641025641,0.11538461538461539,13.301282051282051,19789.102564102563,2.419999999999999,210.32258064516128,4548.75
20220112,11,0.97,0.8961783439490442,85.35031847133757,6.923076923076923,0.0012738853503184715,0.08917197452229299,15.192307692307692,21199.29487179487,2.6277419354838716,217.48387096774192,6831.0
20220112,12,1.0,1.410191082802548,83.73248407643312,6.2756410256410255,0.0,0.08280254777070063,18.54140127388535,22296.858974358973,2.732258064516129,226.58064516129033,8460.75
20220112,13,0.97,1.7649681528662418,83.0,6.339743589743589,0.0,0.050955414012738856,19.146496815286625,22534.102564102563,2.8122580645161293,237.93548387096774,7675.5
20220112,14,0.87,1.8178343949044589,83.3312101910828,6.256410256410256,0.0,0.07643312101910828,15.80891719745223,22548.52564102564,2.84709677419355,224.06451612903226,5097.5
20220112,15,0.71,1.7140127388535022,84.51592356687898,6.551282051282051,0.0,0.08280254777070063,12.222929936305732,22065.0,2.774838709677419,231.5483870967742,2235.25
20220112,16,0.5,1.3280254777070057,86.72611464968153,6.576923076923077,0.0,0.08280254777070063,5.821656050955414,20431.410256410258,2.6941935483870965,225.80645161290323,269.25
20220112,17,0.26,1.0579617834394905,88.14649681528662,6.608974358974359,0.0006369426751592357,0.10191082802547771,0.0,18236.47435897436,2.6954838709677427,228.32258064516128,0.0
20220112,18,0.0,0.8808917197452223,89.22929936305732,6.67948717948718,0.0012738853503184715,0.08280254777070063,0.0,16386.28205128205,2.7400000000000015,227.5483870967742,0.0
20220112,19,-0.26,0.7687898089171976,89.84713375796179,6.384615384615385,0.0006369426751592357,0.05732484076433121,0.0,15500.76923076923,2.846451612903225,227.2258064516129,0.0
20220112,20,-0.5,0.6617834394904459,90.38853503184713,6.365384615384615,0.0019108280254777072,0.03821656050955414,0.0,14694.871794871795,2.9277419354838705,222.58064516129033,0.0
20220112,21,-0.71,0.5554140127388536,90.56687898089172,6.044871794871795,0.0006369426751592357,0.025477707006369428,0,14042.5,3.0767741935483883,227.8709677419355,0.0
20220112,22,-0.87,0.4630573248407643,91.09554140127389,6.352564102564102,0.0,0.025477707006369428,0,12831.346153846154,3.1735483870967722,219.8709677419355,0.0
20220112,23,-0.97,0.3719745222929934,91.4140127388535,6.288461538461538,0.0,0.01910828025477707,0,12954.294871794871,3.276129032258066,222.0,0.0
20220113,00,-1.0,0.3535031847133758,91.62420382165605,6.2756410256410255,0.0,0.03184713375796178,0,13376.410256410256,3.334193548387099,218.58064516129033,0.0
20220113,01,-0.97,0.4305732484076434,91.56050955414013,6.42948717948718,0.0,0.012738853503184714,0,13678.076923076924,3.5606451612903216,217.48387096774192,0.0
20220113,02,-0.87,0.3968152866242038,92.07006369426752,6.269230769230769,0.0006369426751592357,0.025477707006369428,0,13267.692307692309,3.5664516129032253,214.7741935483871,0.0
20220113,03,-0.71,0.32101910828025465,92.31847133757962,6.198717948717949,0.0,0.025477707006369428,0.0,12789.48717948718,3.6915584415584424,218.83870967741936,0.0
20220113,04,-0.5,0.2866242038216562,92.4968152866242,6.346153846153846,0.0,0.044585987261146494,0.0,12664.102564102564,3.7909090909090937,220.64935064935065,0.0
20220113,05,-0.26,0.31974522292993685,92.5732484076433,6.839743589743589,0.0,0.03184713375796178,0.0,13365.897435897436,3.8435064935064918,227.53246753246754,0.0
20220113,06,-0.0,0.31783439490445875,92.43949044585987,6.814102564102564,0.0,0.01910828025477707,0.0,12520.641025641025,3.9084415584415604,223.5064935064935,0.0
20220113,07,0.26,0.41082802547770647,92.39490445859873,6.762820512820513,0.0,0.012738853503184714,0.0,12553.910256410256,3.931168831168832,221.36363636363637,0.0
20220113,08,0.5,0.551592356687898,92.34394904458598,6.42948717948718,0.0006369426751592357,0.025477707006369428,1.7452229299363058,13079.871794871795,4.008441558441556,217.72727272727272,224.0
20220113,09,0.71,1.0726114649681533,90.87261146496816,6.410256410256411,0.0,0.03184713375796178,12.089171974522293,13566.410256410256,4.028571428571428,216.8181818181818,1874.75
20220113,10,0.87,1.6101910828025472,89.62420382165605,6.326923076923077,0.0006369426751592357,0.025477707006369428,15.757961783439491,15800.641025641025,4.044805194805194,213.96103896103895,4387.25
20220113,11,0.97,2.15732484076433,87.80891719745223,6.141025641025641,0.0,0.044585987261146494,16.904458598726116,17682.75641025641,4.211038961038962,220.25974025974025,6486.0
20220113,12,1.0,2.702547770700637,85.96178343949045,6.147435897435898,0.0,0.012738853503184714,18.1656050955414,19630.576923076922,4.263636363636364,223.7012987012987,7860.5
20220113,13,0.97,3.104458598726114,84.45859872611464,6.480769230769231,0.0,0.025477707006369428,19.910828025477706,20546.28205128205,4.341558441558441,224.41558441558442,7646.25
20220113,14,0.87,3.2802547770700636,84.171974522293,6.653846153846154,0.0,0.012738853503184714,20.222929936305732,21935.833333333332,4.301298701298702,224.6103896103896,5785.0
20220113,15,0.71,3.1611464968152854,84.91082802547771,6.916666666666667,0.0,0.006369426751592357,19.15286624203822,21640.0641025641,4.216883116883119,220.7792207792208,2791.75
20220113,16,0.5,2.7382165605095534,86.63057324840764,6.878205128205129,0.0,0.050955414012738856,8.67515923566879,21615.19230769231,3.999350649350649,221.23376623376623,409.75
20220113,17,0.26,2.411464968152867,87.69426751592357,6.685897435897436,0.0,0.06369426751592357,0.012738853503184714,21446.410256410258,3.926623376623377,222.2077922077922,0.5
20220113,18,0.0,2.2050955414012736,88.21656050955414,6.384615384615385,0.0,0.01910828025477707,0.0,20694.03846153846,3.9441558441558455,224.0909090909091,0.0
20220113,19,-0.26,2.0936305732484075,88.34394904458598,6.461538461538462,0.0,0.0,0.0,21375.833333333332,3.9545454545454533,225.25974025974025,0.0
20220113,20,-0.5,1.9808917197452234,88.20382165605096,6.211538461538462,0.0,0.0,0.0,21526.79487179487,4.114285714285715,223.37662337662337,0.0
20220113,21,-0.71,1.85732484076433,88.59872611464968,5.602564102564102,0.0,0.006369426751592357,0,21500.76923076923,4.168831168831171,222.2077922077922,0.0
20220113,22,-0.87,1.775796178343949,88.82165605095541,5.243589743589744,0.0,0.0,0,21018.653846153848,4.140909090909092,222.92207792207793,0.0
20220113,23,-0.97,1.6700636942675173,88.92993630573248,4.910256410256411,0.0,0.006369426751592357,0,20617.82051282051,4.200649350649348,232.01298701298703,0.0
20220114,00,-1.0,1.5350318471337574,89.50955414012739,4.903846153846154,0.0,0.012738853503184714,0,20115.51282051282,4.1974025974026,226.36363636363637,0.0
20220114,01,-0.97,1.479617834394904,89.5859872611465,4.717948717948718,0.0,0.012738853503184714,0,19977.4358974359,4.206493506493508,222.85714285714286,0.0
20220114,02,-0.87,1.3528662420382165,90.35031847133757,4.5576923076923075,0.0,0.012738853503184714,0,19864.358974358973,4.084415584415587,221.23376623376623,0.0
20220114,03,-0.71,1.2477707006369436,90.76433121019109,4.641025641025641,0.0,0.025477707006369428,0.0,19701.73076923077,4.0915584415584405,229.93506493506493,0.0
20220114,04,-0.5,1.2235668789808927,91.28662420382166,4.891025641025641,0.0,0.05732484076433121,0.0,19696.153846153848,4.201948051948052,228.76623376623377,0.0
20220114,05,-0.26,1.1343949044585988,91.1656050955414,4.871794871794871,0.0,0.044585987261146494,0.0,19414.615384615383,4.22012987012987,230.71428571428572,0.0
20220114,06,-0.0,1.0617834394904455,91.55414012738854,4.9423076923076925,0.0,0.044585987261146494,0.0,19029.358974358973,4.275974025974027,232.7922077922078,0.0
20220114,07,0.26,1.0318471337579622,91.09554140127389,4.948717948717949,0.0,0.03821656050955414,0.0,19557.5641025641,4.233766233766238,232.72727272727272,0.0
20220114,08,0.5,1.1732484076433116,90.18471337579618,4.698717948717949,0.0,0.03821656050955414,5.2993630573248405,18870.897435897437,4.224675324675325,237.4025974025974,462.75
20220114,09,0.71,1.80955414012739,88.31210191082802,4.685897435897436,0.0,0.09554140127388536,21.261146496815286,18836.602564102563,4.238961038961035,237.72727272727272,3124.5
20220114,10,0.87,2.5394904458598724,86.7452229299363,4.948717948717949,0.005095541401273886,0.1464968152866242,21.719745222929937,19883.78205128205,4.304545454545453,237.53246753246754,6336.75
20220114,11,0.97,3.2044585987261143,85.43312101910828,4.923076923076923,0.0019108280254777072,0.1337579617834395,22.43949044585987,20177.628205128207,4.299350649350649,242.01298701298703,8694.5
20220114,12,1.0,3.7554140127388536,83.86624203821655,4.935897435897436,0.003821656050955414,0.1337579617834395,23.343949044585987,21373.97435897436,4.197402597402596,245.5194805194805,9672.0
20220114,13,0.97,4.177707006369427,82.67515923566879,4.480769230769231,0.005095541401273885,0.12738853503184713,25.426751592356688,23798.46153846154,4.138311688311688,245.32467532467533,9062.5
20220114,14,0.87,4.302547770700638,82.35031847133757,4.538461538461538,0.0038216560509554145,0.12738853503184713,26.929936305732483,24324.423076923078,4.087012987012987,257.46753246753246,6727.5
20220114,15,0.71,3.983439490445861,84.43312101910828,4.67948717948718,0.003821656050955414,0.16560509554140126,24.687898089171973,23796.602564102563,3.9441558441558446,245.71428571428572,3166.25
20220114,16,0.5,3.2980891719745236,87.46496815286625,4.544871794871795,0.0031847133757961785,0.18471337579617833,10.751592356687897,21274.615384615383,3.671428571428572,246.6883116883117,409.5
20220114,17,0.26,2.7382165605095548,89.70700636942675,4.666666666666667,0.0044585987261146496,0.18471337579617833,0.03821656050955414,18731.602564102563,3.4357142857142864,242.98701298701297,0.25
20220114,18,0.0,2.435668789808917,90.92356687898089,4.493589743589744,0.005095541401273886,0.1337579617834395,0.0,17700.897435897437,3.1402597402597388,243.1818181818182,0.0
20220114,19,-0.26,2.1757961783439486,91.5031847133758,4.256410256410256,0.003821656050955414,0.17197452229299362,0.0,16215.384615384615,2.904545454545455,237.07792207792207,0.0
20220114,20,-0.5,1.8993630573248397,91.92356687898089,4.316129032258065,0.0057324840764331215,0.17834394904458598,0.0,14990.897435897436,2.6831168831168832,245.97402597402598,0.0
20220114,21,-0.71,1.5012738853503185,92.8343949044586,4.17948717948718,0.0070063694267515925,0.17834394904458598,0,14473.333333333334,2.5285714285714294,224.0909090909091,0.0
20220114,22,-0.87,1.2286624203821663,93.22929936305732,4.230769230769231,0.005732484076433121,0.14012738853503184,0,15304.038461538461,2.3915584415584417,211.6883116883117,0.0
20220114,23,-0.97,0.9458598726114653,93.64968152866243,4.314102564102564,0.005095541401273885,0.11464968152866242,0,15096.089743589744,2.2961038961038978,214.80519480519482,0.0
20220115,00,-1.0,0.7477707006369422,94.03184713375796,4.538461538461538,0.0019108280254777072,0.07643312101910828,0,13875.705128205129,2.315584415584415,216.55844155844156,0.0
20220115,01,-0.97,0.547133757961783,94.28662420382166,4.5576923076923075,0.0006369426751592357,0.07643312101910828,0,14474.23076923077,2.301298701298701,215.06493506493507,0.0
20220115,02,-0.87,0.4173076923076924,94.3525641025641,4.72258064516129,0.0006369426751592357,0.07006369426751592,0,13660.967741935483,2.2941176470588225,215.49019607843138,0.0
20220115,03,-0.71,0.30256410256410254,94.72435897435898,5.038709677419355,0.0,0.012738853503184714,0.0,13161.612903225807,2.2176470588235304,208.69281045751634,0.0
20220115,04,-0.5,0.21025641025641043,94.96794871794872,5.503225806451613,0.0,0.03184713375796178,0.0,12649.032258064517,2.191503267973856,195.49019607843138,0.0
20220115,05,-0.26,0.16217948717948721,95.16025641025641,5.8,0.0,0.01910828025477707,0.0,11181.483870967742,2.209803921568627,200.3921568627451,0.0
20220115,06,-0.0,0.1570512820512819,94.72435897435898,5.929032258064516,0.0,0.01910828025477707,0.0,11611.806451612903,2.2437908496732026,197.64705882352942,0.0
20220115,07,0.26,0.1352564102564102,94.67948717948718,6.051612903225807,0.0,0.01910828025477707,0.0,11580.838709677419,2.1941176470588237,186.9281045751634,0.0
20220115,08,0.5,0.25833333333333314,94.32692307692308,6.232258064516129,0.0,0.012738853503184714,1.7452229299363058,11419.032258064517,2.1424836601307184,180.84967320261438,254.0
20220115,09,0.71,0.7416666666666669,92.6923076923077,6.412903225806452,0.0,0.01910828025477707,10.063694267515924,13722.838709677419,2.1339869281045756,181.43790849673204,1958.25
20220115,10,0.87,1.3705128205128203,90.47435897435898,6.2064516129032254,0.0,0.012738853503184714,17.331210191082803,16092.838709677419,2.1816993464052294,177.2549019607843,4258.25
20220115,11,0.97,1.9692307692307696,87.8525641025641,6.219354838709678,0.0,0.025477707006369428,16.84713375796178,20496.322580645163,2.2679738562091503,175.62091503267973,5929.75
20220115,12,1.0,2.4583333333333326,85.76282051282051,6.354838709677419,0.0,0.006369426751592357,16.191082802547772,23169.225806451614,2.37843137254902,174.05228758169935,6319.5
20220115,13,0.97,2.683333333333332,84.08333333333333,6.406451612903226,0.0,0.0,15.331210191082803,24778.1935483871,2.443137254901962,173.8562091503268,5572.75
20220115,14,0.87,2.6358974358974345,84.32692307692308,6.219354838709678,0.0,0.0,14.050955414012739,23873.16129032258,2.494771241830066,168.36601307189542,3850.5
20220115,15,0.71,2.2814102564102576,85.43589743589743,6.2709677419354835,0.0,0.0,11.67515923566879,23907.548387096773,2.37908496732026,169.67320261437908,1701.5
20220115,16,0.5,1.7660256410256403,87.5576923076923,6.309677419354839,0.0,0.006369426751592357,5.318471337579618,21852.516129032258,2.2248366013071914,170.52287581699346,181.25
20220115,17,0.26,1.4064102564102567,88.82051282051282,6.509677419354839,0.0,0.025477707006369428,0.0,19916.58064516129,2.1359477124183006,168.0392156862745,0.25
20220115,18,0.0,1.1730769230769236,89.66025641025641,6.496774193548387,0.0,0.006369426751592357,0.0,18416.90322580645,2.21045751633987,160.0,0.0
20220115,19,-0.26,0.8698717948717951,90.6474358974359,6.638709677419355,0.0,0.0,0.0,16547.032258064515,2.258823529411764,163.59477124183007,0.0
20220115,20,-0.5,0.602564102564103,91.07692307692308,6.774193548387097,0.0,0.006369426751592357,0.0,15019.741935483871,2.2673202614379084,167.90849673202615,0.0
20220115,21,-0.71,0.49426751592356694,91.64331210191082,7.160256410256411,0.0,0.012738853503184714,0,14384.679487179486,2.360389610389611,168.3116883116883,0.0
20220115,22,-0.87,0.3866242038216559,91.52229299363057,7.198717948717949,0.0,0.012738853503184714,0,14055.448717948719,2.4155844155844144,169.2207792207792,0.0
20220115,23,-0.97,0.20828025477706993,91.6687898089172,7.128205128205129,0.0,0.025477707006369428,0,14087.820512820514,2.435064935064935,171.6883116883117,0.0
20220116,00,-1.0,-0.00509554140127389,91.84713375796179,7.141025641025641,0.0,0.025477707006369428,0,14125.576923076924,2.516883116883118,176.03896103896105,0.0
20220116,01,-0.97,-0.1707006369426751,92.171974522293,7.051282051282051,0.0,0.01910828025477707,0,14389.935897435897,2.6649350649350643,178.76623376623377,0.0
20220116,02,-0.87,-0.33248407643312095,92.14649681528662,7.102564102564102,0.0,0.044585987261146494,0,13761.089743589744,2.7935064935064933,190.12987012987014,0.0
20220116,03,-0.71,-0.44904458598726105,92.12738853503184,7.108974358974359,0.0,0.03184713375796178,0.0,13199.423076923076,3.0623376623376624,197.92207792207793,0.0
20220116,04,-0.5,-0.5305732484076434,92.06369426751593,6.916666666666667,0.0,0.050955414012738856,0.0,13235.76923076923,3.2298701298701307,204.02597402597402,0.0
20220116,05,-0.26,-0.6267515923566881,92.36305732484077,7.153846153846154,0.0,0.07006369426751592,0.0,13000.128205128205,3.4649350649350645,206.42857142857142,0.0
20220116,06,-0.0,-0.6566878980891719,92.68789808917198,7.102564102564102,0.0,0.07643312101910828,0.0,12410.833333333334,3.6097402597402604,215.19480519480518,0.0
20220116,07,0.26,-0.6082802547770699,92.62420382165605,7.2243589743589745,0.0,0.16025641025641027,0.0,12219.423076923076,3.79220779220779,219.67532467532467,0.0
20220116,08,0.5,-0.354140127388535,92.4140127388535,7.07051282051282,0.0,0.1794871794871795,2.7643312101910826,11493.333333333334,3.9967532467532454,225.58441558441558,266.0
20220116,09,0.71,0.12738853503184724,91.5859872611465,7.217948717948718,0.0,0.2692307692307692,8.159235668789808,11475.064102564103,4.148051948051948,229.15584415584416,1846.25
20220116,10,0.87,0.7337579617834395,90.67515923566879,7.121794871794871,0.0,0.30128205128205127,10.382165605095542,12050.0,4.442857142857141,232.33766233766235,3969.25
20220116,11,0.97,1.191082802547771,89.7515923566879,7.121794871794871,0.000641025641025641,0.32051282051282054,10.35031847133758,12200.0,4.765584415584418,241.88311688311688,5271.25
20220116,12,1.0,1.6414012738853498,88.98726114649682,7.051282051282051,0.000641025641025641,0.3717948717948718,9.273885350318471,12582.564102564103,5.092207792207792,246.1038961038961,5394.0
20220116,13,0.97,1.936942675159237,88.54140127388536,7.147435897435898,0.008974358974358975,0.41025641025641024,6.974522292993631,12031.153846153846,5.25844155844156,249.6103896103896,4312.75
20220116,14,0.87,2.1350318471337584,88.19745222929936,7.2243589743589745,0.003205128205128205,0.4166666666666667,5.350318471337579,13181.923076923076,5.3019480519480515,255.12987012987014,2514.75
20220116,15,0.71,2.244585987261145,88.32484076433121,7.448717948717949,0.014743589743589748,0.5192307692307693,3.089171974522293,13355.641025641025,5.112337662337661,255.9090909090909,954.0
20220116,16,0.5,2.292993630573247,88.94267515923566,7.602564102564102,0.019354838709677424,0.5935483870967742,0.7133757961783439,13376.47435897436,4.9714285714285715,254.35064935064935,126.25
20220116,17,0.26,2.3248407643312103,89.0828025477707,7.544871794871795,0.021290322580645164,0.632258064516129,0.0,12554.935897435897,5.0487012987013,251.94805194805195,0.25
20220116,18,0.0,2.4312101910828026,89.07006369426752,7.737179487179487,0.029487179487179487,0.6153846153846154,0.0,13453.589743589744,5.16103896103896,252.27272727272728,0.0
20220116,19,-0.26,2.6140127388535035,88.5859872611465,7.826923076923077,0.026923076923076925,0.6346153846153846,0.0,14373.589743589744,5.334415584415587,250.58441558441558,0.0
20220116,20,-0.5,2.697452229299363,88.2484076433121,7.756410256410256,0.02243589743589745,0.5641025641025641,0.0,14384.358974358975,5.350649350649351,250.5194805194805,0.0
20220116,21,-0.71,2.7917197452229288,87.92356687898089,7.730769230769231,0.027096774193548393,0.6258064516129033,0,15168.205128205129,5.499350649350652,253.57142857142858,0.0
20220116,22,-0.87,2.860509554140127,87.20382165605096,7.769230769230769,0.017307692307692312,0.5961538461538461,0,16351.98717948718,5.672077922077919,254.54545454545453,0.0
20220116,23,-0.97,2.8987261146496826,87.03821656050955,7.7243589743589745,0.03782051282051281,0.6538461538461539,0,16704.423076923078,5.858441558441557,255.9090909090909,0.0
20220117,00,-1.0,2.972611464968153,86.89808917197452,7.7243589743589745,0.03717948717948718,0.5961538461538461,0,18006.346153846152,6.079870129870128,256.8831168831169,0.0
20220117,01,-0.97,3.0745222929936307,86.14649681528662,7.705128205128205,0.022435897435897443,0.5576923076923077,0,19605.96153846154,6.314285714285718,261.8831168831169,0.0
20220117,02,-0.87,3.133757961783439,85.72611464968153,7.717948717948718,0.01794871794871795,0.5128205128205128,0,20117.628205128207,6.648701298701299,260.45454545454544,0.0
20220117,03,-0.71,3.1630573248407656,85.45859872611464,7.621794871794871,0.015384615384615389,0.44871794871794873,0.0,23038.846153846152,6.920779220779222,259.02597402597405,0.0
20220117,04,-0.5,3.2414012738853497,85.19745222929936,7.673076923076923,0.014102564102564101,0.46153846153846156,0.0,22613.397435897437,7.251298701298698,262.7922077922078,0.0
20220117,05,-0.26,3.3101910828025467,85.54777070063695,7.551282051282051,0.014102564102564105,0.42948717948717946,0.0,22660.0,7.477272727272732,263.1168831168831,0.0
20220117,06,-0.0,3.3917197452229293,86.34394904458598,7.596153846153846,0.027741935483870966,0.5225806451612903,0.0,21613.97435897436,7.627272727272732,265.06493506493507,0.0
20220117,07,0.26,3.3949044585987247,86.85987261146497,7.583333333333333,0.08193548387096773,0.535483870967742,0.0,20973.97435897436,7.684415584415585,268.5064935064935,0.0
20220117,08,0.5,3.4337579617834404,86.62420382165605,7.4743589743589745,0.08,0.5483870967741935,0.0,21387.05128205128,7.588961038961039,272.2077922077922,109.75
20220117,09,0.71,3.5528662420382164,86.24203821656052,7.538461538461538,0.09025974025974025,0.5454545454545454,0.7834394904458599,21488.78205128205,7.668181818181819,272.27272727272725,970.75
20220117,10,0.87,3.7732484076433104,84.90445859872611,7.17948717948718,0.12435897435897435,0.6025641025641025,3.694267515923567,21989.9358974359,7.592857142857144,276.68831168831167,2486.25
20220117,11,0.97,4.005095541401274,83.61783439490446,6.884615384615385,0.1865384615384615,0.5769230769230769,7.416666666666667,23951.98717948718,7.463870967741933,279.35483870967744,3921.5
20220117,12,1.0,4.108917197452227,82.17834394904459,6.6923076923076925,0.15769230769230771,0.5384615384615384,9.070512820512821,24741.089743589742,7.3941935483870935,282.5806451612903,4452.5
20220117,13,0.97,4.192993630573246,80.99363057324841,6.346153846153846,0.1346153846153846,0.5256410256410257,10.35897435897436,26869.358974358973,7.076129032258065,286.96774193548384,4390.75
20220117,14,0.87,4.157324840764331,80.1656050955414,6.211538461538462,0.1205128205128205,0.5064102564102564,12.301282051282051,28601.666666666668,6.834193548387094,293.741935483871,3479.5
20220117,15,0.71,3.9197452229299383,81.06369426751593,5.801282051282051,0.09615384615384616,0.4807692307692308,11.076923076923077,27134.29487179487,6.562580645161291,294.19354838709677,1549.25
20220117,16,0.5,3.5891719745222916,82.22292993630573,5.487179487179487,0.13397435897435894,0.46153846153846156,1.3076923076923077,27064.23076923077,5.972258064516127,294.96774193548384,165.0
20220117,17,0.26,3.276433121019108,83.8407643312102,5.42948717948718,0.08205128205128201,0.48717948717948717,0.0,25540.384615384617,5.450967741935487,292.7741935483871,0.25
20220117,18,0.0,3.06687898089172,84.73885350318471,5.185897435897436,0.05897435897435897,0.48717948717948717,0.0,24467.884615384617,5.045806451612901,288.4516129032258,0.0
20220117,19,-0.26,2.861146496815286,85.69426751592357,5.339743589743589,0.06025641025641026,0.46794871794871795,0.0,23475.0,4.665806451612903,289.0967741935484,0.0
20220117,20,-0.5,2.640127388535031,86.77707006369427,5.230769230769231,0.037820512820512825,0.4551282051282051,0.0,21580.833333333332,4.3187096774193545,281.61290322580646,0.0
20220117,21,-0.71,2.5095541401273893,87.62420382165605,5.294871794871795,0.026923076923076925,0.46794871794871795,0,21290.641025641027,4.026451612903226,279.2258064516129,0.0
20220117,22,-0.87,2.450955414012739,88.6687898089172,5.5256410256410255,0.02435897435897436,0.4551282051282051,0,19389.615384615383,3.714193548387097,279.48387096774195,0.0
20220117,23,-0.97,2.3961783439490447,89.38853503184713,5.673076923076923,0.018589743589743597,0.40384615384615385,0,19601.346153846152,3.5716129032258066,277.16129032258067,0.0
20220118,00,-1.0,2.2668789808917205,90.29936305732484,5.75,0.013461538461538462,0.3974358974358974,0,17612.75641025641,3.4,274.7741935483871,0.0
20220118,01,-0.97,2.2808917197452225,90.87898089171975,5.993589743589744,0.008333333333333331,0.358974358974359,0,17214.29487179487,3.308387096774194,270.06451612903226,0.0
20220118,02,-0.87,2.2668789808917187,91.3312101910828,6.230769230769231,0.008333333333333335,0.3269230769230769,0,17081.47435897436,3.175483870967743,277.80645161290323,0.0
20220118,03,-0.71,2.2127388535031853,92.11464968152866,6.4423076923076925,0.016025641025641028,0.34615384615384615,0.0,16469.29487179487,2.9909677419354828,280.51612903225805,0.0
20220118,04,-0.5,2.252866242038216,92.32484076433121,6.551282051282051,0.019230769230769235,0.32051282051282054,0.0,16955.32051282051,2.8522580645161293,267.03225806451616,0.0
20220118,05,-0.26,2.222292993630573,92.77707006369427,6.8076923076923075,0.007051282051282052,0.3076923076923077,0.0,16727.5,2.749677419354838,267.61290322580646,0.0
20220118,06,-0.0,2.162420382165605,93.3312101910828,6.878205128205129,0.010256410256410258,0.3141025641025641,0.0,16903.20512820513,2.603225806451614,265.35483870967744,0.0
20220118,07,0.26,2.140764331210191,93.73248407643312,7.032051282051282,0.014012738853503185,0.34394904458598724,0.0,15940.76923076923,2.5180645161290327,263.2258064516129,0.25
20220118,08,0.5,2.2904458598726105,93.65605095541402,7.2243589743589745,0.017197452229299366,0.2929936305732484,0.5641025641025641,17435.25641025641,2.4019354838709686,247.41935483870967,282.25
20220118,09,0.71,2.7898089171974525,92.52866242038216,7.064102564102564,0.007643312101910829,0.3057324840764331,5.397435897435898,18453.26923076923,2.353548387096774,242.1290322580645,2055.0
20220118,10,0.87,3.4146496815286618,90.19745222929936,7.019230769230769,0.009554140127388535,0.2802547770700637,6.647435897435898,21727.371794871793,2.4845161290322584,241.16129032258064,4670.5
20220118,11,0.97,3.94203821656051,87.35031847133757,7.17948717948718,0.003821656050955414,0.28662420382165604,6.980769230769231,26300.19230769231,2.770967741935484,235.5483870967742,6748.0
20220118,12,1.0,4.3560509554140125,84.1656050955414,7.1923076923076925,0.0031847133757961785,0.20382165605095542,6.871794871794871,33600.0,2.9335483870967747,235.41935483870967,6812.25
20220118,13,0.97,4.505732484076432,83.06369426751593,7.397435897435898,0.0044585987261146496,0.1910828025477707,3.980769230769231,37542.756410256414,3.0141935483870967,223.93548387096774,5320.25
20220118,14,0.87,4.477707006369427,82.93630573248407,7.519230769230769,0.0,0.17197452229299362,3.532051282051282,37870.89743589744,2.96516129032258,221.80645161290323,3351.75
20220118,15,0.71,4.310191082802549,83.50955414012739,7.544871794871795,0.002547770700636943,0.14012738853503184,1.8269230769230769,38510.833333333336,2.8258064516129036,210.70967741935485,1456.75
20220118,16,0.5,4.011464968152866,85.09554140127389,7.596153846153846,0.0031847133757961785,0.12101910828025478,0.7692307692307693,38337.692307692305,2.6748387096774198,192.90322580645162,212.5
20220118,17,0.26,3.7394904458598734,86.10828025477707,7.551282051282051,0.002547770700636943,0.09554140127388536,0.0,36475.64102564102,2.6470967741935483,184.4516129032258,0.25
20220118,18,0.0,3.6101910828025487,86.35668789808918,7.467948717948718,0.0006369426751592357,0.044585987261146494,0.0,36692.179487179485,2.773548387096775,189.80645161290323,0.0
20220118,19,-0.26,3.408917197452231,86.59872611464968,7.314102564102564,0.0,0.01910828025477707,0.0,36564.61538461538,2.916129032258065,183.61290322580646,0.0
20220118,20,-0.5,3.218471337579616,86.77707006369427,7.166666666666667,0.0,0.0,0.0,35051.41025641026,3.039354838709678,183.03225806451613,0.0
20220118,21,-0.71,3.0707006369426764,86.68789808917198,6.910256410256411,0.0,0.012738853503184714,0,33521.02564102564,3.2335483870967736,178.38709677419354,0.0
20220118,22,-0.87,2.830573248407644,86.92993630573248,6.878205128205129,0.0,0.012738853503184714,0,31937.24358974359,3.3116129032258064,181.93548387096774,0.0
20220118,23,-0.97,2.564331210191083,86.94267515923566,6.519230769230769,0.0,0.006369426751592357,0,31335.897435897437,3.3741935483870984,182.19354838709677,0.0
20220119,00,-1.0,2.2630573248407644,87.71337579617834,5.993589743589744,0.0,0.006369426751592357,0,30874.48717948718,3.400645161290322,173.48387096774192,0.0
20220119,01,-0.97,1.9796178343949045,88.15286624203821,5.801282051282051,0.0,0.006369426751592357,0,28640.0641025641,3.4064516129032265,179.5483870967742,0.0
20220119,02,-0.87,1.6872611464968155,88.73885350318471,5.641025641025641,0.0,0.0,0,27347.94871794872,3.3870967741935507,181.3548387096774,0.0
20220119,03,-0.71,1.4050955414012747,89.36305732484077,5.839743589743589,0.0,0.0,0.0,26200.0641025641,3.3961290322580635,185.8709677419355,0.0
20220119,04,-0.5,1.1140127388535028,89.91082802547771,5.608974358974359,0.0,0.0,0.0,25001.47435897436,3.4025806451612897,183.2258064516129,0.0
20220119,05,-0.26,0.9127388535031838,90.27388535031847,5.391025641025641,0.0,0.0,0.0,23630.76923076923,3.421935483870968,188.96774193548387,0.0
20220119,06,-0.0,0.7719745222929935,90.53503184713375,5.4743589743589745,0.0,0.0,0.0,22785.96153846154,3.4638709677419355,196.83870967741936,0.0
20220119,07,0.26,0.5248407643312105,90.94904458598727,5.391025641025641,0.0,0.0,0.0,20962.75641025641,3.502580645161289,193.93548387096774,0.5
20220119,08,0.5,0.5796178343949046,90.37579617834395,5.608974358974359,0.0,0.012738853503184714,5.564102564102564,20444.23076923077,3.675483870967742,198.06451612903226,704.25
20220119,09,0.71,1.2783439490445856,87.01273885350318,5.660256410256411,0.0,0.012738853503184714,21.19871794871795,22637.94871794872,3.9761290322580636,201.8709677419355,3916.25
20220119,10,0.87,1.9216560509554121,84.04458598726114,5.814102564102564,0.0,0.044585987261146494,21.69871794871795,24922.05128205128,4.478709677419354,209.74193548387098,7435.0
20220119,11,0.97,2.4057324840764314,82.29299363057325,5.7935483870967746,0.0,0.06369426751592357,21.423076923076923,26148.076923076922,4.8767741935483855,216.1290322580645,9662.5
20220119,12,1.0,2.7324840764331215,81.13375796178345,5.891025641025641,0.0,0.10828025477707007,19.40764331210191,25816.28205128205,5.118064516129032,221.80645161290323,10166.25
20220119,13,0.97,2.828662420382164,80.8407643312102,6.006410256410256,0.0012738853503184715,0.16560509554140126,18.29936305732484,26001.858974358973,5.2658064516129,227.03225806451613,8746.25
20220119,14,0.87,2.8165605095541406,81.22292993630573,6.435897435897436,0.0031847133757961785,0.24203821656050956,14.573248407643312,25228.26923076923,5.4780645161290344,230.70967741935485,5980.75
20220119,15,0.71,2.5414012738853504,83.03821656050955,6.814102564102564,0.002547770700636943,0.3503184713375796,11.477707006369426,22232.05128205128,5.6329032258064515,232.1290322580645,2580.0
20220119,16,0.5,2.3038216560509555,84.68152866242038,6.967948717948718,0.020382165605095544,0.40764331210191085,4.560509554140127,20828.589743589742,5.676774193548384,231.61290322580646,305.0
20220119,17,0.26,2.1968152866242026,85.69426751592357,7.1923076923076925,0.0248407643312102,0.46496815286624205,0.0,20535.384615384617,5.9083870967741925,235.61290322580646,0.25
20220119,18,0.0,2.255414012738853,86.26751592356688,7.333333333333333,0.038216560509554146,0.5222929936305732,0.0,19370.51282051282,6.088387096774195,241.16129032258064,0.0
20220119,19,-0.26,2.3942675159235653,85.87261146496816,7.403846153846154,0.045222929936305716,0.6242038216560509,0.0,19490.384615384617,6.211612903225807,244.06451612903226,0.0
20220119,20,-0.5,2.5082802547770684,85.15286624203821,7.410256410256411,0.06942675159235663,0.6687898089171974,0.0,20754.358974358973,6.5045161290322575,247.3548387096774,0.0
20220119,21,-0.71,2.5528662420382178,85.13375796178345,7.198717948717949,0.08407643312101908,0.732484076433121,0,19593.52564102564,6.669677419354838,252.96774193548387,0.0
20220119,22,-0.87,2.5254777070063685,84.70700636942675,6.762820512820513,0.07643312101910825,0.7515923566878981,0,21718.589743589742,6.568387096774196,260.51612903225805,0.0
20220119,23,-0.97,2.4878980891719733,84.18471337579618,6.493589743589744,0.12292993630573247,0.6687898089171974,0,22450.25641025641,6.517419354838711,264.3225806451613,0.0
20220120,00,-1.0,2.327388535031847,84.28662420382166,6.403846153846154,0.11337579617834391,0.643312101910828,0,24095.897435897437,6.5187096774193565,266.258064516129,0.0
20220120,01,-0.97,2.122929936305732,84.56050955414013,6.147435897435898,0.10636942675159233,0.6878980891719745,0,24155.897435897437,6.398064516129034,268.7741935483871,0.0
20220120,02,-0.87,1.8668789808917199,85.29936305732484,6.262820512820513,0.11847133757961785,0.6624203821656051,0,24484.871794871793,6.426451612903224,270.83870967741933,0.0
20220120,03,-0.71,1.7159235668789803,84.59872611464968,6.07051282051282,0.09999999999999998,0.6369426751592356,0.0,23731.98717948718,6.5200000000000005,270.19354838709677,0.0
20220120,04,-0.5,1.526751592356688,84.39490445859873,6.166666666666667,0.07261146496815285,0.6751592356687898,0.0,23470.0,6.771612903225807,272.0,0.0
20220120,05,-0.26,1.3121019108280252,84.38853503184713,6.2243589743589745,0.10764331210191079,0.6942675159235668,0.0,23324.358974358973,6.911612903225808,274.0,0.0
20220120,06,-0.0,1.1560509554140128,83.65605095541402,6.237179487179487,0.121656050955414,0.7515923566878981,0.0,25241.153846153848,6.970967741935485,276.4516129032258,0.0
20220120,07,0.26,1.0503184713375788,82.22929936305732,5.9743589743589745,0.10318471337579616,0.7006369426751592,0.0,26241.02564102564,6.934193548387095,279.2903225806452,0.25
20220120,08,0.5,0.970700636942675,81.4968152866242,5.814102564102564,0.1286624203821656,0.5987261146496815,0.910828025477707,28579.29487179487,6.865806451612904,285.03225806451616,376.0
20220120,09,0.71,1.0719745222929937,79.75796178343948,5.506410256410256,0.10636942675159235,0.6242038216560509,12.248407643312103,29145.0641025641,6.866451612903226,284.96774193548384,2414.75
20220120,10,0.87,1.3789808917197446,77.72611464968153,5.653846153846154,0.043949044585987244,0.5796178343949044,19.32484076433121,30727.628205128207,6.97806451612903,289.03225806451616,5292.75
20220120,11,0.97,1.5503184713375793,76.35668789808918,6.17948717948718,0.04904458598726114,0.5987261146496815,18.598726114649683,31388.78205128205,7.1206451612903185,292.38709677419354,7793.75
20220120,12,1.0,1.6420382165605103,74.97452229299363,6.378205128205129,0.06687898089171974,0.6178343949044586,15.86624203821656,32580.32051282051,7.270322580645159,291.80645161290323,8199.25
20220120,13,0.97,1.45859872611465,74.91082802547771,6.544871794871795,0.1515923566878981,0.7261146496815286,13.509554140127388,33034.10256410256,7.169032258064515,295.35483870967744,6988.25
20220120,14,0.87,1.1866242038216566,75.19108280254777,6.4743589743589745,0.09872611464968148,0.7707006369426752,13.73248407643312,34726.41025641026,6.933548387096773,299.5483870967742,5077.75
20220120,15,0.71,0.728025477707006,76.99363057324841,5.602564102564102,0.12993630573248408,0.7452229299363057,11.0828025477707,35101.153846153844,6.604516129032258,301.5483870967742,2489.5
20220120,16,0.5,0.389171974522293,77.2484076433121,5.532051282051282,0.08471337579617831,0.6751592356687898,3.7643312101910826,37246.153846153844,6.076129032258065,298.96774193548384,382.25
20220120,17,0.26,0.040127388535031845,78.1592356687898,5.506410256410256,0.08598726114649681,0.6305732484076433,0.0,37786.85897435898,5.796774193548384,296.3225806451613,0.5
20220120,18,0.0,-0.1019108280254778,77.51592356687898,5.262820512820513,0.0808917197452229,0.5859872611464968,0.0,40228.782051282054,5.711612903225806,297.93548387096774,0.0
20220120,19,-0.26,-0.2828025477707008,77.8343949044586,4.935897435897436,0.03694267515923567,0.5286624203821656,0.0,38973.46153846154,5.696774193548388,293.4193548387097,0.0
20220120,20,-0.5,-0.475796178343949,77.71337579617834,4.923076923076923,0.04777070063694268,0.535031847133758,0.0,36836.217948717946,5.680000000000003,298.3225806451613,0.0
20220120,21,-0.71,-0.5891719745222929,77.44585987261146,5.102564102564102,0.04331210191082803,0.4840764331210191,0,37218.717948717946,5.59677419354839,295.80645161290323,0.0
20220120,22,-0.87,-0.8025477707006371,77.94904458598727,5.038461538461538,0.031847133757961776,0.46496815286624205,0,38088.07692307692,5.376129032258066,297.48387096774195,0.0
20220120,23,-0.97,-0.8968152866242037,78.18471337579618,4.653846153846154,0.026751592356687892,0.49044585987261147,0,38058.52564102564,5.158064516129032,294.0,0.0
20220121,00,-1.0,-1.0719745222929935,78.67515923566879,4.5,0.05286624203821654,0.445859872611465,0,36763.07692307692,5.101935483870971,291.2258064516129,0.0
20220121,01,-0.97,-1.3050955414012746,79.1656050955414,4.326923076923077,0.015286624203821658,0.3503184713375796,0,37714.10256410256,4.88774193548387,290.9032258064516,0.0
20220121,02,-0.87,-1.44968152866242,79.85350318471338,4.134615384615385,0.024203821656050957,0.3184713375796178,0,37381.730769230766,4.760000000000002,285.03225806451616,0.0
20220121,03,-0.71,-1.6350318471337575,80.79617834394904,3.91025641025641,0.014012738853503183,0.31210191082802546,0.0,37248.39743589744,4.525161290322581,282.4516129032258,0.0
20220121,04,-0.5,-1.725477707006369,81.63057324840764,4.115384615384615,0.011464968152866241,0.2484076433121019,0.0,36358.14102564102,4.313548387096773,280.9032258064516,0.0
20220121,05,-0.26,-1.8089171974522282,82.61146496815287,4.2756410256410255,0.034394904458598725,0.27388535031847133,0.0,34869.743589743586,4.192903225806453,280.83870967741933,0.0
20220121,06,-0.0,-1.8675159235668786,83.69426751592357,4.538461538461538,0.015286624203821658,0.3248407643312102,0.0,32141.02564102564,4.0606451612903225,276.1290322580645,0.0
20220121,07,0.26,-1.8726114649681522,84.47133757961784,5.038461538461538,0.012738853503184714,0.3885350318471338,0.0,31357.628205128207,4.03741935483871,275.61290322580646,0.25
20220121,08,0.5,-1.6611464968152863,84.70063694267516,5.147435897435898,0.0089171974522293,0.37579617834394907,6.687898089171974,30087.115384615383,4.04774193548387,274.7741935483871,451.25
20220121,09,0.71,-0.8114649681528662,83.08917197452229,5.448717948717949,0.022929936305732486,0.3503184713375796,21.14012738853503,30510.44871794872,4.32516129032258,271.35483870967744,2585.0
20220121,10,0.87,0.05605095541401272,80.91082802547771,5.852564102564102,0.015923566878980895,0.4012738853503185,22.146496815286625,30547.5641025641,4.648387096774195,276.19354838709677,5554.75
20220121,11,0.97,0.6968152866242039,78.68789808917198,5.967948717948718,0.014012738853503185,0.4012738853503185,22.133757961783438,32744.9358974359,4.92709677419355,283.2903225806452,8181.0
20220121,12,1.0,1.2783439490445858,76.45222929936305,5.423076923076923,0.03439490445859872,0.445859872611465,23.554140127388536,34475.1282051282,5.088387096774196,285.0967741935484,9773.0
20220121,13,0.97,1.6273885350318458,75.59235668789809,5.666666666666667,0.02547770700636943,0.4012738853503185,23.305732484076433,36957.756410256414,5.240645161290321,280.83870967741933,8994.25
20220121,14,0.87,1.7019108280254784,76.56687898089172,5.865384615384615,0.03757961783439491,0.5095541401273885,19.94904458598726,36937.756410256414,5.1909677419354825,282.9032258064516,6061.0
20220121,15,0.71,1.543949044585987,79.28662420382166,6.217948717948718,0.03248407643312102,0.5159235668789809,14.337579617834395,34564.48717948718,4.898709677419357,280.83870967741933,2451.5
20220121,16,0.5,1.3197452229299356,82.28025477707007,6.378205128205129,0.0375796178343949,0.5222929936305732,3.713375796178344,31588.52564102564,4.7283870967741946,274.64516129032256,278.0
20220121,17,0.26,1.2777070063694265,84.50955414012739,6.987179487179487,0.03248407643312102,0.5286624203821656,0.0,29735.44871794872,4.843870967741936,271.6774193548387,0.5
20220121,18,0.0,1.3649681528662412,86.4968152866242,7.4423076923076925,0.03885350318471338,0.5668789808917197,0.0,26153.333333333332,4.796129032258064,265.93548387096774,0.0
20220121,19,-0.26,1.5331210191082796,88.54140127388536,7.5256410256410255,0.0503184713375796,0.6815286624203821,0.0,21611.346153846152,4.807741935483868,266.7741935483871,0.0
20220121,20,-0.5,1.7242038216560502,90.01273885350318,7.653846153846154,0.06687898089171973,0.7452229299363057,0.0,18980.19230769231,4.939354838709678,266.0,0.0
20220121,21,-0.71,1.833121019108281,91.77070063694268,7.647435897435898,0.08853503184713374,0.802547770700637,0,14812.435897435897,5.0103225806451634,267.03225806451616,0.0
20220121,22,-0.87,1.9114649681528675,93.19745222929936,7.615384615384615,0.15605095541401284,0.8280254777070064,0,12249.23076923077,5.089032258064518,270.51612903225805,0.0
20220121,23,-0.97,2.0254777070063694,93.45222929936305,7.615384615384615,0.1840764331210191,0.7770700636942676,0,14220.192307692309,5.1503225806451605,272.1290322580645,0.0
20220122,00,-1.0,2.212738853503184,92.828025477707,7.641025641025641,0.17961783439490442,0.7388535031847133,0,15731.794871794871,5.170322580645158,276.06451612903226,0.0
20220122,01,-0.97,2.2859872611464973,92.47770700636943,7.576923076923077,0.18407643312101918,0.732484076433121,0,18127.30769230769,5.198064516129034,281.0967741935484,0.0
20220122,02,-0.87,2.320382165605096,92.50955414012739,7.7243589743589745,0.15668789808917197,0.6496815286624203,0,18976.79487179487,5.248387096774193,284.3225806451613,0.0
20220122,03,-0.71,2.366878980891719,92.17834394904459,7.730769230769231,0.1503184713375796,0.6178343949044586,0.0,20708.52564102564,5.12967741935484,283.4193548387097,0.0
20220122,04,-0.5,2.353503184713378,91.95541401273886,7.743589743589744,0.11273885350318476,0.5859872611464968,0.0,23040.128205128207,4.996774193548388,285.5483870967742,0.0
20220122,05,-0.26,2.3063694267515906,92.34394904458598,7.711538461538462,0.09108280254777067,0.5859872611464968,0.0,21203.076923076922,4.758064516129032,287.8709677419355,0.0
20220122,06,-0.0,2.2382165605095534,92.5732484076433,7.7243589743589745,0.10509554140127389,0.6050955414012739,0.0,22012.05128205128,4.586451612903226,288.96774193548384,0.0
20220122,07,0.26,2.1885350318471346,92.95541401273886,7.608974358974359,0.06369426751592354,0.5732484076433121,0.0,19955.576923076922,4.417419354838709,291.03225806451616,0.25
20220122,08,0.5,2.170700636942675,93.35031847133757,7.7243589743589745,0.08535031847133755,0.5477707006369427,1.4394904458598725,18551.410256410258,4.1406451612903235,287.2903225806452,215.0
20220122,09,0.71,2.424840764331211,92.79617834394904,7.6923076923076925,0.0898089171974522,0.5605095541401274,3.8535031847133756,18777.17948717949,3.9522580645161294,286.96774193548384,1318.25
20220122,10,0.87,2.794904458598727,91.26114649681529,7.711538461538462,0.07898089171974519,0.6050955414012739,3.7643312101910826,20605.70512820513,3.9180645161290313,284.83870967741933,2691.75
20220122,11,0.97,3.1050955414012735,89.39490445859873,7.660256410256411,0.06433121019108277,0.5923566878980892,3.6751592356687897,24167.94871794872,3.889677419354838,281.2903225806452,3809.0
20220122,12,1.0,3.3363057324840777,88.19745222929936,7.653846153846154,0.056687898089171955,0.5923566878980892,4.987261146496815,25756.666666666668,3.813548387096776,286.19354838709677,4345.0
20220122,13,0.97,3.4777070063694273,87.68152866242038,7.589743589743589,0.045859872611464944,0.5414012738853503,6.707006369426751,27645.70512820513,3.7503225806451623,286.258064516129,4040.5
20220122,14,0.87,3.513375796178345,88.02547770700637,7.653846153846154,0.047770700636942665,0.5477707006369427,5.917197452229299,28663.653846153848,3.7225806451612895,282.258064516129,2773.75
20220122,15,0.71,3.419108280254778,88.95541401273886,7.647435897435898,0.05095541401273883,0.5477707006369427,3.1974522292993632,26724.67948717949,3.516774193548385,281.61290322580646,1230.0
20220122,16,0.5,3.1783439490445855,90.43312101910828,7.673076923076923,0.04522292993630571,0.5987261146496815,0.5159235668789809,26566.153846153848,3.283870967741935,271.93548387096774,147.75
20220122,17,0.26,3.025477707006369,91.79617834394904,7.685897435897436,0.04102564102564102,0.6089743589743589,0.0,24810.19230769231,3.18967741935484,271.5483870967742,0.75
20220122,18,0.0,2.9738853503184726,92.35668789808918,7.660256410256411,0.049999999999999975,0.6538461538461539,0.0,22155.128205128207,3.2470967741935484,266.38709677419354,0.0
20220122,19,-0.26,2.89171974522293,93.14012738853503,7.6923076923076925,0.06538461538461537,0.6987179487179487,0.0,20371.98717948718,3.2774193548387105,265.16129032258067,0.0
20220122,20,-0.5,2.8643312101910836,93.40764331210191,7.628205128205129,0.05897435897435897,0.6923076923076923,0.0,19063.846153846152,3.1825806451612904,264.06451612903226,0.0
20220122,21,-0.71,2.8732484076433122,93.71974522292993,7.8076923076923075,0.04230769230769228,0.7115384615384616,0,19532.94871794872,3.2025806451612904,265.4193548387097,0.0
20220122,22,-0.87,2.847770700636944,94.24203821656052,7.769230769230769,0.04999999999999998,0.6858974358974359,0,16917.115384615383,3.132903225806452,267.4193548387097,0.0
20220122,23,-0.97,2.828025477707006,94.76433121019109,7.6923076923076925,0.060897435897435875,0.7307692307692307,0,15484.551282051281,3.0619354838709665,267.61290322580646,0.0
20220123,00,-1.0,2.822929936305732,95.12101910828025,7.6923076923076925,0.05576923076923073,0.6987179487179487,0,13080.641025641025,3.0122580645161268,274.06451612903226,0.0
20220123,01,-0.97,2.8509554140127396,95.05732484076434,7.698717948717949,0.04580645161290321,0.6645161290322581,0,13926.21794871795,2.974838709677419,276.0,0.0
20220123,02,-0.87,2.880254777070064,95.38853503184713,7.7243589743589745,0.04743589743589741,0.6666666666666666,0,11615.064102564103,2.96258064516129,276.96774193548384,0.0
20220123,03,-0.71,2.8541401273885354,95.39490445859873,7.788461538461538,0.027564102564102563,0.6410256410256411,0.0,12511.089743589744,2.8264516129032247,278.7096774193548,0.0
20220123,04,-0.5,2.8471337579617826,95.21656050955414,7.705128205128205,0.017307692307692316,0.6217948717948718,0.0,12791.28205128205,2.761935483870966,272.3225806451613,0.0
20220123,05,-0.26,2.8114649681528663,95.36305732484077,7.628205128205129,0.019871794871794874,0.6602564102564102,0.0,12400.961538461539,2.7064516129032254,266.258064516129,0.0
20220123,06,-0.0,2.787261146496815,95.24203821656052,7.801282051282051,0.019745222929936315,0.5987261146496815,0.0,13038.461538461539,2.599354838709679,260.64516129032256,0.0
20220123,07,0.26,2.725477707006371,95.3312101910828,7.634615384615385,0.02229299363057325,0.5605095541401274,0.0,13598.01282051282,2.5696774193548397,261.80645161290323,0.25
20220123,08,0.5,2.83375796178344,95.00636942675159,7.576923076923077,0.02229299363057326,0.5796178343949044,0.34615384615384615,13198.910256410256,2.490322580645162,261.2903225806452,206.5
20220123,09,0.71,3.206369426751591,94.01273885350318,7.583333333333333,0.019108280254777076,0.46496815286624205,1.5705128205128205,15764.102564102564,2.4800000000000004,248.7741935483871,1555.75
20220123,10,0.87,3.6299363057324845,92.11464968152866,7.596153846153846,0.010191082802547774,0.42038216560509556,2.4166666666666665,18688.076923076922,2.6083870967741927,247.3548387096774,3388.0
20220123,11,0.97,4.059235668789807,89.47770700636943,7.538461538461538,0.014012738853503189,0.37579617834394907,2.9423076923076925,23414.55128205128,2.718064516129033,248.06451612903226,4964.25
20220123,12,1.0,4.294904458598728,87.78343949044586,7.589743589743589,0.007643312101910828,0.37579617834394907,3.08974358974359,28505.0,2.8180645161290316,242.96774193548387,5403.25
20220123,13,0.97,4.437579617834399,86.40127388535032,7.673076923076923,0.005732484076433121,0.33121019108280253,2.1025641025641026,32649.102564102563,2.7929032258064526,237.8709677419355,4481.0
20220123,14,0.87,4.430573248407644,85.93630573248407,7.641025641025641,0.005732484076433121,0.3375796178343949,1.564102564102564,33217.692307692305,2.721290322580645,228.4516129032258,3048.75
20220123,15,0.71,4.26942675159236,87.03821656050955,7.621794871794871,0.014012738853503189,0.3503184713375796,1.4166666666666667,31897.94871794872,2.570322580645161,231.3548387096774,1515.0
20220123,16,0.5,4.026751592356687,88.2547770700637,7.596153846153846,0.014649681528662424,0.31210191082802546,0.7435897435897436,30266.53846153846,2.3903225806451625,222.83870967741936,282.0
20220123,17,0.26,3.8159235668789804,89.00636942675159,7.653846153846154,0.015286624203821658,0.3057324840764331,0.0,28684.102564102563,2.2709677419354843,222.7741935483871,1.25
20220123,18,0.0,3.644585987261149,89.85987261146497,7.625806451612903,0.01910828025477708,0.3057324840764331,0.0,26537.4358974359,2.247096774193548,215.16129032258064,0.0
20220123,19,-0.26,3.472611464968153,90.13375796178345,7.2756410256410255,0.012738853503184714,0.31210191082802546,0.0,26251.28205128205,2.329032258064517,209.93548387096774,0.0
20220123,20,-0.5,3.3458598726114634,90.50955414012739,7.258064516129032,0.019108280254777073,0.34394904458598724,0.0,24595.833333333332,2.4438709677419346,204.1290322580645,0.0
20220123,21,-0.71,3.2414012738853506,90.77070063694268,7.341935483870968,0.013375796178343953,0.31210191082802546,0,24274.423076923078,2.436774193548388,200.1290322580645,0.0
20220123,22,-0.87,3.126751592356687,91.03821656050955,7.187096774193549,0.014649681528662424,0.25477707006369427,0,24108.26923076923,2.5774193548387117,203.5483870967742,0.0
20220123,23,-0.97,3.016560509554141,91.38853503184713,7.077419354838709,0.01210191082802548,0.2929936305732484,0,23172.4358974359,2.50516129032258,198.6451612903226,0.0
20220124,00,-1.0,2.9050955414012747,91.56050955414013,6.909677419354839,0.019745222929936312,0.28662420382165604,0,22930.19230769231,2.5103225806451617,185.8709677419355,0.0
20220124,01,-0.97,2.731847133757962,91.92356687898089,6.767741935483871,0.015923566878980895,0.2929936305732484,0,22019.615384615383,2.508387096774194,186.32258064516128,0.0
20220124,02,-0.87,2.631847133757962,91.91082802547771,6.541935483870968,0.014012738853503189,0.29936305732484075,0,22586.346153846152,2.478709677419355,189.74193548387098,0.0
20220124,03,-0.71,2.491719745222929,92.03821656050955,6.316129032258065,0.011464968152866245,0.28662420382165604,0.0,21926.73076923077,2.48258064516129,192.6451612903226,0.0
20220124,04,-0.5,2.3140127388535023,92.30573248407643,6.245161290322581,0.014649681528662424,0.2611464968152866,0.0,22131.410256410258,2.4967741935483874,202.06451612903226,0.0
20220124,05,-0.26,2.207643312101911,92.14649681528662,6.27741935483871,0.009554140127388535,0.28662420382165604,0.0,22387.30769230769,2.3916129032258064,190.0,0.0
20220124,06,-0.0,2.131847133757961,92.40764331210191,6.393548387096774,0.010828025477707006,0.25477707006369427,0.0,20994.48717948718,2.2735483870967728,193.67741935483872,0.0
20220124,07,0.26,2.0929936305732473,91.94267515923566,6.529032258064516,0.010191082802547772,0.29936305732484075,0.0,20818.589743589742,2.3341935483870966,181.29032258064515,0.75
20220124,08,0.5,2.238216560509552,91.40764331210191,6.696774193548387,0.01337579617834395,0.2611464968152866,3.1346153846153846,21241.346153846152,2.3232258064516125,177.80645161290323,477.75
20220124,09,0.71,2.653503184713374,90.03821656050955,6.554838709677419,0.009554140127388536,0.27388535031847133,8.948717948717949,22419.55128205128,2.350322580645161,173.3548387096774,2550.75
20220124,10,0.87,3.1089171974522287,87.71974522292993,6.690322580645161,0.002547770700636943,0.19745222929936307,10.461538461538462,27339.80769230769,2.6277419354838716,171.74193548387098,4916.25
20220124,11,0.97,3.4681528662420376,85.5031847133758,6.769230769230769,0.0012738853503184715,0.1910828025477707,10.397435897435898,31651.153846153848,2.7535483870967723,175.93548387096774,6499.75
20220124,12,1.0,3.7547770700636955,83.89808917197452,6.512820512820513,0.0006369426751592357,0.17197452229299362,11.320512820512821,33245.57692307692,2.8206451612903236,179.8709677419355,7263.0
20220124,13,0.97,3.9025477707006364,83.01910828025478,6.423076923076923,0.001282051282051282,0.19230769230769232,12.83974358974359,33710.38461538462,2.825806451612905,185.61290322580646,6953.0
20220124,14,0.87,3.8885350318471352,82.71974522292993,6.230769230769231,0.0057692307692307696,0.20512820512820512,14.16025641025641,34631.217948717946,2.7670967741935493,185.67741935483872,5380.0
20220124,15,0.71,3.673248407643313,83.90445859872611,6.211538461538462,0.002564102564102564,0.1987179487179487,13.846153846153847,32214.48717948718,2.7038709677419352,187.16129032258064,2903.5
20220124,16,0.5,3.2700636942675163,86.02547770700637,6.198717948717949,0.002564102564102564,0.21794871794871795,10.826923076923077,29928.846153846152,2.579354838709678,188.25806451612902,626.25
20220124,17,0.26,2.7917197452229288,87.71337579617834,6.089743589743589,0.001282051282051282,0.22435897435897437,0.38461538461538464,26262.94871794872,2.3974193548387097,188.83870967741936,3.5
20220124,18,0.0,2.4974522292993635,88.56050955414013,6.012820512820513,0.001282051282051282,0.22435897435897437,0.0,24144.29487179487,2.335483870967741,191.80645161290323,0.0
20220124,19,-0.26,2.2713375796178337,89.14012738853503,6.044871794871795,0.000641025641025641,0.22435897435897437,0.0,22159.615384615383,2.301290322580646,196.51612903225808,0.0
20220124,20,-0.5,2.12547770700637,89.71337579617834,5.903846153846154,0.0019230769230769234,0.19230769230769232,0.0,20471.28205128205,2.3103225806451633,203.09677419354838,0.0
20220124,21,-0.71,1.9165605095541403,90.12738853503184,5.858974358974359,0.0019230769230769234,0.20512820512820512,0,18869.23076923077,2.3090322580645166,207.16129032258064,0.0
20220124,22,-0.87,1.7732484076433126,90.51592356687898,5.782051282051282,0.003205128205128205,0.19230769230769232,0,17680.0641025641,2.3180645161290325,201.09677419354838,0.0
20220124,23,-0.97,1.6191082802547767,90.6624203821656,5.833333333333333,0.003846153846153846,0.1794871794871795,0,16437.628205128207,2.2754838709677427,204.4516129032258,0.0
20220125,00,-1.0,1.5050955414012728,90.828025477707,5.8076923076923075,0.0019230769230769234,0.21794871794871795,0,15501.538461538461,2.301290322580646,213.3548387096774,0.0
20220125,01,-0.97,1.3573248407643315,91.13375796178345,5.769230769230769,0.001282051282051282,0.26282051282051283,0,15371.538461538461,2.3335483870967755,215.74193548387098,0.0
20220125,02,-0.87,1.2114649681528658,91.53503184713375,5.852564102564102,0.0,0.21794871794871795,0,14116.666666666666,2.32774193548387,213.09677419354838,0.0
20220125,03,-0.71,1.0745222929936313,91.62420382165605,6.108974358974359,0.001282051282051282,0.23076923076923078,0.0,13014.935897435897,2.335483870967743,220.25806451612902,0.0
20220125,04,-0.5,0.9426751592356688,91.9171974522293,6.153846153846154,0.001282051282051282,0.23076923076923078,0.0,13238.397435897436,2.453548387096774,224.7741935483871,0.0
20220125,05,-0.26,0.8636942675159228,91.94267515923566,6.282051282051282,0.000641025641025641,0.23717948717948717,0.0,13105.448717948719,2.4754838709677407,223.5483870967742,0.0
20220125,06,-0.0,0.8038216560509557,92.03821656050955,6.358974358974359,0.000641025641025641,0.3141025641025641,0.0,12534.294871794871,2.459354838709677,230.19354838709677,0.0
20220125,07,0.26,0.7089171974522291,92.12101910828025,6.583333333333333,0.001282051282051282,0.358974358974359,0.0,11832.24358974359,2.413548387096774,231.5483870967742,1.25
20220125,08,0.5,0.8070063694267514,91.92993630573248,6.673076923076923,0.003846153846153847,0.3782051282051282,2.673076923076923,11814.74358974359,2.3838709677419354,231.16129032258064,280.5
20220125,09,0.71,1.1885350318471335,91.24203821656052,6.762820512820513,0.006451612903225806,0.43870967741935485,8.019354838709678,11278.26923076923,2.424516129032257,226.19354838709677,1568.5
20220125,10,0.87,1.6554140127388537,90.2547770700637,6.717948717948718,0.008333333333333331,0.46153846153846156,8.709677419354838,11404.423076923076,2.465806451612903,234.0,3348.5
20220125,11,0.97,2.008917197452228,89.47133757961784,6.782051282051282,0.004516129032258064,0.41935483870967744,8.670967741935485,11408.461538461539,2.554838709677419,226.6451612903226,4828.25
20220125,12,1.0,2.3343949044585997,88.5031847133758,6.871794871794871,0.005161290322580645,0.36774193548387096,9.09032258064516,12318.653846153846,2.6425806451612908,231.29032258064515,5498.75
20220125,13,0.97,2.504458598726116,88.19108280254777,6.782051282051282,0.006451612903225806,0.34838709677419355,8.406451612903226,13249.615384615385,2.684516129032258,233.09677419354838,5326.0
20220125,14,0.87,2.4847133757961792,88.51592356687898,6.852564102564102,0.0032258064516129032,0.3548387096774194,7.703225806451613,13575.76923076923,2.7103225806451605,242.6451612903226,4001.25
20220125,15,0.71,2.324203821656051,89.31210191082802,6.852564102564102,0.00838709677419355,0.3419354838709677,7.490322580645161,12885.064102564103,2.688387096774193,255.16129032258064,2022.25
20220125,16,0.5,1.9560509554140124,90.94267515923566,6.955128205128205,0.0070967741935483875,0.36774193548387096,5.122580645161291,11985.128205128205,2.6387096774193544,254.58064516129033,412.75
20220125,17,0.26,1.6598726114649671,92.00636942675159,7.006410256410256,0.009032258064516128,0.34838709677419355,0.13548387096774195,11028.589743589744,2.6212903225806468,252.58064516129033,2.75
20220125,18,0.0,1.4573248407643302,92.28025477707007,7.076923076923077,0.012903225806451613,0.34838709677419355,0.0,10860.320512820514,2.562580645161291,243.41935483870967,0.0
20220125,19,-0.26,1.2987261146496818,92.6624203821656,7.153846153846154,0.011612903225806452,0.3161290322580645,0.0,10267.564102564103,2.5638709677419342,243.3548387096774,0.0
20220125,20,-0.5,1.1904458598726122,92.63057324840764,7.141025641025641,0.00967741935483871,0.34838709677419355,0.0,9964.74358974359,2.5716129032258066,240.06451612903226,0.0
20220125,21,-0.71,1.0987261146496825,92.47133757961784,7.17948717948718,0.011612903225806452,0.3741935483870968,0,9921.98717948718,2.5464516129032275,241.8709677419355,0.0
20220125,22,-0.87,1.0503184713375797,92.54140127388536,7.217948717948718,0.005806451612903225,0.3741935483870968,0,9881.666666666666,2.5883870967741927,243.5483870967742,0.0
20220125,23,-0.97,0.9528662420382175,92.45859872611464,7.294871794871795,0.010967741935483872,0.3741935483870968,0,10320.961538461539,2.6412903225806463,245.41935483870967,0.0
20220126,00,-1.0,0.8420382165605095,92.21019108280255,7.205128205128205,0.015483870967741935,0.4258064516129032,0,9970.0,2.8303225806451615,252.7741935483871,0.0
20220126,01,-0.97,0.7579617834394903,92.15286624203821,7.17948717948718,0.016129032258064516,0.432258064516129,0,10876.73076923077,2.926451612903226,253.48387096774192,0.0
20220126,02,-0.87,0.670063694267516,92.10191082802548,7.198717948717949,0.010322580645161292,0.45806451612903226,0,11026.73076923077,3.1212903225806463,257.93548387096774,0.0
20220126,03,-0.71,0.5974522292993629,91.85987261146497,7.243589743589744,0.014193548387096775,0.49032258064516127,0.0,11101.98717948718,3.138709677419356,256.258064516129,0.0
20220126,04,-0.5,0.4490445859872607,91.87898089171975,7.2756410256410255,0.013461538461538466,0.47435897435897434,0.0,10729.166666666666,3.2019354838709684,260.1290322580645,0.0
20220126,05,-0.26,0.3700636942675157,91.70700636942675,7.301282051282051,0.01096774193548387,0.4967741935483871,0.0,10195.064102564103,3.305161290322579,253.2258064516129,0.0
20220126,06,-0.0,0.326114649681529,91.56050955414013,7.32051282051282,0.004487179487179487,0.5064102564102564,0.0,10437.307692307691,3.4180645161290335,255.3548387096774,0.0
20220126,07,0.26,0.26687898089171985,91.29299363057325,7.243589743589744,0.005844155844155844,0.5,0.0,10047.24358974359,3.6522580645161278,255.61290322580646,1.25
20220126,08,0.5,0.2719745222929936,90.70063694267516,7.301282051282051,0.0025974025974025974,0.5194805194805194,1.8516129032258064,10484.358974358975,3.716774193548388,253.29032258064515,285.0
20220126,09,0.71,0.45705128205128237,89.87820512820512,7.316129032258065,0.0032679738562091504,0.5555555555555556,3.538961038961039,11123.935483870968,3.9285714285714293,253.09677419354838,1398.75
20220126,10,0.87,0.7339743589743588,88.6474358974359,7.348387096774194,0.0013071895424836603,0.5424836601307189,3.987012987012987,11884.774193548386,4.227922077922077,254.28571428571428,2749.25
20220126,11,0.97,0.9108974358974357,88.2948717948718,7.296774193548387,0.0013071895424836603,0.5882352941176471,3.9415584415584415,11708.129032258064,4.388961038961041,258.3766233766234,3831.5
20220126,12,1.0,1.06025641025641,88.07051282051282,7.264516129032258,0.003246753246753247,0.577922077922078,4.642857142857143,11753.09677419355,4.537662337662336,260.64935064935065,4299.0
20220126,13,0.97,1.1083333333333334,87.96153846153847,7.258064516129032,0.0012903225806451613,0.6064516129032258,4.584415584415584,11403.41935483871,4.605194805194804,261.6233766233766,3990.25
20220126,14,0.87,1.131410256410256,87.90384615384616,7.219354838709678,0.004516129032258064,0.6,5.0064935064935066,11682.967741935483,4.666883116883119,261.94805194805195,3075.5
20220126,15,0.71,1.0653846153846154,88.07692307692308,7.148387096774194,0.0019354838709677422,0.5483870967741935,4.779220779220779,11746.387096774193,4.735714285714286,260.84415584415586,1649.5
20220126,16,0.5,0.908333333333334,88.72435897435898,7.258064516129032,0.0019354838709677422,0.4645161290322581,3.6818181818181817,11386.709677419354,4.766233766233767,260.97402597402595,349.0
20220126,17,0.26,0.8256410256410254,89.26923076923077,7.587096774193548,0.0012903225806451613,0.4258064516129032,0.16883116883116883,10747.09677419355,4.714935064935063,257.53246753246754,2.5
20220126,18,0.0,0.8224358974358977,89.6025641025641,7.703225806451613,0.0006451612903225806,0.34838709677419355,0.0,10712.129032258064,4.766233766233766,255.19480519480518,0.0
20220126,19,-0.26,0.8397435897435898,89.65384615384616,7.812903225806451,0.0025806451612903226,0.27741935483870966,0.0,10467.41935483871,4.798051948051945,255.0,0.0
20220126,20,-0.5,0.8467948717948716,89.86538461538461,7.7612903225806456,0.003870967741935484,0.36129032258064514,0.0,10065.806451612903,4.8792207792207805,252.2077922077922,0.0
20220126,21,-0.71,0.8807692307692309,90.02564102564102,7.638709677419355,0.0025806451612903226,0.3870967741935484,0,10176.129032258064,4.9201298701298715,251.8181818181818,0.0
20220126,22,-0.87,0.9173076923076926,89.62179487179488,7.638709677419355,0.0012903225806451613,0.36129032258064514,0,11155.225806451614,5.040909090909088,249.15584415584416,0.0
20220126,23,-0.97,0.9032051282051288,89.6025641025641,7.67741935483871,0.0,0.3935483870967742,0,11295.290322580646,5.158441558441559,247.7922077922078,0.0
20220127,00,-1.0,0.887820512820513,89.25,7.7290322580645165,0.0025806451612903226,0.33548387096774196,0,12122.258064516129,5.290259740259743,246.94805194805195,0.0
20220127,01,-0.97,0.894871794871795,88.92948717948718,7.670967741935484,0.0032258064516129032,0.23870967741935484,0,12512.838709677419,5.50064935064935,244.67532467532467,0.0
20220127,02,-0.87,0.8711538461538467,88.68589743589743,7.645161290322581,0.005161290322580645,0.21935483870967742,0,13143.677419354839,5.729870129870129,242.92207792207793,0.0
20220127,03,-0.71,0.8358974358974356,88.46153846153847,7.632258064516129,0.01806451612903226,0.25161290322580643,0.0,13314.0,5.849350649350651,242.14285714285714,0.0
20220127,04,-0.5,0.8307692307692301,88.12820512820512,7.735483870967742,0.03935483870967742,0.27741935483870966,0.0,13619.161290322581,6.050000000000001,241.23376623376623,0.0
20220127,05,-0.26,0.8461538461538455,87.76923076923077,7.703225806451613,0.07179487179487179,0.28846153846153844,0.0,13752.193548387097,6.296753246753245,240.25974025974025,0.0
20220127,06,-0.0,0.907051282051282,87.37820512820512,7.748387096774193,0.062179487179487174,0.28205128205128205,0.0,13744.774193548386,6.470129870129869,240.45454545454547,0.0
20220127,07,0.26,0.9275641025641023,87.51923076923077,7.696774193548387,0.05961538461538461,0.3717948717948718,0.0,13331.548387096775,6.506493506493508,237.5974025974026,2.5
20220127,08,0.5,1.1083333333333332,87.1923076923077,7.574193548387097,0.03974358974358975,0.42948717948717946,1.3766233766233766,13282.516129032258,6.474025974025976,239.93506493506493,561.0
20220127,09,0.71,1.486538461538462,86.4423076923077,7.496774193548387,0.042307692307692296,0.4423076923076923,6.4935064935064934,14142.129032258064,6.657792207792209,240.06493506493507,2305.5
20220127,10,0.87,2.01025641025641,85.58974358974359,7.51948051948052,0.03717948717948717,0.44871794871794873,8.88961038961039,15050.0,6.722077922077926,242.85714285714286,4463.5
20220127,11,0.97,2.481410256410256,85.01282051282051,7.27741935483871,0.06025641025641024,0.4423076923076923,9.454545454545455,16613.225806451614,6.859090909090908,245.19480519480518,5973.0
20220127,12,1.0,2.8717948717948714,84.65384615384616,7.2387096774193544,0.06645161290322579,0.5161290322580645,10.188311688311689,17015.354838709678,6.9441558441558415,246.36363636363637,6729.25
20220127,13,0.97,3.19423076923077,84.42948717948718,7.096774193548387,0.07290322580645159,0.5548387096774193,12.316129032258065,18658.516129032258,7.014285714285714,247.7922077922078,6326.0
20220127,14,0.87,3.438461538461537,83.96153846153847,6.916129032258064,0.09096774193548385,0.5741935483870968,12.270967741935484,21294.967741935485,7.112987012987009,249.54545454545453,4906.0
20220127,15,0.71,3.4948717948717922,84.21153846153847,6.948387096774193,0.0729032258064516,0.6,10.664516129032258,20131.935483870966,7.020129870129874,252.33766233766235,2633.25
20220127,16,0.5,3.385256410256411,84.48076923076923,6.690322580645161,0.10709677419354838,0.7032258064516129,5.219354838709678,21184.064516129034,6.877922077922077,255.06493506493507,589.0
20220127,17,0.26,3.218589743589745,85.01282051282051,6.451612903225806,0.14000000000000004,0.7548387096774194,0.2,22278.83870967742,6.864935064935065,255.5194805194805,3.5
20220127,18,0.0,3.1782051282051276,85.2051282051282,6.245161290322581,0.1464516129032258,0.7096774193548387,0.0,23477.8064516129,7.051948051948051,255.58441558441558,0.0
20220127,19,-0.26,3.180128205128205,85.28846153846153,6.72258064516129,0.1767741935483872,0.7354838709677419,0.0,24124.129032258064,7.260389610389613,258.05194805194805,0.0
20220127,20,-0.5,3.2467948717948727,84.92948717948718,6.890322580645162,0.18193548387096783,0.7096774193548387,0.0,24865.290322580644,7.448701298701298,262.46753246753246,0.0
20220127,21,-0.71,3.2692307692307683,84.39102564102564,6.612903225806452,0.15419354838709678,0.6967741935483871,0,26744.451612903227,7.651948051948054,269.2207792207792,0.0
20220127,22,-0.87,3.2025641025641045,84.74358974358974,6.406451612903226,0.19548387096774195,0.6516129032258065,0,28066.1935483871,7.631818181818182,275.84415584415586,0.0
20220127,23,-0.97,3.253846153846152,84.01923076923077,6.683870967741935,0.1329032258064516,0.5935483870967742,0,26799.16129032258,7.727272727272728,274.7402597402597,0.0
20220128,00,-1.0,3.2307692307692313,83.1025641025641,6.496774193548387,0.09225806451612902,0.5741935483870968,0,26304.774193548386,7.812337662337661,278.5064935064935,0.0
20220128,01,-0.97,3.127564102564101,82.73717948717949,6.709677419354839,0.08838709677419353,0.6,0,26873.935483870966,7.767532467532466,278.7012987012987,0.0
20220128,02,-0.87,3.0249999999999986,82.27564102564102,6.27741935483871,0.057419354838709656,0.5741935483870968,0,26412.1935483871,7.60194805194805,282.72727272727275,0.0
20220128,03,-0.71,2.8974358974358974,82.03846153846153,6.451612903225806,0.04838709677419354,0.5419354838709678,0.0,27525.16129032258,7.536363636363639,278.57142857142856,0.0
20220128,04,-0.5,2.7929487179487182,81.6474358974359,6.361290322580645,0.045806451612903226,0.567741935483871,0.0,28502.064516129034,7.338961038961042,282.7922077922078,0.0
20220128,05,-0.26,2.6775641025641037,81.21153846153847,6.2064516129032254,0.04709677419354839,0.5225806451612903,0.0,27687.8064516129,7.238961038961039,283.5064935064935,0.0
20220128,06,-0.0,2.5724358974358976,81.57692307692308,6.141935483870967,0.041935483870967745,0.4645161290322581,0.0,25134.451612903227,6.959090909090909,287.3376623376623,0.0
20220128,07,0.26,2.428846153846153,81.73076923076923,5.935483870967742,0.0335483870967742,0.44516129032258067,0.0,25604.516129032258,6.615584415584411,286.42857142857144,2.75
20220128,08,0.5,2.421153846153845,81.46153846153847,5.754838709677419,0.03354838709677419,0.41935483870967744,2.3096774193548386,26141.935483870966,6.351298701298703,285.12987012987014,668.0
20220128,09,0.71,2.7820512820512837,79.71153846153847,5.7612903225806456,0.021290322580645164,0.36774193548387096,14.329032258064515,28219.354838709678,6.154545454545456,287.53246753246754,3315.25
20220128,10,0.87,3.25897435897436,77.37820512820512,5.780645161290322,0.0432258064516129,0.34838709677419355,18.61935483870968,28358.645161290322,6.2038961038961045,289.2857142857143,6933.0
20220128,11,0.97,3.724999999999999,74.58333333333333,5.84516129032258,0.019230769230769232,0.28846153846153844,21.4,30495.41935483871,6.172727272727274,294.15584415584414,9317.5
20220128,12,1.0,4.00891719745223,72.18471337579618,5.705128205128205,0.016560509554140127,0.2802547770700637,23.470967741935485,32865.38461538462,6.1722580645161305,296.51612903225805,10152.25
20220128,13,0.97,4.204458598726112,70.26114649681529,5.596153846153846,0.011464968152866243,0.2484076433121019,24.891025641025642,35690.256410256414,5.945161290322581,294.38709677419354,9789.0
20220128,14,0.87,4.165605095541401,69.828025477707,5.621794871794871,0.009554140127388536,0.19745222929936307,23.397435897435898,36686.153846153844,5.65483870967742,292.38709677419354,7592.0
20220128,15,0.71,3.894904458598724,71.23566878980891,5.769230769230769,0.002547770700636943,0.11464968152866242,20.91025641025641,36258.205128205125,5.144516129032259,286.258064516129,4111.0
20220128,16,0.5,3.2509554140127377,74.28662420382166,6.685897435897436,0.0070063694267515925,0.12101910828025478,7.506410256410256,34793.653846153844,4.453548387096774,285.03225806451616,887.75
20220128,17,0.26,2.757961783439491,77.21019108280255,7.269230769230769,0.0012738853503184715,0.11464968152866242,0.02564102564102564,33933.91025641026,3.9606451612903233,274.38709677419354,10.0
20220128,18,0.0,2.450318471337579,79.61783439490446,7.794871794871795,0.0,0.012738853503184714,0.0,31428.20512820513,3.7438709677419366,262.06451612903226,0.0
20220128,19,-0.26,2.35031847133758,80.85987261146497,7.7243589743589745,0.0,0.03821656050955414,0.0,29232.05128205128,3.7535483870967745,258.06451612903226,0.0
20220128,20,-0.5,2.255414012738853,81.87898089171975,7.82051282051282,0.001910828025477707,0.03821656050955414,0.0,27762.75641025641,3.814838709677419,248.6451612903226,0.0
20220128,21,-0.71,2.198089171974521,83.07006369426752,7.782051282051282,0.0,0.050955414012738856,0,26575.384615384617,3.876774193548389,242.90322580645162,0.0
20220128,22,-0.87,2.197452229299362,83.62420382165605,7.814102564102564,0.0,0.03821656050955414,0,25423.333333333332,4.0535483870967735,236.7741935483871,0.0
20220128,23,-0.97,2.1777070063694257,84.46496815286625,7.647435897435898,0.0012738853503184715,0.06369426751592357,0,24589.423076923078,4.291612903225804,231.3548387096774,0.0
20220129,00,-1.0,2.236305732484077,84.7515923566879,7.698717948717949,0.012101910828025478,0.12101910828025478,0,23247.884615384617,4.439999999999999,228.38709677419354,0.0
20220129,01,-0.97,2.2828025477707015,85.4968152866242,7.711538461538462,0.04522292993630573,0.1910828025477707,0,22247.4358974359,4.710967741935484,228.6451612903226,0.0
20220129,02,-0.87,2.3636942675159243,86.40127388535032,7.7756410256410255,0.06305732484076432,0.267515923566879,0,21318.333333333332,4.888387096774193,228.51612903225808,0.0
20220129,03,-0.71,2.479617834394905,87.35031847133757,7.7243589743589745,0.08917197452229299,0.34394904458598724,0.0,20518.653846153848,5.101290322580644,230.4516129032258,0.0
20220129,04,-0.5,2.5929936305732473,88.10828025477707,7.743589743589744,0.1484076433121019,0.4585987261146497,0.0,19333.846153846152,5.329032258064518,232.19354838709677,0.0
20220129,05,-0.26,2.7095541401273904,89.02547770700637,7.698717948717949,0.16305732484076432,0.5159235668789809,0.0,17674.74358974359,5.646451612903225,230.25806451612902,0.0
20220129,06,-0.0,2.894267515923567,89.67515923566879,7.756410256410256,0.17452229299363062,0.5286624203821656,0.0,18503.589743589742,5.984516129032257,230.38709677419354,0.0
20220129,07,0.26,3.1108280254777068,89.98726114649682,7.705128205128205,0.18789808917197456,0.5286624203821656,0.0,17388.333333333332,6.328387096774195,230.7741935483871,2.5
20220129,08,0.5,3.406369426751592,89.92356687898089,7.756410256410256,0.21592356687898093,0.5031847133757962,0.0,18425.19230769231,6.62451612903226,231.3548387096774,241.0
20220129,09,0.71,3.86815286624204,88.73248407643312,7.67948717948718,0.19235668789808916,0.5159235668789809,0.1282051282051282,21080.128205128207,6.853548387096775,235.74193548387098,1020.25
20220129,10,0.87,4.369426751592359,87.94267515923566,7.8076923076923075,0.12229299363057322,0.5031847133757962,1.0897435897435896,22930.32051282051,7.180000000000003,237.61290322580646,2134.75
20220129,11,0.97,4.910828025477709,86.92993630573248,7.7243589743589745,0.0700636942675159,0.45222929936305734,1.4294871794871795,25953.589743589742,7.481290322580644,240.12987012987014,3211.25
20220129,12,1.0,5.418471337579618,85.8407643312102,7.685897435897436,0.02738853503184713,0.4140127388535032,1.1987179487179487,29586.02564102564,7.967741935483874,242.14285714285714,4019.5
20220129,13,0.97,5.853503184713376,84.52866242038216,7.5576923076923075,0.01210191082802548,0.37579617834394907,2.1858974358974357,32510.51282051282,8.290967741935486,244.15584415584416,3975.0
20220129,14,0.87,6.204458598726113,83.6624203821656,7.435897435897436,0.010191082802547772,0.4012738853503185,2.9166666666666665,35035.256410256414,8.54838709677419,245.7792207792208,3052.75
20220129,15,0.71,6.410191082802548,83.828025477707,7.384615384615385,0.022292993630573257,0.4840764331210191,3.1474358974358974,33334.9358974359,8.785806451612903,246.2987012987013,1623.5
20220129,16,0.5,6.47770700636943,83.85987261146497,7.576923076923077,0.0503184713375796,0.5923566878980892,1.7435897435897436,31642.24358974359,8.938064516129032,247.27272727272728,426.5
20220129,17,0.26,6.503821656050956,83.80891719745223,7.506410256410256,0.08280254777070062,0.6305732484076433,0.11538461538461539,29730.19230769231,9.254838709677419,249.74025974025975,5.75
20220129,18,0.0,6.5350318471337605,82.40127388535032,7.378205128205129,0.1178343949044586,0.6878980891719745,0.0,31276.02564102564,9.623225806451618,254.15584415584416,0.0
20220129,19,-0.26,6.4503184713375825,81.5732484076433,7.090322580645161,0.15987261146496817,0.7515923566878981,0.0,31791.02564102564,9.80967741935484,259.4155844155844,0.0
20220129,20,-0.5,6.289808917197451,80.1656050955414,6.812903225806451,0.18152866242038224,0.7261146496815286,0.0,32332.4358974359,9.985714285714284,264.1830065359477,0.0
20220129,21,-0.71,6.087898089171974,78.85350318471338,6.767741935483871,0.19235668789808927,0.7133757961783439,0,30590.76923076923,9.931818181818187,267.72727272727275,0.0
20220129,22,-0.87,5.87643312101911,78.5031847133758,6.647435897435898,0.1184713375796178,0.6815286624203821,0,31320.32051282051,9.961290322580645,270.3267973856209,0.0
20220129,23,-0.97,5.6968152866242034,77.85987261146497,6.57051282051282,0.15031847133757964,0.6751592356687898,0,33672.307692307695,9.961290322580647,273.66013071895424,0.0
20220130,00,-1.0,5.454140127388535,77.88535031847134,6.423076923076923,0.07961783439490443,0.6178343949044586,0,31921.089743589742,9.830967741935483,274.3137254901961,0.0
20220130,01,-0.97,5.263694267515927,77.67515923566879,6.326923076923077,0.0840764331210191,0.6369426751592356,0,29403.548387096773,9.75612903225807,275.42483660130716,0.0
20220130,02,-0.87,5.057961783439493,77.22292993630573,6.538461538461538,0.09426751592356686,0.5859872611464968,0,28239.41935483871,9.68967741935484,275.4901960784314,0.0
20220130,03,-0.71,4.8910828025477695,76.35031847133757,6.564102564102564,0.06815286624203822,0.5286624203821656,0.0,29806.58064516129,9.823870967741932,277.05882352941177,0.0
20220130,04,-0.5,4.664331210191085,76.07643312101911,6.576923076923077,0.054140127388535034,0.5477707006369427,0.0,29939.415584415583,9.725161290322575,279.2156862745098,0.0
20220130,05,-0.26,4.492993630573251,75.70063694267516,6.333333333333333,0.06815286624203822,0.5414012738853503,0.0,29196.2091503268,9.749677419354839,279.08496732026146,0.0
20220130,06,-0.0,4.354777070063696,74.89808917197452,6.352564102564102,0.038853503184713374,0.5031847133757962,0.0,30211.69934640523,9.750967741935487,281.96078431372547,0.0
20220130,07,0.26,4.179617834394905,74.27388535031847,6.07051282051282,0.031847133757961776,0.4585987261146497,0.0,28191.503267973858,9.614838709677413,283.83116883116884,3.75
20220130,08,0.5,4.103821656050957,73.40127388535032,5.967948717948718,0.024840764331210196,0.34394904458598724,1.5677419354838709,28474.313725490196,9.406451612903227,285.5194805194805,929.75
20220130,09,0.71,4.307006369426748,71.52866242038216,6.173076923076923,0.02165605095541401,0.34394904458598724,9.187096774193549,28848.95424836601,9.225161290322587,285.45454545454544,4121.0
20220130,10,0.87,4.594904458598726,69.0,6.147435897435898,0.008280254777070064,0.2802547770700637,14.8,29345.29411764706,9.172903225806452,290.45454545454544,7615.5
20220130,11,0.97,4.839490445859875,66.42038216560509,6.173076923076923,0.008917197452229299,0.1910828025477707,16.303225806451614,29044.96732026144,9.016129032258062,290.12987012987014,9554.75
20220130,12,1.0,5.022292993630573,64.78980891719745,6.0576923076923075,0.001910828025477707,0.1592356687898089,18.45806451612903,30232.418300653593,8.760000000000003,291.8954248366013,10138.75
20220130,13,0.97,5.03821656050955,63.52229299363057,6.006410256410256,0.002547770700636943,0.12738853503184713,18.096774193548388,30149.41176470588,8.457419354838713,292.87581699346407,9570.0
20220130,14,0.87,4.989171974522292,62.8343949044586,6.0576923076923075,0.0006369426751592357,0.07643312101910828,17.580645161290324,30185.723684210527,8.00838709677419,290.06535947712416,7500.0
20220130,15,0.71,4.684713375796179,63.210191082802545,6.07051282051282,0.0,0.06369426751592357,14.35483870967742,30176.490066225164,7.464516129032258,290.06535947712416,4389.25
20220130,16,0.5,4.158598726114649,65.04458598726114,5.8076923076923075,0.0,0.08280254777070063,7.058064516129032,29786.666666666668,6.738709677419354,289.6732026143791,1166.0
20220130,17,0.26,3.5961783439490427,67.07006369426752,5.730769230769231,0.0,0.07643312101910828,0.3419354838709677,29149.466666666667,5.987096774193549,285.29411764705884,19.5
20220130,18,0.0,3.0687898089171974,69.36942675159236,5.923076923076923,0.0,0.050955414012738856,0.0,28317.266666666666,5.30258064516129,281.37254901960785,0.0
20220130,19,-0.26,2.628025477707007,71.13375796178345,5.852564102564102,0.0,0.044585987261146494,0.0,28304.370860927153,4.841290322580645,273.7908496732026,0.0
20220130,20,-0.5,2.2337579617834393,72.69426751592357,6.153846153846154,0.0006369426751592357,0.03184713375796178,0.0,27821.38157894737,4.518064516129032,266.6666666666667,0.0
20220130,21,-0.71,1.9585987261146507,74.6687898089172,6.794871794871795,0.0012738853503184715,0.050955414012738856,0,27097.17105263158,4.254193548387097,263.1372549019608,0.0
20220130,22,-0.87,1.7566878980891716,76.19108280254777,7.32051282051282,0.003821656050955414,0.03821656050955414,0,26256.315789473683,4.005806451612904,254.11764705882354,0.0
20220130,23,-0.97,1.5382165605095546,77.35668789808918,7.564102564102564,0.0006369426751592357,0.08917197452229299,0,26433.973509933774,3.8825806451612923,245.49019607843138,0.0
20220131,00,-1.0,1.4414012738853506,78.35031847133757,7.8076923076923075,0.0,0.025477707006369428,0,25627.814569536426,3.878709677419356,238.4967320261438,0.0
20220131,01,-0.97,1.3878980891719754,79.40127388535032,7.826923076923077,0.005095541401273886,0.07643312101910828,0,26650.933333333334,3.9612903225806453,234.05228758169935,0.0
20220131,02,-0.87,1.3662420382165605,80.22929936305732,7.82051282051282,0.010191082802547772,0.1337579617834395,0,26337.51677852349,4.1987096774193535,231.1764705882353,0.0
20220131,03,-0.71,1.3605095541401282,80.95541401273886,7.788461538461538,0.08280254777070065,0.1910828025477707,0.0,25498.859060402683,4.401290322580644,224.2483660130719,0.0
20220131,04,-0.5,1.3273885350318477,82.36305732484077,7.673076923076923,0.14968152866242038,0.3248407643312102,0.0,24428.791946308724,4.543870967741935,218.1045751633987,0.0
20220131,05,-0.26,1.296178343949045,84.08917197452229,7.564102564102564,0.2031847133757962,0.4394904458598726,0.0,22979.328859060402,4.758709677419355,214.2483660130719,0.0
20220131,06,-0.0,1.2917197452229299,86.19745222929936,7.576923076923077,0.2624203821656051,0.6114649681528662,0.0,20863.691275167785,4.905161290322578,213.33333333333334,0.0
20220131,07,0.26,1.382802547770701,87.50955414012739,7.461538461538462,0.25222929936305727,0.7006369426751592,0.0,19123.28859060403,5.090967741935483,214.2483660130719,3.5
20220131,08,0.5,1.4585987261146496,88.92356687898089,7.448717948717949,0.3343949044585987,0.7898089171974523,0.12258064516129032,19296.8,5.13548387096774,214.37908496732027,175.75
20220131,09,0.71,1.680891719745223,89.70700636942675,7.519230769230769,0.3343949044585989,0.8089171974522293,0.567741935483871,18167.666666666668,5.194193548387098,216.07843137254903,1110.5
20220131,10,0.87,2.028025477707006,89.14649681528662,7.519230769230769,0.3286624203821657,0.802547770700637,1.167741935483871,19312.866666666665,5.310322580645163,215.49019607843138,2499.25
20220131,11,0.97,2.401273885350318,87.69426751592357,7.5,0.32820512820512837,0.7628205128205128,2.1354838709677417,22704.8,5.465161290322582,218.75816993464053,3991.5
20220131,12,1.0,2.6496815286624185,86.26751592356688,7.576923076923077,0.27834394904458615,0.7579617834394905,1.7483870967741935,25402.133333333335,5.512258064516127,221.11111111111111,4772.5
20220131,13,0.97,2.7694267515923565,85.70063694267516,7.519230769230769,0.24140127388535032,0.7643312101910829,2.47741935483871,25712.450331125827,5.5509677419354855,220.19607843137254,4349.25
20220131,14,0.87,2.7407643312101917,85.8343949044586,7.448717948717949,0.2611464968152868,0.7643312101910829,1.7806451612903227,25388.145695364237,5.524675324675323,222.6797385620915,3302.75
20220131,15,0.71,2.596178343949045,86.29299363057325,7.403846153846154,0.2426751592356688,0.7133757961783439,1.2193548387096773,25476.11842105263,5.457142857142858,211.9607843137255,1762.25
20220131,16,0.5,2.299363057324841,87.72611464968153,7.416666666666667,0.20700636942675163,0.6878980891719745,0.3935483870967742,24142.82894736842,5.2902597402597396,236.47058823529412,383.25
20220131,17,0.26,2.07579617834395,88.46496815286625,7.4423076923076925,0.20955414012738863,0.6242038216560509,0.0,22990.855263157893,5.164935064935065,257.45098039215685,3.0
20220131,18,0.0,1.9254777070063698,89.00636942675159,7.384615384615385,0.2044585987261146,0.6815286624203821,0.0,22354.238410596026,5.0441558441558465,281.0457516339869,0.0
20220131,19,-0.26,1.785987261146496,89.80891719745223,7.423076923076923,0.1777070063694267,0.6942675159235668,0.0,20783.443708609273,5.014935064935066,293.202614379085,0.0
20220131,20,-0.5,1.6834394904458592,89.96815286624204,7.316129032258065,0.13885350318471334,0.6942675159235668,0.0,21076.887417218542,5.003896103896105,302.7450980392157,0.0
20220131,21,-0.71,1.5477707006369426,90.45859872611464,7.365384615384615,0.18726114649681533,0.7261146496815286,0,17643.64238410596,4.981818181818181,298.8888888888889,0.0
20220131,22,-0.87,1.444585987261146,90.43949044585987,7.435897435897436,0.20063694267515933,0.7898089171974523,0,17358.543046357616,5.007792207792208,293.8562091503268,0.0
20220131,23,-0.97,1.4000000000000001,89.56050955414013,7.384615384615385,0.1509554140127389,0.7197452229299363,0,19571.854304635763,5.096753246753247,293.98692810457516,0.0
20220201,00,-1.0,1.3082802547770709,89.1592356687898,7.358974358974359,0.11273885350318469,0.6624203821656051,0,19902.96052631579,5.025974025974027,290.4575163398693,0.0
20220201,01,-0.97,1.265605095541401,88.75796178343948,7.487179487179487,0.10063694267515923,0.6624203821656051,0,21369.605263157893,5.044155844155845,287.9738562091503,0.0
20220201,02,-0.87,1.1987261146496817,88.5859872611465,7.506410256410256,0.07324840764331207,0.6242038216560509,0,21201.184210526317,4.959090909090909,287.90849673202615,0.0
20220201,03,-0.71,1.1388535031847133,88.39490445859873,7.641025641025641,0.09745222929936304,0.5732484076433121,0.0,22529.07894736842,4.8883116883116875,285.42483660130716,0.0
20220201,04,-0.5,1.1063694267515922,88.32484076433121,7.67948717948718,0.07261146496815286,0.535031847133758,0.0,21581.513157894737,4.90909090909091,282.87581699346407,0.0
20220201,05,-0.26,1.0700636942675155,87.86624203821655,7.67948717948718,0.06560509554140125,0.554140127388535,0.0,21851.842105263157,4.84805194805195,275.8169934640523,0.0
20220201,06,-0.0,1.0687898089171983,87.91082802547771,7.698717948717949,0.08089171974522293,0.5095541401273885,0.0,22922.763157894737,5.024675324675326,268.562091503268,0.0
20220201,07,0.26,1.1388535031847133,87.71974522292993,7.67948717948718,0.06305732484076432,0.4968152866242038,0.0,22270.657894736843,5.196103896103897,262.54901960784315,4.25
20220201,08,0.5,1.2866242038216549,87.36942675159236,7.67948717948718,0.07515923566878979,0.5414012738853503,0.2064516129032258,22421.57894736842,5.434415584415581,257.45098039215685,299.75
20220201,09,0.71,1.5605095541401284,86.94267515923566,7.801282051282051,0.06815286624203817,0.6369426751592356,0.7354838709677419,22754.605263157893,5.803870967741931,253.20261437908496,1498.75
20220201,10,0.87,1.9146496815286616,86.38216560509554,7.782051282051282,0.07452229299363057,0.6942675159235668,0.14193548387096774,22942.847682119205,6.428387096774191,249.15032679738562,2710.0
20220201,11,0.97,2.2560509554140125,85.86624203821655,7.660256410256411,0.1031847133757962,0.8089171974522293,0.4967741935483871,22627.947019867548,6.945806451612904,242.28758169934642,3555.25
20220201,12,1.0,2.4942675159235663,86.5859872611465,7.653846153846154,0.13121019108280255,0.9044585987261147,0.5161290322580645,19342.251655629138,7.438064516129036,243.20261437908496,3645.5
20220201,13,0.97,2.6318471337579625,87.86624203821655,7.461538461538462,0.20764331210191084,0.9363057324840764,0.44516129032258067,16148.079470198676,7.736129032258066,239.47712418300654,3143.0
20220201,14,0.87,2.7649681528662415,88.85350318471338,7.467948717948718,0.3407643312101911,0.9554140127388535,0.36129032258064514,15911.456953642384,7.978064516129034,241.30718954248366,2216.5
20220201,15,0.71,2.958598726114648,89.57961783439491,7.416666666666667,0.3866242038216562,0.9490445859872612,0.3935483870967742,14823.774834437087,8.241290322580642,242.48366013071896,1214.0
20220201,16,0.5,3.1929936305732505,90.18471337579618,7.391025641025641,0.4101910828025479,0.9426751592356688,0.05161290322580645,15392.51655629139,8.330322580645161,247.64705882352942,267.25
20220201,17,0.26,3.5318471337579624,89.67515923566879,7.423076923076923,0.3910828025477708,0.9235668789808917,0.0,17751.324503311258,8.308387096774196,253.26797385620915,2.25
20220201,18,0.0,3.90127388535032,88.68789808917198,7.314102564102564,0.34522292993630577,0.8853503184713376,0.0,20046.225165562915,8.363225806451613,259.73856209150324,0.0
20220201,19,-0.26,4.1796178343949055,87.92356687898089,7.185897435897436,0.3675159235668792,0.89171974522293,0.0,21091.920529801326,8.455483870967745,265.8169934640523,0.0
20220201,20,-0.5,4.405732484076433,87.47133757961784,7.198717948717949,0.29108280254777086,0.910828025477707,0.0,20978.88157894737,8.33612903225806,269.8692810457516,0.0
20220201,21,-0.71,4.591719745222933,86.4267515923567,7.128205128205129,0.24904458598726126,0.8789808917197452,0,24477.894736842107,8.290322580645155,271.75324675324674,0.0
20220201,22,-0.87,4.652229299363055,85.89171974522293,7.076923076923077,0.2796178343949045,0.8407643312101911,0,23442.565789473683,8.207741935483876,276.23376623376623,0.0
20220201,23,-0.97,4.646496815286622,85.69426751592357,7.269230769230769,0.2878980891719745,0.821656050955414,0,24980.592105263157,7.967741935483874,275.97402597402595,0.0
20220202,00,-1.0,4.629299363057324,85.06369426751593,7.416666666666667,0.21592356687898087,0.8471337579617835,0,23882.5,7.923225806451615,278.1168831168831,0.0
20220202,01,-0.97,4.665605095541401,84.1592356687898,7.397435897435898,0.16305732484076438,0.7515923566878981,0,25828.355263157893,7.821290322580645,279.7402597402597,0.0
20220202,02,-0.87,4.607006369426753,83.91082802547771,7.365384615384615,0.1828025477707007,0.6624203821656051,0,25273.88157894737,7.843870967741936,281.16883116883116,0.0
20220202,03,-0.71,4.620382165605096,83.03184713375796,7.416666666666667,0.1299363057324841,0.6496815286624203,0.0,26210.0,7.931612903225806,279.2857142857143,0.0
20220202,04,-0.5,4.5840764331210195,82.61783439490446,7.397435897435898,0.08917197452229299,0.6560509554140127,0.0,24841.184210526317,7.898064516129031,282.4025974025974,0.0
20220202,05,-0.26,4.518471337579613,82.04458598726114,7.403846153846154,0.06305732484076432,0.6114649681528662,0.0,25574.605263157893,7.976129032258064,286.23376623376623,0.0
20220202,06,-0.0,4.436305732484075,81.55414012738854,7.493589743589744,0.11910828025477709,0.6496815286624203,0.0,26295.526315789473,7.923870967741933,288.24675324675326,0.0
20220202,07,0.26,4.302547770700634,81.73248407643312,7.461538461538462,0.10700636942675155,0.6114649681528662,0.0,24076.973684210527,7.789032258064519,287.5974025974026,5.25
20220202,08,0.5,4.349681528662424,81.07643312101911,7.519230769230769,0.12484076433121022,0.6178343949044586,0.6838709677419355,27051.98675496689,7.550967741935478,287.3376623376623,601.0
20220202,09,0.71,4.529936305732485,80.09554140127389,7.4743589743589745,0.09363057324840762,0.5477707006369427,4.038709677419355,26904.834437086094,7.509032258064515,291.5584415584416,2840.25
20220202,10,0.87,4.849681528662423,78.4267515923567,7.160256410256411,0.0592356687898089,0.6242038216560509,7.645161290322581,29632.3178807947,7.4548387096774205,295.7142857142857,5640.75
20220202,11,0.97,5.077707006369427,77.0,6.9743589743589745,0.04522292993630573,0.6242038216560509,11.503225806451614,31530.66225165563,7.545806451612904,296.42857142857144,8242.25
20220202,12,1.0,5.351592356687897,74.5859872611465,6.647435897435898,0.0700636942675159,0.6178343949044586,13.896774193548387,34574.03973509934,7.483225806451612,299.93506493506493,9675.75
20220202,13,0.97,5.3363057324840755,74.3312101910828,6.3076923076923075,0.07564102564102562,0.6538461538461539,16.8,35392.51655629139,7.367096774193549,299.02597402597405,9433.25
20220202,14,0.87,5.308280254777069,74.3375796178344,6.410256410256411,0.091025641025641,0.6153846153846154,16.612903225806452,35871.71052631579,6.994193548387095,298.4415584415584,7631.0
20220202,15,0.71,5.1171974522292984,74.85350318471338,5.762820512820513,0.08589743589743588,0.532051282051282,17.2,38365.85526315789,6.344516129032257,298.5064935064935,4833.75
20220202,16,0.5,4.6828025477707,76.92356687898089,5.737179487179487,0.06730769230769229,0.42948717948717946,12.458064516129033,37064.40789473684,5.555483870967743,296.038961038961,1352.25
20220202,17,0.26,4.125477707006371,79.67515923566879,5.897435897435898,0.06687898089171973,0.3503184713375796,0.2709677419354839,36538.02631578947,4.667741935483872,288.24675324675326,23.25
20220202,18,0.0,3.5726114649681526,82.92993630573248,6.128205128205129,0.05286624203821654,0.24203821656050956,0.0,35564.67105263158,3.956129032258064,276.5584415584416,0.0
20220202,19,-0.26,3.2687898089171985,84.99363057324841,6.467948717948718,0.06687898089171972,0.22929936305732485,0.0,33114.60526315789,3.7503225806451588,267.7922077922078,0.0
20220202,20,-0.5,3.016560509554141,86.89171974522293,6.5,0.07006369426751591,0.2484076433121019,0.0,30381.523178807947,3.586451612903225,263.83116883116884,0.0
20220202,21,-0.71,2.782165605095542,88.45859872611464,6.551282051282051,0.029936305732484066,0.20382165605095542,0,28276.11842105263,3.464516129032259,254.4805194805195,0.0
20220202,22,-0.87,2.6643312101910825,89.63694267515923,6.480769230769231,0.05605095541401274,0.18471337579617833,0,26508.355263157893,3.366451612903226,248.57142857142858,0.0
20220202,23,-0.97,2.557961783439491,90.79617834394904,6.551282051282051,0.04331210191082803,0.22929936305732485,0,24205.065789473683,3.2787096774193545,240.84415584415584,0.0
20220203,00,-1.0,2.561783439490446,91.71337579617834,6.782051282051282,0.052866242038216556,0.2611464968152866,0,21450.0,3.2606451612903227,230.12987012987014,0.0
20220203,01,-0.97,2.6560509554140124,92.39490445859873,6.9423076923076925,0.06878980891719745,0.33121019108280253,0,19724.342105263157,3.248387096774193,222.46753246753246,0.0
20220203,02,-0.87,2.773248407643313,93.26114649681529,7.416666666666667,0.08089171974522294,0.36942675159235666,0,18037.03947368421,3.207096774193549,220.5194805194805,0.0
20220203,03,-0.71,2.954777070063692,93.5859872611465,7.576923076923077,0.07388535031847131,0.4394904458598726,0.0,16638.88157894737,3.1729032258064502,217.4025974025974,0.0
20220203,04,-0.5,3.1114649681528657,93.97452229299363,7.743589743589744,0.06878980891719742,0.49044585987261147,0.0,15906.578947368422,3.203225806451613,210.45454545454547,0.0
20220203,05,-0.26,3.331210191082802,94.04458598726114,7.762820512820513,0.07961783439490444,0.5286624203821656,0.0,17583.355263157893,3.243225806451613,208.90322580645162,0.0
20220203,06,-0.0,3.444585987261147,94.17834394904459,7.769230769230769,0.07006369426751591,0.5222929936305732,0.0,17471.854304635763,3.323225806451615,204.58064516129033,0.0
20220203,07,0.26,3.6471337579617837,94.38853503184713,7.756410256410256,0.0751592356687898,0.5477707006369427,0.0,16045.8940397351,3.388387096774193,205.16129032258064,9.75
20220203,08,0.5,3.9745222929936292,94.1656050955414,7.615384615384615,0.11592356687898084,0.5987261146496815,1.4615384615384615,15047.28476821192,3.501290322580645,200.70967741935485,680.5
20220203,09,0.71,4.610828025477708,92.67515923566879,7.709677419354839,0.1292993630573248,0.5859872611464968,3.9038461538461537,19698.807947019868,3.7348387096774194,203.09677419354838,2399.5
20220203,10,0.87,5.237579617834395,91.1656050955414,7.748387096774193,0.11847133757961786,0.5732484076433121,4.339743589743589,22634.900662251657,4.0019354838709695,204.70967741935485,4219.75
20220203,11,0.97,5.719108280254777,89.94904458598727,7.683870967741935,0.12371794871794868,0.5384615384615384,5.185897435897436,25839.276315789473,4.21806451612903,207.5483870967742,5497.25
20220203,12,1.0,6.022929936305733,89.31210191082802,7.709677419354839,0.143312101910828,0.5605095541401274,2.641025641025641,27220.45751633987,4.258709677419357,212.1290322580645,5626.5
20220203,13,0.97,6.239490445859872,89.03184713375796,7.7612903225806456,0.16242038216560511,0.535031847133758,1.5576923076923077,28910.45751633987,4.188387096774195,209.41935483870967,4909.5
20220203,14,0.87,6.301910828025478,88.73248407643312,7.7612903225806456,0.13312101910828028,0.4968152866242038,1.2692307692307692,29841.052631578947,4.18258064516129,209.74193548387098,3602.25
20220203,15,0.71,6.224203821656053,88.98726114649682,7.730769230769231,0.09999999999999998,0.49044585987261147,0.09615384615384616,31031.25,4.041290322580647,210.51612903225808,2056.25
20220203,16,0.5,5.943949044585986,89.56050955414013,7.756410256410256,0.0681528662420382,0.47770700636942676,0.0,30806.25,3.9058064516129023,211.8709677419355,571.75
20220203,17,0.26,5.668152866242038,90.43312101910828,7.782051282051282,0.07197452229299363,0.43312101910828027,0.0,30081.973684210527,3.763870967741936,216.25806451612902,9.75
20220203,18,0.0,5.447133757961782,91.0828025477707,7.839743589743589,0.04458598726114649,0.4394904458598726,0.0,26980.592105263157,3.742857142857143,212.32258064516128,0.0
20220203,19,-0.26,5.319745222929934,91.03821656050955,7.7243589743589745,0.043949044585987265,0.45222929936305734,0.0,24829.07894736842,3.7188311688311684,217.98701298701297,0.0
20220203,20,-0.5,5.1808917197452224,91.14649681528662,7.737179487179487,0.02356687898089173,0.4968152866242038,0.0,23491.11111111111,3.6551948051948058,220.45454545454547,0.0
20220203,21,-0.71,5.032484076433123,90.98726114649682,7.756410256410256,0.02802547770700636,0.5095541401273885,0,22498.30065359477,3.718831168831166,223.24675324675326,0.0
20220203,22,-0.87,4.870700636942676,91.35668789808918,7.730769230769231,0.03121019108280255,0.5031847133757962,0,21029.934640522875,3.741558441558445,224.4805194805195,0.0
20220203,23,-0.97,4.722292993630576,91.24203821656052,7.346153846153846,0.04968152866242036,0.49044585987261147,0,20789.54248366013,3.7038961038961036,227.98701298701297,0.0
20220204,00,-1.0,4.611464968152866,91.27388535031847,7.365384615384615,0.026282051282051286,0.5,0,20276.40522875817,3.757142857142856,232.85714285714286,0.0
20220204,01,-0.97,4.559235668789808,91.27388535031847,7.5256410256410255,0.02756410256410257,0.4807692307692308,0,20216.03896103896,3.845454545454548,236.23376623376623,0.0
20220204,02,-0.87,4.514649681528662,91.29936305732484,7.361290322580645,0.015923566878980895,0.4968152866242038,0,20013.636363636364,3.9324675324675327,236.94805194805195,0.0
20220204,03,-0.71,4.470063694267516,91.40764331210191,7.380645161290323,0.02165605095541402,0.5222929936305732,0.0,18788.506493506495,4.078571428571429,236.23376623376623,0.0
20220204,04,-0.5,4.403184713375798,91.5859872611465,7.374193548387097,0.02307692307692308,0.5192307692307693,0.0,17676.03896103896,4.051948051948051,233.3116883116883,0.0
20220204,05,-0.26,4.39044585987261,91.43312101910828,7.625806451612903,0.020512820512820513,0.5064102564102564,0.0,18324.22077922078,4.107792207792208,230.71428571428572,0.0
20220204,06,-0.0,4.386624203821657,91.28662420382166,7.580645161290323,0.025,0.5128205128205128,0.0,18337.66233766234,4.249999999999997,231.23376623376623,0.0
20220204,07,0.26,4.414649681528664,90.68789808917198,7.632258064516129,0.0346153846153846,0.5833333333333334,0.0,18545.228758169935,4.42337662337662,227.07792207792207,6.0
20220204,08,0.5,4.588535031847135,90.22929936305732,7.683870967741935,0.025000000000000005,0.6346153846153846,0.05128205128205128,20547.516339869282,4.609090909090908,223.83116883116884,539.75
20220204,09,0.71,4.967948717948715,88.60897435897436,7.574193548387097,0.03012820512820513,0.6730769230769231,1.6538461538461537,24115.359477124184,4.97012987012987,223.37662337662337,2406.0
20220204,10,0.87,5.421153846153847,86.63461538461539,7.593548387096774,0.0178343949044586,0.6178343949044586,2.0576923076923075,29412.922077922078,5.442857142857141,221.75324675324674,4592.75
20220204,11,0.97,5.825641025641027,84.53846153846153,7.625806451612903,0.02307692307692308,0.5512820512820513,2.3461538461538463,34793.246753246756,5.852597402597404,221.03896103896105,6133.0
20220204,12,1.0,6.176282051282055,82.17307692307692,7.445161290322581,0.04038461538461538,0.5769230769230769,3.41025641025641,38810.58441558442,6.14805194805195,223.24675324675326,6435.25
20220204,13,0.97,6.297435897435899,80.96153846153847,7.496774193548387,0.035897435897435895,0.5641025641025641,2.769230769230769,40727.4025974026,6.246103896103894,224.02597402597402,5833.75
20220204,14,0.87,6.307692307692307,79.75641025641026,7.554838709677419,0.08717948717948718,0.5256410256410257,3.5961538461538463,45758.96103896104,6.383766233766232,226.55844155844156,4711.0
20220204,15,0.71,6.130128205128204,79.9551282051282,7.412903225806452,0.10448717948717946,0.5256410256410257,3.3205128205128207,44243.37662337662,6.50974025974026,228.11688311688312,2727.5
20220204,16,0.5,5.705769230769227,81.21153846153847,7.367741935483871,0.18269230769230768,0.5641025641025641,2.9935897435897436,44932.792207792205,6.36038961038961,225.71428571428572,817.5
20220204,17,0.26,5.296794871794871,82.2948717948718,7.290322580645161,0.20961538461538462,0.6346153846153846,0.47435897435897434,45627.46753246753,6.347402597402596,228.83116883116884,21.5
20220204,18,0.0,4.983974358974359,83.21153846153847,7.251612903225807,0.21730769230769234,0.6987179487179487,0.0,46056.493506493505,6.4805194805194795,234.02597402597402,0.0
20220204,19,-0.26,4.744230769230768,83.60897435897436,7.380645161290323,0.20641025641025648,0.7051282051282052,0.0,44202.5974025974,6.7045454545454515,238.57142857142858,0.0
20220204,20,-0.5,4.453205128205127,83.44871794871794,7.251612903225807,0.24871794871794875,0.7051282051282052,0.0,43777.6129032258,6.944805194805197,245.64935064935065,0.0
20220204,21,-0.71,3.9807692307692295,83.66025641025641,6.961290322580645,0.28516129032258064,0.6774193548387096,0,43067.74193548387,6.98961038961039,251.42857142857142,0.0
20220204,22,-0.87,3.616666666666667,83.78846153846153,6.806451612903226,0.19677419354838716,0.7161290322580646,0,43439.48387096774,6.845454545454548,256.6233766233766,0.0
20220204,23,-0.97,3.1589743589743606,84.09615384615384,6.341935483870968,0.17483870967741935,0.6774193548387096,0,43121.8064516129,6.834415584415584,262.012987012987,0.0
20220205,00,-1.0,2.785897435897436,84.01282051282051,5.961290322580645,0.07741935483870967,0.6064516129032258,0,43393.032258064515,6.695454545454544,265.1948051948052,0.0
20220205,01,-0.97,2.4705128205128215,84.2948717948718,5.851612903225806,0.061538461538461535,0.5192307692307693,0,41578.645161290326,6.411038961038962,260.1948051948052,0.0
20220205,02,-0.87,2.164102564102565,84.47435897435898,5.367741935483871,0.09166666666666663,0.48717948717948717,0,42254.77419354839,6.2376623376623375,260.5844155844156,0.0
20220205,03,-0.71,1.9467948717948707,84.41025641025641,5.412903225806452,0.0808917197452229,0.445859872611465,0.0,42634.1935483871,5.977922077922075,258.5064935064935,0.0
20220205,04,-0.5,1.8384615384615377,83.76282051282051,5.490322580645161,0.06305732484076432,0.34394904458598724,0.0,42112.1935483871,5.879220779220775,255.45454545454547,0.0
20220205,05,-0.26,1.6846153846153857,83.86538461538461,5.638709677419355,0.07564102564102565,0.33974358974358976,0.0,42041.032258064515,5.7506493506493515,255.0,0.0
20220205,06,-0.0,1.544871794871794,84.26282051282051,5.632258064516129,0.041401273885350316,0.28662420382165604,0.0,41871.41935483871,5.605844155844154,249.93506493506493,0.0
20220205,07,0.26,1.3974358974358976,84.8076923076923,5.264516129032258,0.06217948717948719,0.27564102564102566,0.01935483870967742,40553.8064516129,5.590909090909091,250.06493506493507,24.5
20220205,08,0.5,1.621153846153846,83.99358974358974,4.909677419354839,0.04615384615384615,0.3076923076923077,8.625806451612902,38892.1935483871,5.379870129870129,247.14285714285714,1760.75
20220205,09,0.71,2.276923076923076,81.4551282051282,4.703225806451613,0.02628205128205128,0.26282051282051283,26.548387096774192,40801.93548387097,5.625324675324674,244.2207792207792,6639.0
20220205,10,0.87,3.066666666666667,78.31410256410257,5.454545454545454,0.000641025641025641,0.1858974358974359,29.12258064516129,41388.06451612903,6.093506493506492,250.0,11581.0
20220205,11,0.97,3.69423076923077,75.3076923076923,6.123376623376624,0.010897435897435899,0.19230769230769232,27.348387096774193,42552.645161290326,6.464935064935063,250.64935064935065,13937.5
20220205,12,1.0,4.228846153846155,72.17948717948718,6.038961038961039,0.007051282051282052,0.17307692307692307,25.72258064516129,45203.032258064515,6.671428571428566,250.71428571428572,14108.75
20220205,13,0.97,4.537179487179487,69.52564102564102,6.264516129032258,0.004487179487179487,0.1858974358974359,23.16774193548387,47585.93548387097,6.770129870129874,249.54545454545453,12974.25
20220205,14,0.87,4.635256410256408,68.25,6.32258064516129,0.0057692307692307696,0.19230769230769232,19.322580645161292,50203.54838709677,6.7448051948051955,248.37662337662337,10536.25
20220205,15,0.71,4.525641025641027,68.16666666666667,6.148387096774194,0.005128205128205128,0.1346153846153846,15.716129032258065,51278.83870967742,6.59090909090909,245.58441558441558,6589.5
20220205,16,0.5,4.157692307692307,69.4551282051282,6.058064516129032,0.0019230769230769234,0.10256410256410256,13.0,51658.967741935485,6.287012987012986,241.8181818181818,2136.5
20220205,17,0.26,3.619230769230771,71.83974358974359,6.148387096774194,0.0,0.10256410256410256,2.935483870967742,50191.87096774193,5.7889610389610375,239.15584415584416,75.25
20220205,18,0.0,3.3660256410256406,73.28846153846153,6.174193548387096,0.0057692307692307696,0.10897435897435898,0.0,48874.3870967742,5.777272727272728,232.92207792207793,0.0
20220205,19,-0.26,3.1891025641025648,74.64102564102564,6.27741935483871,0.01858974358974359,0.16666666666666666,0.0,46958.51612903226,6.083766233766231,229.2207792207792,0.0
20220205,20,-0.5,3.0923076923076933,75.8525641025641,6.245161290322581,0.05256410256410257,0.21794871794871795,0.0,44697.41935483871,6.374675324675326,227.46753246753246,0.0
20220205,21,-0.71,3.1083333333333316,77.16025641025641,6.47741935483871,0.09487179487179487,0.2692307692307692,0,42479.6129032258,6.639610389610388,225.06493506493507,0.0
20220205,22,-0.87,3.166025641025641,77.9551282051282,6.470967741935484,0.1076923076923077,0.3525641025641026,0,41729.032258064515,6.87857142857143,224.67532467532467,0.0
20220205,23,-0.97,3.262179487179487,78.89102564102564,6.832258064516129,0.12628205128205125,0.42948717948717946,0,39327.096774193546,7.126623376623376,226.16883116883116,0.0
20220206,00,-1.0,3.2653846153846158,80.67948717948718,7.2064516129032254,0.17371794871794874,0.5064102564102564,0,37311.096774193546,7.364285714285714,225.71428571428572,0.0
20220206,01,-0.97,3.306410256410256,81.96153846153847,7.348387096774194,0.2365384615384616,0.532051282051282,0,36546.0,7.425974025974024,225.64935064935065,0.0
20220206,02,-0.87,3.4256410256410246,82.57051282051282,7.458064516129032,0.2685897435897437,0.6089743589743589,0,34549.41935483871,7.533116883116882,225.9090909090909,0.0
20220206,03,-0.71,3.5038461538461534,83.4423076923077,7.458064516129032,0.27051282051282055,0.6410256410256411,0.0,33798.967741935485,7.61753246753247,226.6883116883117,0.0
20220206,04,-0.5,3.616666666666665,84.01923076923077,7.458064516129032,0.3064516129032259,0.6645161290322581,0.0,33106.12903225807,7.819480519480521,227.07792207792207,0.0
20220206,05,-0.26,3.8096153846153844,84.02564102564102,7.503225806451613,0.3258064516129033,0.7032258064516129,0.0,32414.0,7.95974025974026,227.4025974025974,0.0
20220206,06,-0.0,3.9493589743589737,83.91666666666667,7.509677419354839,0.3458064516129032,0.7161290322580646,0.0,34152.645161290326,8.04155844155844,228.8961038961039,0.0
20220206,07,0.26,4.091666666666665,83.76282051282051,7.490322580645161,0.2967741935483871,0.7161290322580646,0.0,33428.0,8.125324675324674,229.2207792207792,16.25
20220206,08,0.5,4.373717948717948,83.24358974358974,7.483870967741935,0.27806451612903227,0.7161290322580646,0.36774193548387096,35347.6129032258,8.188311688311694,229.02597402597402,724.25
20220206,09,0.71,4.706410256410257,82.57051282051282,7.425806451612903,0.2696774193548388,0.7161290322580646,3.0451612903225804,34682.06451612903,8.253246753246751,229.87012987012986,2838.25
20220206,10,0.87,5.035897435897436,81.8525641025641,7.535483870967742,0.33161290322580667,0.7354838709677419,4.329032258064516,34703.6129032258,8.304545454545458,228.44155844155844,4673.25
20220206,11,0.97,5.302564102564103,81.26282051282051,7.496774193548387,0.5083870967741936,0.7161290322580646,5.116129032258065,36217.16129032258,8.536363636363637,229.41558441558442,5716.25
20220206,12,1.0,5.315384615384615,81.1474358974359,7.490322580645161,0.7148387096774195,0.7290322580645161,2.6451612903225805,33874.51612903226,8.796753246753243,228.37662337662337,4828.5
20220206,13,0.97,5.2153846153846155,81.69871794871794,7.393548387096774,0.8516129032258064,0.7806451612903226,0.2903225806451613,32318.1935483871,8.993506493506493,228.11688311688312,3327.5
20220206,14,0.87,4.998076923076921,82.78846153846153,7.225806451612903,0.9090322580645162,0.8387096774193549,0.05161290322580645,29173.354838709678,9.144155844155845,231.2987012987013,2226.25
20220206,15,0.71,4.746153846153845,84.16025641025641,7.393548387096774,0.8922580645161288,0.8903225806451613,0.5161290322580645,27841.935483870966,9.139610389610386,234.93506493506493,1208.5
20220206,16,0.5,4.503846153846152,85.67307692307692,7.445161290322581,0.8832258064516125,0.9548387096774194,0.3225806451612903,27813.09677419355,9.056493506493512,240.19480519480518,349.25
20220206,17,0.26,4.318589743589743,86.61538461538461,7.445161290322581,0.7935483870967738,0.8838709677419355,0.0,33588.83870967742,8.756493506493506,244.0909090909091,10.25
20220206,18,0.0,4.178846153846153,86.87820512820512,7.335483870967742,0.7787096774193547,0.8903225806451613,0.0,34902.25806451613,8.471428571428572,249.6103896103896,0.0
20220206,19,-0.26,4.029487179487179,87.38461538461539,7.283870967741936,0.6399999999999998,0.9096774193548387,0.0,36692.903225806454,8.181168831168831,249.67532467532467,0.0
20220206,20,-0.5,3.8378205128205125,87.3974358974359,7.361290322580645,0.7264516129032259,0.8516129032258064,0.0,36781.87096774193,7.816883116883115,252.98701298701297,0.0
20220206,21,-0.71,3.535256410256411,88.25641025641026,7.27741935483871,0.7929032258064518,0.8193548387096774,0,35533.096774193546,7.472077922077921,257.27272727272725,0.0
20220206,22,-0.87,3.255769230769232,88.25,7.303225806451613,0.745806451612903,0.864516129032258,0,35726.12903225807,7.331168831168837,259.87012987012986,0.0
20220206,23,-0.97,2.8884615384615375,88.07051282051282,7.225806451612903,0.8038709677419354,0.864516129032258,0,37875.48387096774,7.1610389610389635,264.6753246753247,0.0
20220207,00,-1.0,2.5185897435897435,87.96794871794872,7.070967741935484,0.716774193548387,0.8516129032258064,0,36310.77419354839,7.078571428571433,272.85714285714283,0.0
20220207,01,-0.97,2.146153846153846,87.75641025641026,6.606451612903226,0.6845161290322577,0.8387096774193549,0,36061.354838709674,7.133116883116885,278.1168831168831,0.0
20220207,02,-0.87,1.7666666666666664,87.39102564102564,6.683870967741935,0.49290322580645174,0.8064516129032258,0,38152.45161290323,7.2084415584415575,283.76623376623377,0.0
20220207,03,-0.71,1.616025641025642,86.75641025641026,6.335483870967742,0.3116129032258066,0.7354838709677419,0.0,40839.67741935484,7.283116883116881,288.4415584415584,0.0
20220207,04,-0.5,1.6198717948717942,85.80128205128206,5.967741935483871,0.1664516129032258,0.7096774193548387,0.0,39219.032258064515,7.203896103896106,285.7142857142857,0.0
20220207,05,-0.26,1.5967948717948717,85.08333333333333,5.664516129032258,0.1458064516129033,0.6645161290322581,0.0,37358.1935483871,7.188961038961034,285.64935064935065,0.0
20220207,06,-0.0,1.6391025641025652,84.43589743589743,5.896774193548387,0.0690322580645161,0.6387096774193548,0.0,35259.48387096774,7.04935064935065,285.84415584415586,0.0
20220207,07,0.26,1.6717948717948714,84.11538461538461,5.838709677419355,0.07548387096774191,0.5806451612903226,0.0,35316.77419354839,6.920779220779224,285.0,18.0
20220207,08,0.5,1.9121794871794873,83.27564102564102,5.683870967741935,0.053548387096774196,0.5225806451612903,3.227272727272727,32217.16129032258,6.7272727272727275,284.4155844155844,1047.25
20220207,09,0.71,2.4384615384615382,81.28205128205128,5.425806451612903,0.0858064516129032,0.5419354838709678,16.707792207792206,33953.6129032258,6.732467532467534,282.5974025974026,3874.0
20220207,10,0.87,3.0416666666666656,78.60897435897436,5.690322580645161,0.03225806451612903,0.4838709677419355,19.38961038961039,33252.32258064516,7.22792207792208,284.4155844155844,7498.0
20220207,11,0.97,3.6544871794871776,75.73376623376623,5.903225806451613,0.03096774193548387,0.5032258064516129,19.823529411764707,32051.883116883117,7.614935064935068,286.68831168831167,9461.25
20220207,12,1.0,3.967948717948717,73.34415584415585,6.012903225806451,0.05705128205128204,0.46794871794871795,19.77124183006536,33432.27272727273,7.871241830065355,288.2352941176471,9769.5
20220207,13,0.97,4.168152866242039,71.87261146496816,5.819354838709677,0.07179487179487179,0.5448717948717948,20.098039215686274,32678.7012987013,7.8326797385620965,287.3376623376623,9856.0
20220207,14,0.87,4.040384615384615,71.78205128205128,5.583333333333333,0.09872611464968149,0.5732484076433121,23.908496732026144,34371.23376623377,7.766883116883119,286.5584415584416,9197.0
20220207,15,0.71,3.982165605095541,72.0,5.262820512820513,0.07324840764331209,0.5222929936305732,23.73856209150327,36506.36363636364,7.425324675324671,282.27272727272725,6341.25
20220207,16,0.5,3.5770700636942685,73.64331210191082,5.019230769230769,0.035668789808917196,0.39490445859872614,17.41176470588235,36838.58064516129,6.944155844155843,279.48387096774195,2154.25
20220207,17,0.26,3.0751592356687905,75.91082802547771,5.0576923076923075,0.034394904458598725,0.3184713375796178,2.5259740259740258,36495.48387096774,6.348387096774191,276.1290322580645,106.0
20220207,18,0.0,2.736305732484077,77.82165605095541,5.237179487179487,0.028025477707006367,0.24203821656050956,0.0,36573.93548387097,5.772903225806454,272.0,0.0
20220207,19,-0.26,2.493630573248409,79.36942675159236,5.5256410256410255,0.009554140127388535,0.12101910828025478,0.0,35630.0,5.446451612903226,265.2258064516129,0.0
20220207,20,-0.5,2.329299363057324,80.28662420382166,5.416666666666667,0.010828025477707006,0.09554140127388536,0.0,35438.12903225807,5.377419354838708,261.93548387096774,0.0
20220207,21,-0.71,2.1127388535031844,81.0828025477707,5.7243589743589745,0.005095541401273886,0.08917197452229299,0,35250.51612903226,5.230967741935482,257.2258064516129,0.0
20220207,22,-0.87,2.0350318471337574,81.48407643312102,5.448717948717949,0.002547770700636943,0.07643312101910828,0,35557.54838709677,5.099354838709678,254.0,0.0
20220207,23,-0.97,1.9713375796178336,81.99363057324841,5.858974358974359,0.002547770700636943,0.10191082802547771,0,35442.06451612903,4.983870967741932,245.61290322580646,0.0
20220208,00,-1.0,1.9503184713375803,82.22929936305732,6.4423076923076925,0.0006369426751592357,0.14012738853503184,0,35872.0,4.9787096774193556,241.09677419354838,0.0
20220208,01,-0.97,1.9738853503184708,82.95541401273886,6.705128205128205,0.005128205128205128,0.17307692307692307,0,35347.6129032258,5.036774193548386,238.58064516129033,0.0
20220208,02,-0.87,2.05796178343949,83.85350318471338,7.173076923076923,0.002564102564102564,0.23717948717948717,0,33685.93548387097,5.028387096774191,235.16129032258064,0.0
20220208,03,-0.71,2.251592356687898,84.10191082802548,7.551282051282051,0.012179487179487181,0.24358974358974358,0.0,32668.25806451613,5.0516129032258075,234.7741935483871,0.0
20220208,04,-0.5,2.492993630573248,84.31847133757962,7.673076923076923,0.0178343949044586,0.34394904458598724,0.0,32291.548387096773,5.108387096774193,230.51612903225808,0.0
20220208,05,-0.26,2.7152866242038223,85.0828025477707,7.653846153846154,0.022929936305732486,0.4140127388535032,0.0,29675.8064516129,5.38258064516129,230.83870967741936,0.0
20220208,06,-0.0,2.9910828025477714,85.93630573248407,7.703225806451613,0.022435897435897443,0.5064102564102564,0.0,27710.909090909092,5.525161290322581,228.83870967741936,0.0
20220208,07,0.26,3.2732484076433126,86.59235668789809,7.7243589743589745,0.03821656050955414,0.5668789808917197,0.0,27627.012987012986,5.70967741935484,229.48387096774192,16.0
20220208,08,0.5,3.7242038216560505,86.72611464968153,7.67948717948718,0.04076433121019108,0.5668789808917197,0.4129032258064516,26999.805194805194,5.889677419354839,231.41935483870967,605.0
20220208,09,0.71,4.303821656050954,86.54140127388536,7.5256410256410255,0.044585987261146494,0.5414012738853503,1.5354838709677419,26975.816993464054,6.18516129032258,234.32258064516128,2310.75
20220208,10,0.87,4.953503184713372,85.52866242038216,7.512820512820513,0.061146496815286625,0.5987261146496815,3.07741935483871,28371.503267973858,6.396129032258065,234.90322580645162,4355.0
20220208,11,0.97,5.609554140127388,84.55414012738854,7.57051282051282,0.07770700636942673,0.5796178343949044,4.541935483870968,29309.07894736842,6.525161290322581,237.16129032258064,6135.0
20220208,12,1.0,6.20891719745223,83.69426751592357,7.538461538461538,0.06305732484076432,0.5668789808917197,5.032258064516129,33309.27631578947,6.565584415584415,239.74025974025975,6724.75
20220208,13,0.97,6.628025477707009,83.2484076433121,7.455128205128205,0.04203821656050954,0.5159235668789809,5.95483870967742,34373.7012987013,6.492857142857142,244.25806451612902,6510.25
20220208,14,0.87,6.852866242038216,83.47133757961784,7.487179487179487,0.04331210191082801,0.4968152866242038,6.083870967741936,34094.805194805194,6.354838709677419,247.74193548387098,5405.0
20220208,15,0.71,6.886624203821657,84.11464968152866,7.25,0.04012738853503184,0.4585987261146497,5.161290322580645,34349.87012987013,6.103225806451615,247.3548387096774,3376.0
20220208,16,0.5,6.729936305732483,85.18471337579618,6.916666666666667,0.03630573248407643,0.4585987261146497,4.470967741935484,34097.207792207795,5.809032258064514,248.58064516129033,1155.25
20220208,17,0.26,6.4541401273885395,86.80891719745223,6.788461538461538,0.03566878980891719,0.47770700636942676,0.8129032258064516,31932.922077922078,5.47032258064516,248.6451612903226,46.75
20220208,18,0.0,6.247770700636945,87.98726114649682,6.717948717948718,0.0337579617834395,0.5095541401273885,0.0,30461.03896103896,5.19225806451613,244.25806451612902,0.0
20220208,19,-0.26,6.143949044585989,88.56050955414013,6.794871794871795,0.035031847133757954,0.4140127388535032,0.0,30740.454545454544,5.129677419354842,242.38709677419354,0.0
20220208,20,-0.5,6.063694267515927,88.76433121019109,6.923076923076923,0.028025477707006367,0.4394904458598726,0.0,31792.20779220779,4.851612903225805,243.16129032258064,0.0
20220208,21,-0.71,6.012738853503183,89.22929936305732,6.891025641025641,0.03757961783439491,0.39490445859872614,0,30522.516129032258,4.749677419354838,239.2258064516129,0.0
20220208,22,-0.87,5.985350318471341,89.57961783439491,6.891025641025641,0.03375796178343948,0.40764331210191085,0,30755.032258064515,4.6406451612903235,240.32258064516128,0.0
20220208,23,-0.97,5.927388535031847,89.59235668789809,6.903846153846154,0.029936305732484073,0.43312101910828027,0,28999.225806451614,4.52193548387097,234.38709677419354,0.0
20220209,00,-1.0,5.902547770700639,89.50955414012739,6.9743589743589745,0.036305732484076425,0.39490445859872614,0,30704.645161290322,4.429032258064516,234.70967741935485,0.0
20220209,01,-0.97,5.891719745222935,89.42038216560509,7.0576923076923075,0.043312101910828016,0.3630573248407643,0,32136.774193548386,4.35290322580645,232.96774193548387,0.0
20220209,02,-0.87,5.890445859872613,88.96178343949045,7.217948717948718,0.03503184713375797,0.36942675159235666,0,33923.246753246756,4.348387096774192,228.6451612903226,0.0
20220209,03,-0.71,5.887261146496815,88.79617834394904,7.134615384615385,0.06305732484076433,0.3248407643312102,0.0,33916.68831168831,4.4245161290322566,230.58064516129033,0.0
20220209,04,-0.5,5.827388535031844,88.52229299363057,7.147435897435898,0.06305732484076432,0.2802547770700637,0.0,34312.792207792205,4.481935483870968,227.2258064516129,0.0
20220209,05,-0.26,5.776433121019106,87.89808917197452,7.1923076923076925,0.05286624203821656,0.2611464968152866,0.0,36723.11688311688,4.570322580645163,228.06451612903226,0.0
20220209,06,-0.0,5.726114649681531,87.07643312101911,7.115384615384615,0.04331210191082802,0.2484076433121019,0.0,37241.88311688312,4.666451612903226,228.0,0.0
20220209,07,0.26,5.700000000000003,86.55128205128206,6.993589743589744,0.028025477707006367,0.2229299363057325,0.24025974025974026,38043.76623376623,4.710322580645165,227.8709677419355,49.75
20220209,08,0.5,5.943589743589743,84.77564102564102,6.666666666666667,0.02229299363057325,0.2229299363057325,6.798701298701299,38653.05194805195,4.836129032258062,227.2258064516129,1489.0
20220209,09,0.71,6.507051282051281,82.50641025641026,6.641025641025641,0.017197452229299363,0.2229299363057325,10.207792207792208,41968.05194805195,5.059354838709678,228.25806451612902,4596.5
20220209,10,0.87,7.158333333333332,79.73717948717949,6.296774193548387,0.02101910828025478,0.21019108280254778,12.824675324675324,43879.805194805194,5.28709677419355,230.4516129032258,7801.25
20220209,11,0.97,7.6980769230769255,77.8076923076923,6.044871794871795,0.012738853503184714,0.21656050955414013,13.454545454545455,45331.2987012987,5.436774193548386,232.51612903225808,10308.25
20220209,12,1.0,8.177564102564103,76.16025641025641,5.993589743589744,0.018471337579617837,0.2229299363057325,14.779220779220779,47022.77419354839,5.555483870967739,234.7741935483871,11791.5
20220209,13,0.97,8.576282051282051,75.00641025641026,5.673076923076923,0.020382165605095544,0.2229299363057325,16.27922077922078,47456.77419354839,5.464516129032258,238.6451612903226,11998.0
20220209,14,0.87,8.850641025641021,73.98717948717949,5.544871794871795,0.017197452229299363,0.2356687898089172,18.844155844155843,49106.1935483871,5.1806451612903235,239.03225806451613,10515.5
20220209,15,0.71,8.73949044585987,74.5859872611465,5.205128205128205,0.013375796178343953,0.17834394904458598,20.5,49280.0,4.9219354838709695,239.2258064516129,7143.5
20220209,16,0.5,8.273248407643308,76.4140127388535,4.846153846153846,0.024203821656050954,0.2229299363057325,21.441558441558442,48690.58064516129,4.533548387096775,232.32258064516128,2685.75
20220209,17,0.26,7.27452229299363,80.01273885350318,4.57051282051282,0.02611464968152866,0.18471337579617833,6.8441558441558445,47027.16129032258,4.076129032258064,226.70967741935485,143.5
20220209,18,0.0,6.582802547770701,82.4140127388535,4.448717948717949,0.0515923566878981,0.1592356687898089,0.0,44147.93548387097,3.760645161290323,222.19354838709677,0.0
20220209,19,-0.26,6.087898089171974,83.55414012738854,4.3076923076923075,0.022929936305732486,0.10191082802547771,0.0,43196.1935483871,3.608387096774193,224.70967741935485,0.0
20220209,20,-0.5,5.729299363057325,84.19745222929936,4.423076923076923,0.022929936305732486,0.05732484076433121,0.0,41642.51612903226,3.4858064516129037,219.80645161290323,0.0
20220209,21,-0.71,5.369426751592358,84.93630573248407,4.455128205128205,0.008280254777070064,0.05732484076433121,0,38788.967741935485,3.377419354838709,219.03225806451613,0.0
20220209,22,-0.87,5.0547770700636905,85.48407643312102,4.621794871794871,0.00445859872611465,0.06369426751592357,0,37623.48387096774,3.258064516129034,217.74193548387098,0.0
20220209,23,-0.97,4.698089171974522,86.2484076433121,4.685897435897436,0.0012738853503184715,0.05732484076433121,0,35913.16129032258,3.0806451612903225,212.7741935483871,0.0
20220210,00,-1.0,4.385350318471337,86.79617834394904,4.737179487179487,0.002547770700636943,0.07643312101910828,0,33287.8064516129,2.9425806451612906,208.70967741935485,0.0
20220210,01,-0.97,4.145859872611464,87.29299363057325,4.955128205128205,0.008280254777070064,0.07643312101910828,0,33289.096774193546,2.8916129032258064,207.48387096774192,0.0
20220210,02,-0.87,3.9547770700636926,87.56050955414013,5.089743589743589,0.015286624203821656,0.07006369426751592,0,32456.451612903227,2.7929032258064517,201.09677419354838,0.0
20220210,03,-0.71,3.7987261146496816,87.65605095541402,5.57051282051282,0.012738853503184714,0.07006369426751592,0.0,31201.032258064515,2.9238709677419368,200.32258064516128,0.0
20220210,04,-0.5,3.597452229299365,88.31210191082802,6.076923076923077,0.012101910828025478,0.08917197452229299,0.0,29739.16129032258,2.9374193548387106,196.58064516129033,0.0
20220210,05,-0.26,3.544585987261146,88.21019108280255,6.365384615384615,0.0267515923566879,0.11464968152866242,0.0,29289.225806451614,3.057419354838709,202.7741935483871,0.0
20220210,06,-0.0,3.529936305732483,88.04458598726114,6.230769230769231,0.03757961783439491,0.10828025477707007,0.0,28998.064516129034,3.2561290322580647,199.09677419354838,0.0
20220210,07,0.26,3.535668789808916,87.70700636942675,6.019230769230769,0.06369426751592357,0.10191082802547771,0.8831168831168831,28717.870967741936,3.3303225806451615,211.03225806451613,101.75
20220210,08,0.5,4.143312101910826,85.60509554140127,5.576923076923077,0.0605095541401274,0.17834394904458598,17.727272727272727,29477.74193548387,3.440645161290323,206.83870967741936,2722.0
20220210,09,0.71,5.257324840764328,82.45859872611464,5.596153846153846,0.08407643312101912,0.20382165605095542,23.019607843137255,30910.77922077922,3.7948387096774203,215.93548387096774,7650.0
20220210,10,0.87,6.090445859872612,79.50955414012739,5.628205128205129,0.07643312101910828,0.267515923566879,21.784313725490197,34815.25974025974,4.352903225806448,226.38709677419354,11600.75
20220210,11,0.97,6.721019108280253,77.61146496815287,6.083333333333333,0.07261146496815286,0.3057324840764331,20.392156862745097,34659.9358974359,4.734193548387099,231.3548387096774,13069.25
20220210,12,1.0,7.047770700636941,76.73248407643312,6.5,0.0681528662420382,0.29936305732484075,16.61038961038961,35403.717948717946,5.095483870967745,240.58064516129033,12288.25
20220210,13,0.97,7.007006369426753,76.61783439490446,7.262820512820513,0.0535031847133758,0.29936305732484075,13.686274509803921,37039.10256410256,5.343225806451614,252.06451612903226,9323.5
20220210,14,0.87,6.777707006369432,77.40127388535032,7.5,0.07452229299363053,0.3821656050955414,10.483660130718954,37229.8717948718,5.371612903225804,253.5483870967742,6090.25
20220210,15,0.71,6.4210191082802615,78.67515923566879,7.371794871794871,0.06305732484076432,0.4267515923566879,7.215686274509804,37493.333333333336,5.227096774193549,256.38709677419354,3811.25
20220210,16,0.5,5.863057324840765,80.88535031847134,7.064102564102564,0.07388535031847132,0.43312101910828027,5.409090909090909,37286.346153846156,4.786451612903225,253.80645161290323,1383.0
20220210,17,0.26,5.3203821656050945,82.7515923566879,7.07051282051282,0.0840764331210191,0.4267515923566879,1.3571428571428572,35501.794871794875,4.321290322580647,255.29032258064515,57.5
20220210,18,0.0,4.924203821656051,84.00636942675159,7.17948717948718,0.08280254777070063,0.4140127388535032,0.0,34963.97435897436,4.035483870967743,255.03225806451613,0.0
20220210,19,-0.26,4.656687898089171,84.96178343949045,7.294871794871795,0.0910828025477707,0.3885350318471338,0.0,33356.666666666664,3.9335483870967747,253.3548387096774,0.0
20220210,20,-0.5,4.360509554140126,85.43949044585987,7.397435897435898,0.15732484076433123,0.40764331210191085,0.0,31191.346153846152,3.806451612903222,251.2258064516129,0.0
20220210,21,-0.71,4.113375796178343,86.02547770700637,7.378205128205129,0.18152866242038215,0.4267515923566879,0,31246.53846153846,3.674838709677421,248.1290322580645,0.0
20220210,22,-0.87,3.846496815286624,86.71337579617834,7.487179487179487,0.20445859872611466,0.45222929936305734,0,30479.358974358973,3.6270967741935474,245.8709677419355,0.0
20220210,23,-0.97,3.515923566878983,87.59872611464968,7.384615384615385,0.2286624203821657,0.5159235668789809,0,29151.79487179487,3.627741935483872,244.6451612903226,0.0
20220211,00,-1.0,3.2433121019108277,88.29299363057325,7.0256410256410255,0.248407643312102,0.5605095541401274,0,28131.410256410258,3.469032258064517,240.32258064516128,0.0
20220211,01,-0.97,2.9605095541401263,88.67515923566879,6.826923076923077,0.23630573248407657,0.554140127388535,0,28556.153846153848,3.5058064516129033,248.38709677419354,0.0
20220211,02,-0.87,2.671974522292994,89.64331210191082,6.5,0.24777070063694284,0.5414012738853503,0,27186.53846153846,3.4851612903225804,250.06451612903226,0.0
20220211,03,-0.71,2.3821656050955413,90.48407643312102,6.262820512820513,0.24713375796178347,0.5477707006369427,0.0,23584.48717948718,3.5548387096774188,247.29032258064515,0.0
20220211,04,-0.5,2.0987261146496814,91.30573248407643,6.2243589743589745,0.25732484076433126,0.6178343949044586,0.0,22780.576923076922,3.7174193548387087,246.96774193548387,0.0
20220211,05,-0.26,1.8789808917197446,91.6687898089172,6.166666666666667,0.2394904458598726,0.6050955414012739,0.0,22312.371794871793,3.9387096774193533,249.67741935483872,0.0
20220211,06,-0.0,1.6707006369426745,91.62420382165605,6.256410256410256,0.22420382165605107,0.6242038216560509,0.0,21618.333333333332,4.148387096774191,251.48387096774192,0.0
20220211,07,0.26,1.5547770700636947,90.98089171974522,6.166666666666667,0.20764331210191075,0.6496815286624203,0.0,20632.94871794872,4.374838709677421,252.19354838709677,33.5
20220211,08,0.5,1.6694267515923558,89.59872611464968,6.403846153846154,0.17070063694267526,0.6369426751592356,3.9675324675324677,25000.51282051282,4.664516129032257,250.19354838709677,1218.25
20220211,09,0.71,2.077070063694267,87.27388535031847,6.333333333333333,0.11464968152866244,0.6178343949044586,10.74025974025974,27610.128205128207,5.149677419354841,248.7741935483871,4449.75
20220211,10,0.87,2.6095541401273894,84.03184713375796,6.410256410256411,0.08025477707006369,0.5732484076433121,13.863636363636363,30901.153846153848,5.545806451612903,254.70967741935485,8255.25
20220211,11,0.97,3.1114649681528674,80.77707006369427,6.564102564102564,0.06942675159235667,0.4968152866242038,15.396103896103897,35317.4358974359,5.9483870967741925,269.0967741935484,10960.5
20220211,12,1.0,3.4433121019108284,78.24203821656052,6.4423076923076925,0.051592356687898085,0.5222929936305732,14.38961038961039,35799.807692307695,6.194193548387097,273.03225806451616,11611.0
20220211,13,0.97,3.6662420382165606,76.28662420382166,6.416666666666667,0.058598726114649675,0.5286624203821656,14.025974025974026,36706.794871794875,6.190967741935485,279.8709677419355,9794.0
20220211,14,0.87,3.646496815286625,75.0828025477707,5.961538461538462,0.08471337579617833,0.5222929936305732,15.785714285714286,40248.07692307692,6.04516129032258,285.80645161290323,7889.25
20220211,15,0.71,3.4898089171974527,74.9171974522293,5.651612903225806,0.08407643312101906,0.5031847133757962,17.448051948051948,41754.35897435898,5.680000000000002,291.35483870967744,5764.25
20220211,16,0.5,3.128662420382167,75.31847133757962,5.467948717948718,0.07961783439490444,0.40764331210191085,18.051948051948052,40976.794871794875,5.201935483870969,291.8709677419355,2336.75
20220211,17,0.26,2.375796178343948,77.86624203821655,4.685897435897436,0.0484076433121019,0.4012738853503185,4.032467532467533,40077.94871794872,4.5445161290322575,294.19354838709677,155.25
20220211,18,0.0,1.8649681528662418,79.63057324840764,4.397435897435898,0.06624203821656051,0.2929936305732484,0.0,39982.11538461538,4.011612903225807,292.51612903225805,0.0
20220211,19,-0.26,1.3547770700636943,81.23566878980891,3.980769230769231,0.04840764331210191,0.22929936305732485,0.0,39411.98717948718,3.6141935483870973,277.741935483871,0.0
20220211,20,-0.5,0.8312101910828033,82.44585987261146,3.217948717948718,0.020382165605095544,0.1910828025477707,0.0,38254.679487179485,3.28451612903226,265.8709677419355,0.0
20220211,21,-0.71,0.2993630573248407,84.0828025477707,2.8974358974358974,0.007643312101910828,0.1337579617834395,0,37250.0641025641,2.920000000000001,257.16129032258067,0.0
20220211,22,-0.87,-0.16496815286624197,85.5859872611465,2.3846153846153846,0.011464968152866243,0.09554140127388536,0,35705.51282051282,2.6380645161290333,249.3548387096774,0.0
20220211,23,-0.97,-0.6579617834394901,87.0,2.076923076923077,0.0070063694267515925,0.08917197452229299,0,34877.5641025641,2.4129032258064513,232.32258064516128,0.0
20220212,00,-1.0,-1.0917197452229306,88.10191082802548,1.8397435897435896,0.006369426751592357,0.06369426751592357,0,33948.205128205125,2.226451612903226,216.06451612903226,0.0
20220212,01,-0.97,-1.3808917197452228,88.78980891719745,1.9294871794871795,0.0006369426751592357,0.03184713375796178,0,32467.5641025641,2.215483870967741,198.0,0.0
20220212,02,-0.87,-1.7713375796178341,90.12738853503184,1.794871794871795,0.0,0.012738853503184714,0,31207.30769230769,2.246451612903226,195.3548387096774,0.0
20220212,03,-0.71,-2.067515923566879,90.45222929936305,1.8974358974358974,0.0,0.012738853503184714,0.0,30455.76923076923,2.2122580645161296,191.29032258064515,0.0
20220212,04,-0.5,-2.336305732484076,90.87261146496816,1.8461538461538463,0.0,0.012738853503184714,0.0,28713.846153846152,2.2141935483870974,188.70967741935485,0.0
20220212,05,-0.26,-2.517197452229298,91.12101910828025,2.051282051282051,0.0,0.01910828025477707,0.0,28014.55128205128,2.2703225806451597,164.0,0.0
20220212,06,-0.0,-2.6859872611464963,90.85987261146497,2.4038461538461537,0.0,0.0,0.0,26712.24358974359,2.381290322580646,164.58064516129033,0.0
20220212,07,0.26,-2.677070063694266,90.73885350318471,2.5641025641025643,0.0,0.006369426751592357,1.844155844155844,26096.346153846152,2.5522580645161304,161.80645161290323,134.5
20220212,08,0.5,-1.6108280254777068,86.56687898089172,2.7435897435897436,0.0,0.0,38.5,29214.358974358973,2.6548387096774193,159.03225806451613,4046.25
20220212,09,0.71,-0.10573248407643304,81.40764331210191,3.2115384615384617,0.0,0.0,54.05844155844156,34165.0,3.016129032258064,151.2258064516129,12002.5
20220212,10,0.87,1.2904458598726114,75.85987261146497,3.480769230769231,0.0,0.012738853503184714,56.61038961038961,39056.794871794875,3.5987096774193565,161.5483870967742,19352.5
20220212,11,0.97,2.5853503184713373,69.70063694267516,4.147435897435898,0.0,0.006369426751592357,58.116883116883116,42446.282051282054,4.050322580645162,162.7741935483871,23801.5
20220212,12,1.0,3.5375796178343957,63.98089171974522,4.839743589743589,0.0,0.0,58.05194805194805,48920.51282051282,4.495483870967741,165.74193548387098,25199.0
20220212,13,0.97,4.092356687898089,60.254777070063696,5.296774193548387,0.0,0.0,55.811688311688314,50122.94871794872,4.891612903225806,168.1290322580645,23455.75
20220212,14,0.87,4.325477707006369,58.87179487179487,5.664516129032258,0.0,0.006369426751592357,53.4640522875817,53292.967741935485,4.910967741935484,165.67741935483872,18968.75
20220212,15,0.71,4.166242038216562,59.48717948717949,5.903225806451613,0.0,0.0,51.91503267973856,54134.3870967742,4.723870967741934,166.19354838709677,11816.0
20220212,16,0.5,3.383439490445858,62.96153846153846,6.32258064516129,0.0,0.0,39.745098039215684,54670.0,4.321290322580645,165.48387096774192,4242.25
20220212,17,0.26,2.1006369426751577,69.10828025477707,6.670967741935484,0.0,0.012738853503184714,6.169934640522876,51387.243589743586,3.641935483870968,159.93548387096774,260.5
20220212,18,0.0,1.3095541401273882,72.51592356687898,6.645161290322581,0.0,0.0,0.0,48349.61538461538,3.474838709677418,159.09677419354838,0.0
20220212,19,-0.26,0.7904458598726116,74.94267515923566,6.612903225806452,0.0,0.012738853503184714,0.0,46791.02564102564,3.5638709677419347,160.58064516129033,0.0
20220212,20,-0.5,0.4573248407643311,76.28025477707007,6.916129032258064,0.0,0.01910828025477707,0.0,46403.01282051282,3.6554838709677435,159.67741935483872,0.0
20220212,21,-0.71,0.286624203821656,77.08917197452229,6.851612903225806,0.0,0.01910828025477707,0,44875.705128205125,3.7858064516129044,166.6451612903226,0.0
20220212,22,-0.87,0.040127388535031804,77.7515923566879,6.587096774193548,0.0,0.012738853503184714,0,44403.01282051282,3.872903225806452,173.3548387096774,0.0
20220212,23,-0.97,-0.12165605095541403,78.35668789808918,6.438709677419355,0.0,0.01910828025477707,0,43534.9358974359,3.8503225806451633,169.03225806451613,0.0
20220213,00,-1.0,-0.3643312101910827,79.20382165605096,6.122580645161291,0.0,0.012738853503184714,0,43512.5641025641,3.820645161290325,174.83870967741936,0.0
20220213,01,-0.97,-0.5426751592356691,79.4968152866242,5.909677419354839,0.0,0.006369426751592357,0,42982.307692307695,3.7896774193548395,176.1290322580645,0.0
20220213,02,-0.87,-0.7624203821656057,79.92356687898089,5.741935483870968,0.0,0.006369426751592357,0,42497.88461538462,3.8103225806451637,178.83870967741936,0.0
20220213,03,-0.71,-0.8929936305732483,80.07643312101911,5.490322580645161,0.0,0.0,0.0,42226.666666666664,3.7335483870967736,185.2258064516129,0.0
20220213,04,-0.5,-1.0713375796178346,80.43312101910828,5.32258064516129,0.0,0.006369426751592357,0.0,41532.11538461538,3.718064516129035,178.06451612903226,0.0
20220213,05,-0.26,-1.0821656050955413,80.18471337579618,4.877419354838709,0.0,0.006369426751592357,0.0,41017.88461538462,3.9574193548387133,182.0,0.0
20220213,06,-0.0,-1.1343949044585988,79.68789808917198,4.748387096774193,0.0,0.006369426751592357,0.0,40995.38461538462,4.015483870967743,184.25806451612902,0.0
20220213,07,0.26,-1.1955414012738843,80.14012738853503,4.012903225806451,0.0,0.006369426751592357,1.5584415584415585,40437.179487179485,4.034193548387097,184.6451612903226,197.5
20220213,08,0.5,-0.037579617834394875,75.88535031847134,3.890322580645161,0.0,0.0,39.48701298701299,41772.307692307695,4.074838709677418,180.32258064516128,4620.75
20220213,09,0.71,1.6127388535031844,70.49044585987261,3.6838709677419357,0.0,0.0,53.506493506493506,45552.05128205128,4.339354838709678,182.1290322580645,12893.25
20220213,10,0.87,3.298089171974522,65.171974522293,3.7419354838709675,0.0,0.0,53.64935064935065,45442.3717948718,4.64258064516129,182.1290322580645,19638.0
20220213,11,0.97,4.836942675159233,61.152866242038215,3.7225806451612904,0.0,0.0,54.29220779220779,47760.0641025641,4.925161290322579,191.41935483870967,23840.0
20220213,12,1.0,6.154777070063692,57.63057324840764,4.038709677419355,0.0,0.006369426751592357,55.16233766233766,50298.52564102564,5.097419354838708,191.67741935483872,24943.25
20220213,13,0.97,7.035668789808918,56.01273885350319,4.2709677419354835,0.0,0.006369426751592357,55.44805194805195,49837.11538461538,5.185806451612903,190.70967741935485,23349.5
20220213,14,0.87,7.544585987261145,55.01273885350319,4.561290322580645,0.0,0.0,54.103896103896105,52386.85897435898,5.248387096774194,189.67741935483872,18927.5
20220213,15,0.71,7.5070063694267555,55.9171974522293,4.554838709677419,0.0,0.0,52.11038961038961,52722.4358974359,5.029677419354836,185.74193548387098,12023.75
20220213,16,0.5,6.764331210191083,58.88535031847134,5.2,0.0,0.0,40.57142857142857,53107.756410256414,4.727741935483871,179.93548387096774,4502.75
20220213,17,0.26,5.455414012738855,63.92356687898089,5.425806451612903,0.0,0.0,8.103896103896103,50284.9358974359,4.285161290322582,173.03225806451613,291.0
20220213,18,0.0,4.752229299363054,66.72611464968153,5.47741935483871,0.0,0.0,0.0,48940.64102564102,4.284516129032254,164.6451612903226,0.0
20220213,19,-0.26,4.360509554140125,68.2547770700637,5.2064516129032254,0.0,0.0,0.0,48359.807692307695,4.454838709677418,166.19354838709677,0.0
20220213,20,-0.5,4.121019108280253,69.11464968152866,5.548387096774194,0.0,0.0,0.0,48529.61538461538,4.63548387096774,174.51612903225808,0.0
20220213,21,-0.71,4.064968152866243,69.43949044585987,5.696774193548387,0.0,0.0,0,48256.02564102564,4.747741935483873,171.80645161290323,0.0
20220213,22,-0.87,3.8764331210191063,69.80254777070064,5.980645161290322,0.0,0.0,0,47684.166666666664,4.75290322580645,171.8709677419355,0.0
20220213,23,-0.97,3.8057324840764353,69.65605095541402,6.129032258064516,0.0,0.0,0,48363.01282051282,4.823870967741937,176.6451612903226,0.0
20220214,00,-1.0,3.7012738853503206,69.5732484076433,6.096774193548387,0.0,0.0,0,49560.89743589744,4.789677419354841,172.7741935483871,0.0
20220214,01,-0.97,3.636942675159235,69.19108280254777,6.0,0.0,0.0,0,50630.1282051282,4.8090322580645175,169.93548387096774,0.0
20220214,02,-0.87,3.55668789808917,68.96178343949045,5.741935483870968,0.0,0.0,0,52112.5,4.773548387096775,171.67741935483872,0.0
20220214,03,-0.71,3.445859872611467,68.96815286624204,5.470967741935484,0.0,0.006369426751592357,0.0,53209.10256410256,4.853548387096775,167.80645161290323,0.0
20220214,04,-0.5,3.412101910828028,68.73885350318471,5.096774193548387,0.0,0.006369426751592357,0.0,53456.08974358974,4.939999999999999,171.2258064516129,0.0
20220214,05,-0.26,3.4146496815286613,68.40127388535032,5.27741935483871,0.0,0.01910828025477707,0.0,53778.58974358974,4.991612903225806,169.41935483870967,0.0
20220214,06,-0.0,3.4114649681528655,68.45222929936305,5.354838709677419,0.0006369426751592357,0.03184713375796178,0.0,53203.91025641026,5.017419354838712,169.74193548387098,0.0
20220214,07,0.26,3.6337579617834415,67.98726114649682,5.561290322580645,0.0,0.07006369426751592,1.896103896103896,52961.282051282054,4.974193548387097,171.61290322580646,210.75
20220214,08,0.5,4.552229299363057,65.89808917197452,5.4,0.002547770700636943,0.10191082802547771,20.9025974025974,52450.51612903226,5.093548387096775,171.8709677419355,3545.75
20220214,09,0.71,5.8872611464968125,62.9171974522293,5.367741935483871,0.0019108280254777072,0.12101910828025478,28.415584415584416,52894.32258064516,5.365161290322582,176.25806451612902,9547.5
20220214,10,0.87,7.3203821656051,59.738853503184714,5.303225806451613,0.0019108280254777072,0.15286624203821655,31.558441558441558,54259.67741935484,5.68193548387097,180.0,14329.5
20220214,11,0.97,8.514649681528663,58.261146496815286,5.425806451612903,0.0070063694267515925,0.1337579617834395,29.584415584415584,55369.22580645161,5.860000000000001,188.4516129032258,16393.0
20220214,12,1.0,9.247770700636947,58.22929936305732,5.4,0.014012738853503185,0.1592356687898089,29.545454545454547,56685.54838709677,5.997419354838709,196.83870967741936,15727.75
20220214,13,0.97,9.548407643312105,58.99363057324841,5.638709677419355,0.014012738853503185,0.22929936305732485,25.42207792207792,56666.32258064516,5.934193548387096,200.4516129032258,13911.0
20220214,14,0.87,9.574522292993631,60.06369426751592,5.606451612903226,0.02802547770700637,0.20382165605095542,24.51298701298701,55119.290322580644,5.694838709677422,201.8709677419355,10723.0
20220214,15,0.71,9.285350318471338,61.681528662420384,6.077419354838709,0.02229299363057325,0.2229299363057325,19.116883116883116,56032.903225806454,5.362580645161292,201.8709677419355,6223.75
20220214,16,0.5,8.464968152866241,65.19745222929936,6.309677419354839,0.029299363057324845,0.22929936305732485,11.87012987012987,54461.096774193546,4.932258064516131,200.38709677419354,2133.0
20220214,17,0.26,7.556687898089171,68.80254777070064,6.567741935483871,0.04331210191082802,0.21019108280254778,1.2727272727272727,53586.77419354839,4.463870967741936,200.90322580645162,144.25
20220214,18,0.0,6.95031847133758,70.94267515923566,6.6,0.02356687898089172,0.21019108280254778,0.0,53007.16129032258,4.243225806451613,199.2258064516129,0.0
20220214,19,-0.26,6.443312101910827,73.36942675159236,6.683870967741935,0.012738853503184714,0.2484076433121019,0.0,51017.54838709677,4.0593548387096785,202.25806451612902,0.0
20220214,20,-0.5,6.131847133757959,74.94267515923566,6.741935483870968,0.002547770700636943,0.18471337579617833,0.0,50471.8064516129,3.988387096774194,202.96774193548387,0.0
20220214,21,-0.71,5.809554140127386,76.4968152866242,6.812903225806451,0.002547770700636943,0.1910828025477707,0,49670.77419354839,3.9090322580645154,206.90322580645162,0.0
20220214,22,-0.87,5.563694267515924,77.92993630573248,6.741935483870968,0.0057324840764331215,0.20382165605095542,0,47076.51612903226,3.988387096774194,210.25806451612902,0.0
20220214,23,-0.97,5.319108280254775,79.29299363057325,6.909677419354839,0.009554140127388535,0.1910828025477707,0,46110.77419354839,3.978064516129033,207.2258064516129,0.0
20220215,00,-1.0,5.192356687898089,80.65605095541402,7.225806451612903,0.021656050955414015,0.2229299363057325,0,43301.8064516129,4.102580645161292,213.09677419354838,0.0
20220215,01,-0.97,4.970700636942675,82.171974522293,7.374193548387097,0.01210191082802548,0.3184713375796178,0,42129.8064516129,4.111612903225808,212.7741935483871,0.0
20220215,02,-0.87,4.782165605095545,83.80891719745223,7.374193548387097,0.024840764331210193,0.35668789808917195,0,39875.22580645161,3.9883870967741926,209.3548387096774,0.0
20220215,03,-0.71,4.620382165605097,85.35668789808918,7.419354838709677,0.05222929936305732,0.3503184713375796,0.0,35441.290322580644,3.949032258064517,218.0,0.0
20220215,04,-0.5,4.553503184713375,86.0828025477707,7.47741935483871,0.05477707006369426,0.4394904458598726,0.0,33759.67741935484,3.861935483870967,215.5483870967742,0.0
20220215,05,-0.26,4.415923566878983,87.28025477707007,7.387096774193548,0.06751592356687897,0.45222929936305734,0.0,30468.967741935485,3.845806451612902,213.03225806451613,0.0
20220215,06,-0.0,4.307643312101909,87.91082802547771,7.432258064516129,0.0643312101910828,0.47770700636942676,0.0,29187.354838709678,3.707096774193549,213.8709677419355,0.0
20220215,07,0.26,4.2942675159235675,88.10191082802548,7.490322580645161,0.06815286624203822,0.4968152866242038,0.0,27934.129032258064,3.660645161290325,220.32258064516128,87.0
20220215,08,0.5,4.5770700636942685,87.63694267515923,7.412903225806452,0.07197452229299363,0.49044585987261147,2.0259740259740258,27812.064516129034,3.696129032258065,223.03225806451613,1489.5
20220215,09,0.71,5.160509554140128,85.64968152866243,7.3896103896103895,0.08662420382165603,0.4840764331210191,7.623376623376624,31145.064935064936,3.898709677419356,225.67741935483872,4416.25
20220215,10,0.87,5.79235668789809,82.64331210191082,7.188311688311688,0.06624203821656052,0.45222929936305734,10.746753246753247,32940.58441558442,4.3993548387096775,232.19354838709677,7647.75
20220215,11,0.97,6.231847133757961,79.19108280254777,7.15483870967742,0.043312101910828016,0.445859872611465,12.383116883116884,37670.833333333336,4.872903225806452,236.7741935483871,9327.25
20220215,12,1.0,6.438216560509554,76.51592356687898,7.2709677419354835,0.043949044585987265,0.43312101910828027,9.53896103896104,44035.44871794872,5.110967741935484,238.38709677419354,9089.75
20220215,13,0.97,6.624203821656051,74.42038216560509,6.851612903225806,0.03694267515923566,0.445859872611465,10.831168831168831,45713.39743589744,5.175483870967741,240.1290322580645,8815.75
20220215,14,0.87,6.729299363057323,73.26751592356688,6.909677419354839,0.05668789808917197,0.4012738853503185,13.181818181818182,47172.94871794872,5.06258064516129,236.70967741935485,8376.0
20220215,15,0.71,6.646496815286624,72.22292993630573,6.367741935483871,0.03630573248407643,0.37579617834394907,17.68831168831169,50956.41025641026,5.118709677419355,233.2258064516129,6309.25
20220215,16,0.5,6.191082802547771,73.03821656050955,6.2709677419354835,0.020382165605095544,0.2611464968152866,15.590909090909092,49215.705128205125,4.851612903225809,227.74193548387098,2819.5
20220215,17,0.26,5.412101910828025,75.54140127388536,5.587096774193548,0.029936305732484077,0.21019108280254778,4.35064935064935,49770.769230769234,4.670322580645164,216.51612903225808,252.0
20220215,18,0.0,5.0203821656050955,76.97452229299363,5.529032258064516,0.045859872611464965,0.15286624203821655,0.0,46762.307692307695,4.711612903225808,208.6451612903226,0.0
20220215,19,-0.26,4.745859872611465,77.90445859872611,5.774193548387097,0.09617834394904458,0.1910828025477707,0.0,44845.320512820515,5.201935483870965,206.06451612903226,0.0
20220215,20,-0.5,4.53248407643312,79.12738853503184,6.251612903225807,0.1484076433121019,0.2611464968152866,0.0,43442.05128205128,5.661935483870964,206.7741935483871,0.0
20220215,21,-0.71,4.396815286624203,80.2484076433121,6.4480519480519485,0.14968152866242035,0.3057324840764331,0,42014.743589743586,5.9458064516129046,208.90322580645162,0.0
20220215,22,-0.87,4.2726114649681515,81.10191082802548,6.616883116883117,0.13503184713375802,0.3630573248407643,0,40203.97435897436,6.141935483870968,210.83870967741936,0.0
20220215,23,-0.97,4.19235668789809,82.07006369426752,6.902597402597403,0.17070063694267518,0.4394904458598726,0,38904.8717948718,6.185161290322582,209.48387096774192,0.0
20220216,00,-1.0,4.092356687898091,83.36942675159236,7.363636363636363,0.1847133757961783,0.47770700636942676,0,36498.46153846154,6.240645161290321,209.93548387096774,0.0
20220216,01,-0.97,4.040764331210191,84.5732484076433,7.467532467532467,0.21592356687898093,0.5414012738853503,0,34599.8717948718,6.14258064516129,209.16129032258064,0.0
20220216,02,-0.87,4.02484076433121,85.92356687898089,7.535483870967742,0.18535031847133757,0.5605095541401274,0,32442.82051282051,6.0367741935483865,206.83870967741936,0.0
20220216,03,-0.71,4.098089171974524,86.0,7.587096774193548,0.15605095541401273,0.5987261146496815,0.0,34352.4358974359,6.020645161290322,206.7741935483871,0.0
20220216,04,-0.5,4.20700636942675,86.47133757961784,7.548387096774194,0.13248407643312102,0.5987261146496815,0.0,36548.653846153844,6.002580645161289,204.51612903225808,0.0
20220216,05,-0.26,4.332484076433121,86.70063694267516,7.52258064516129,0.16560509554140132,0.6178343949044586,0.0,35439.61538461538,5.992903225806453,201.61290322580646,0.0
20220216,06,-0.0,4.447770700636944,87.00636942675159,7.567741935483871,0.2114649681528663,0.7070063694267515,0.0,35759.230769230766,6.061290322580646,200.25806451612902,0.0
20220216,07,0.26,4.630573248407643,87.28025477707007,7.619354838709677,0.26369426751592373,0.7834394904458599,0.6233766233766234,34526.08974358974,6.192258064516126,198.96774193548387,106.75
20220216,08,0.5,4.934394904458598,87.31210191082802,7.664516129032258,0.32802547770700646,0.8535031847133758,0.512987012987013,33311.92307692308,6.51741935483871,197.80645161290323,1076.25
20220216,09,0.71,5.430573248407642,86.98089171974522,7.694805194805195,0.3794871794871798,0.9102564102564102,1.422077922077922,31551.858974358973,6.890909090909087,198.6451612903226,2954.75
20220216,10,0.87,6.056687898089171,87.01910828025478,7.597402597402597,0.4243589743589743,0.9230769230769231,0.922077922077922,30808.333333333332,7.371428571428576,203.37662337662337,4763.5
20220216,11,0.97,6.714012738853504,87.00636942675159,7.567741935483871,0.3717948717948719,0.9294871794871795,1.1233766233766234,28760.641025641027,7.877419354838717,209.03225806451613,5617.5
20220216,12,1.0,7.305128205128206,87.30128205128206,7.590909090909091,0.342948717948718,0.9166666666666666,1.0326797385620916,30230.322580645163,8.209090909090909,214.74025974025975,5654.5
20220216,13,0.97,7.884615384615383,87.1474358974359,7.688311688311688,0.29423076923076946,0.8012820512820513,0.6013071895424836,33999.032258064515,8.315584415584414,219.67532467532467,5286.75
20220216,14,0.87,8.344230769230775,86.4423076923077,7.688311688311688,0.166025641025641,0.7756410256410257,0.477124183006536,36190.12903225807,8.405194805194808,223.7012987012987,3919.25
20220216,15,0.71,8.694871794871798,86.28205128205128,7.707792207792208,0.10192307692307691,0.6987179487179487,0.39869281045751637,38586.967741935485,8.201948051948053,226.03896103896105,2239.0
20220216,16,0.5,8.947435897435895,85.8076923076923,7.738562091503268,0.06987179487179486,0.5961538461538461,0.22875816993464052,40450.06451612903,8.081168831168833,226.4935064935065,868.75
20220216,17,0.26,9.098717948717951,85.62179487179488,7.636363636363637,0.09615384615384616,0.6858974358974359,0.20915032679738563,38892.45161290323,8.083116883116885,225.71428571428572,83.5
20220216,18,0.0,9.212179487179492,86.17948717948718,7.577922077922078,0.27179487179487183,0.6538461538461539,0.0,38803.22580645161,8.187662337662333,224.41558441558442,0.0
20220216,19,-0.26,9.408333333333335,86.35897435897436,7.5519480519480515,0.45641025641025645,0.6217948717948718,0.0,38499.93548387097,8.404545454545456,222.4025974025974,0.0
20220216,20,-0.5,9.613461538461536,87.14102564102564,7.6558441558441555,0.6225806451612902,0.7225806451612903,0.0,35689.290322580644,8.738961038961042,224.54545454545453,0.0
20220216,21,-0.71,9.84230769230769,87.6923076923077,7.597402597402597,0.7864516129032257,0.8451612903225807,0,29413.74193548387,9.170129870129866,222.53246753246754,0.0
20220216,22,-0.87,10.1025641025641,87.21794871794872,7.623376623376624,0.7903225806451615,0.9354838709677419,0,29543.09677419355,9.84025974025974,226.4935064935065,0.0
20220216,23,-0.97,10.305769230769227,86.24358974358974,7.279220779220779,0.7961290322580643,0.9548387096774194,0,31214.0,10.411038961038964,232.07792207792207,0.0
20220217,00,-1.0,10.475641025641027,83.6923076923077,7.1688311688311686,0.6793548387096772,0.8774193548387097,0,36627.41935483871,10.977272727272734,236.55844155844156,0.0
20220217,01,-0.97,10.423076923076925,81.27564102564102,7.116883116883117,0.8051612903225808,0.8064516129032258,0,38691.48387096774,11.302597402597401,244.87012987012986,0.0
20220217,02,-0.87,10.06025641025641,79.80128205128206,7.181818181818182,0.6889610389610389,0.7727272727272727,0,39312.77419354839,11.71428571428571,248.11688311688312,0.0
20220217,03,-0.71,9.632051282051286,78.66666666666667,7.0064935064935066,0.6597402597402598,0.8116883116883117,0.0,36241.94805194805,11.823529411764698,251.88311688311688,0.0
20220217,04,-0.5,9.289102564102564,76.28205128205128,6.798701298701299,0.6948387096774191,0.7806451612903226,0.0,38828.88888888889,11.883552631578949,256.47058823529414,0.0
20220217,05,-0.26,8.753846153846151,74.94871794871794,6.636363636363637,0.5193548387096775,0.7548387096774194,0.0,37619.28104575163,12.02287581699346,260.718954248366,0.0
20220217,06,-0.0,8.335256410256413,74.1923076923077,6.603896103896104,0.44129032258064493,0.7096774193548387,0.0,36230.78431372549,12.045098039215688,265.2287581699346,0.0
20220217,07,0.26,7.992307692307691,73.83974358974359,6.6103896103896105,0.30897435897435893,0.7051282051282052,0.2679738562091503,34882.5974025974,11.925974025974032,264.09090909090907,151.5
20220217,08,0.5,7.76602564102564,73.83974358974359,6.571428571428571,0.32051282051282054,0.7115384615384616,7.65359477124183,35337.66233766234,11.749999999999996,265.7142857142857,2124.5
20220217,09,0.71,7.719230769230765,72.06410256410257,6.422077922077922,0.31730769230769246,0.6666666666666666,13.006535947712418,33409.35064935065,11.626623376623378,271.038961038961,5785.75
20220217,10,0.87,7.651923076923079,71.26282051282051,6.69281045751634,0.2230769230769232,0.7115384615384616,15.052287581699346,34973.37662337662,11.605194805194806,273.4415584415584,9474.75
20220217,11,0.97,7.860256410256406,69.47435897435898,6.5519480519480515,0.18461538461538465,0.7051282051282052,16.555555555555557,37792.46753246753,11.54090909090909,273.5064935064935,12143.75
20220217,12,1.0,7.878980891719742,67.80254777070064,6.207792207792208,0.17579617834394903,0.6560509554140127,18.705882352941178,38366.77419354839,11.420000000000002,274.258064516129,14218.25
20220217,13,0.97,7.839490445859874,66.73885350318471,6.180645161290323,0.19171974522292995,0.6496815286624203,19.09090909090909,39585.8064516129,11.170967741935481,272.64516129032256,13606.75
20220217,14,0.87,7.637579617834393,67.42038216560509,6.090322580645161,0.16815286624203826,0.6878980891719745,19.48051948051948,40033.96103896104,10.858709677419354,274.1290322580645,10907.75
20220217,15,0.71,7.41528662420382,67.35668789808918,6.012903225806451,0.15286624203821655,0.6878980891719745,18.071428571428573,40067.98701298701,10.246451612903225,273.35483870967744,7198.5
20220217,16,0.5,6.981528662420382,68.40764331210191,5.8,0.1878980891719745,0.6560509554140127,16.72077922077922,38934.545454545456,10.001290322580642,273.48387096774195,2994.25
20220217,17,0.26,6.502547770700638,69.54140127388536,5.619354838709677,0.18471337579617833,0.5796178343949044,4.1103896103896105,40807.66233766234,9.41870967741935,273.16129032258067,280.5
20220217,18,0.0,6.293630573248408,69.54140127388536,5.780645161290322,0.11210191082802547,0.49044585987261147,0.0,39357.46753246753,9.058064516129033,271.61290322580646,0.0
20220217,19,-0.26,6.078343949044588,69.91082802547771,5.974193548387097,0.10955414012738852,0.3630573248407643,0.0,39795.844155844155,8.714193548387094,269.48387096774195,0.0
20220217,20,-0.5,5.930573248407643,69.62420382165605,5.961290322580645,0.049044585987261156,0.2611464968152866,0.0,39404.545454545456,8.490322580645158,266.0,0.0
20220217,21,-0.71,5.8834394904458565,69.30573248407643,6.04516129032258,0.029299363057324838,0.21656050955414013,0,38590.38961038961,8.000645161290327,261.0967741935484,0.0
20220217,22,-0.87,5.721019108280256,69.91082802547771,6.038709677419355,0.029936305732484084,0.31210191082802546,0,37709.155844155845,7.680645161290321,259.35483870967744,0.0
20220217,23,-0.97,5.561783439490447,71.2547770700637,5.883870967741935,0.0681528662420382,0.3503184713375796,0,37253.96103896104,7.296774193548385,257.16129032258067,0.0
20220218,00,-1.0,5.343312101910828,72.87898089171975,5.7612903225806456,0.026114649681528667,0.27388535031847133,0,37189.74025974026,6.746451612903225,253.93548387096774,0.0
20220218,01,-0.97,5.208917197452227,74.31210191082802,5.903225806451613,0.031847133757961776,0.2484076433121019,0,35704.155844155845,6.230967741935485,252.1290322580645,0.0
20220218,02,-0.87,5.118471337579615,75.57961783439491,6.232258064516129,0.015286624203821658,0.17197452229299362,0,36230.90909090909,5.74258064516129,248.58064516129033,0.0
20220218,03,-0.71,4.966242038216561,77.26114649681529,6.2387096774193544,0.009554140127388535,0.10828025477707007,0.0,34857.27272727273,5.36322580645161,243.29032258064515,0.0
20220218,04,-0.5,4.861146496815289,78.82165605095541,6.341935483870968,0.0038216560509554145,0.08280254777070063,0.0,33724.545454545456,5.027096774193547,236.0,0.0
20220218,05,-0.26,4.704458598726115,80.75796178343948,6.664516129032258,0.0012738853503184715,0.08917197452229299,0.0,32300.967741935485,4.603225806451612,224.70967741935485,0.0
20220218,06,-0.0,4.723566878980892,81.68789808917198,7.2,0.006369426751592357,0.1464968152866242,0.0,31296.129032258064,4.383870967741938,216.0,0.0
20220218,07,0.26,4.87324840764331,83.18471337579618,7.285714285714286,0.03439490445859873,0.2611464968152866,0.8051948051948052,29642.064516129034,4.3296774193548355,204.83870967741936,172.25
20220218,08,0.5,5.468152866242039,82.828025477707,7.509677419354839,0.040764331210191074,0.34394904458598724,4.896103896103896,30422.774193548386,4.5380645161290305,199.29032258064515,1796.75
20220218,09,0.71,6.188535031847133,82.22929936305732,7.425806451612903,0.06878980891719744,0.5095541401273885,4.090909090909091,30058.709677419356,4.968387096774195,196.83870967741936,3688.0
20220218,10,0.87,6.89044585987261,81.72611464968153,7.416666666666667,0.14522292993630567,0.643312101910828,6.025974025974026,30252.451612903227,5.389677419354839,194.06451612903226,5058.5
20220218,11,0.97,7.519108280254774,81.77707006369427,7.416666666666667,0.21592356687898098,0.6815286624203821,3.512987012987013,32067.677419354837,5.878064516129033,194.6451612903226,5648.25
20220218,12,1.0,8.036305732484077,81.67515923566879,7.583333333333333,0.2980891719745223,0.6942675159235668,2.396103896103896,32218.645161290322,6.310322580645159,193.03225806451613,5806.5
20220218,13,0.97,8.578980891719741,81.5859872611465,7.673076923076923,0.343312101910828,0.6624203821656051,2.155844155844156,35080.967741935485,6.781935483870966,194.83870967741936,5369.25
20220218,14,0.87,8.986624203821657,81.31210191082802,7.673076923076923,0.361783439490446,0.6560509554140127,1.1428571428571428,37446.45161290323,7.288387096774188,197.5483870967742,4200.25
20220218,15,0.71,9.363694267515926,79.78980891719745,7.67948717948718,0.4012738853503185,0.5668789808917197,0.987012987012987,39668.3870967742,7.840645161290322,201.8709677419355,2847.0
20220218,16,0.5,9.410828025477706,77.2547770700637,7.544871794871795,0.42929936305732497,0.5286624203821656,1.7857142857142858,43056.06451612903,8.65677419354839,208.58064516129033,1494.25
20220218,17,0.26,9.278343949044585,74.79617834394904,7.358974358974359,0.4101910828025476,0.4968152866242038,0.6753246753246753,45841.41935483871,9.25225806451614,217.67741935483872,162.25
20220218,18,0.0,9.04331210191083,71.62420382165605,7.32258064516129,0.3719745222929937,0.5286624203821656,0.0,46520.967741935485,10.020645161290325,223.09677419354838,0.0
20220218,19,-0.26,8.432484076433125,69.70700636942675,6.92948717948718,0.36433121019108294,0.5923566878980892,0.0,45081.93548387097,10.920645161290327,233.29032258064515,0.0
20220218,20,-0.5,7.762420382165608,67.0828025477707,6.367741935483871,0.29743589743589754,0.5833333333333334,0.0,45685.096774193546,11.514838709677418,244.51612903225808,0.0
20220218,21,-0.71,6.961783439490449,65.96178343949045,6.380645161290323,0.20128205128205137,0.6602564102564102,0,46919.354838709674,11.898692810457513,251.5483870967742,0.0
20220218,22,-0.87,6.333121019108281,64.63057324840764,6.246753246753247,0.11217948717948718,0.5384615384615384,0,48811.94805194805,12.02207792207792,254.54545454545453,0.0
20220218,23,-0.97,5.961783439490447,63.49044585987261,6.058064516129032,0.08516129032258062,0.4064516129032258,0,47352.207792207795,11.886363636363637,251.2987012987013,0.0
20220219,00,-1.0,5.628662420382163,63.496815286624205,6.174193548387096,0.07371794871794869,0.391025641025641,0,44646.0,11.72483660130719,248.05194805194805,0.0
20220219,01,-0.97,5.301910828025477,63.547770700636946,6.2243589743589745,0.0732484076433121,0.45222929936305734,0,41440.58064516129,11.765584415584415,247.27272727272728,0.0
20220219,02,-0.87,4.979487179487178,63.96153846153846,6.193548387096774,0.10509554140127389,0.4585987261146497,0,41978.181818181816,11.68116883116883,248.83116883116884,0.0
20220219,03,-0.71,4.6499999999999995,64.92948717948718,6.258064516129032,0.11217948717948716,0.4358974358974359,0.0,43191.03896103896,11.413725490196073,251.5032679738562,0.0
20220219,04,-0.5,4.232258064516126,67.14193548387097,6.214285714285714,0.06516129032258063,0.4838709677419355,0.0,43156.86274509804,11.186184210526317,251.30718954248366,0.0
20220219,05,-0.26,3.87354838709677,68.48387096774194,6.2272727272727275,0.08774193548387092,0.45806451612903226,0.0,43977.64705882353,10.819078947368416,255.5921052631579,0.0
20220219,06,-0.0,3.6333333333333324,69.5576923076923,6.253246753246753,0.07096774193548386,0.43870967741935485,0.0,44865.90909090909,10.4046052631579,254.96732026143792,0.0
20220219,07,0.26,3.4846153846153847,69.90384615384616,5.95483870967742,0.06923076923076922,0.3782051282051282,1.625,44275.71428571428,9.949019607843134,256.01307189542484,329.75
20220219,08,0.5,3.716025641025643,69.01923076923077,5.806451612903226,0.0455128205128205,0.3525641025641026,16.414473684210527,45340.90909090909,9.527450980392159,256.5359477124183,3775.75
20220219,09,0.71,4.142948717948719,67.33974358974359,5.432258064516129,0.0358974358974359,0.3269230769230769,24.532894736842106,45902.72727272727,9.379084967320264,255.22875816993465,9677.75
20220219,10,0.87,4.59423076923077,65.0576923076923,5.348387096774194,0.03333333333333334,0.3333333333333333,26.861842105263158,45570.51948051948,9.492156862745095,257.2549019607843,15061.5
20220219,11,0.97,5.150955414012737,62.10897435897436,5.544871794871795,0.031210191082802544,0.24203821656050956,28.848684210526315,48339.48387096774,9.344805194805192,257.5974025974026,17974.75
20220219,12,1.0,5.49808917197452,59.8525641025641,5.621794871794871,0.06242038216560509,0.2802547770700637,28.54248366013072,49412.645161290326,8.970129870129869,255.9090909090909,18675.25
20220219,13,0.97,5.798726114649683,57.34615384615385,5.262820512820513,0.017197452229299363,0.2356687898089172,29.03267973856209,52667.8064516129,8.802597402597401,255.19480519480518,17780.25
20220219,14,0.87,5.924840764331207,56.30128205128205,5.115384615384615,0.0515923566878981,0.27388535031847133,29.96078431372549,53410.3870967742,8.458441558441557,253.83116883116884,15011.25
20220219,15,0.71,5.839490445859874,56.3525641025641,5.282051282051282,0.02101910828025478,0.2929936305732484,29.235294117647058,55340.83870967742,7.9324675324675304,252.07792207792207,10122.0
20220219,16,0.5,5.401910828025476,57.88461538461539,5.0576923076923075,0.01337579617834395,0.17197452229299362,25.176470588235293,55571.354838709674,7.207792207792203,245.45454545454547,4177.75
20220219,17,0.26,4.563057324840762,61.416666666666664,4.705128205128205,0.014649681528662422,0.10191082802547771,7.830065359477124,53721.54838709677,6.1324675324675315,241.55844155844156,449.25
20220219,18,0.0,3.937579617834393,64.72435897435898,4.461538461538462,0.01592356687898089,0.10828025477707007,0.0,51549.41935483871,5.255844155844155,231.2987012987013,0.25
20220219,19,-0.26,3.571974522292992,66.6474358974359,4.974193548387097,0.01910828025477707,0.14012738853503184,0.0,50600.06451612903,5.130519480519478,218.8961038961039,0.0
20220219,20,-0.5,3.3738853503184725,68.75,5.864516129032258,0.07579617834394904,0.21656050955414013,0.0,47533.290322580644,5.607142857142856,215.84415584415584,0.0
20220219,21,-0.71,3.228025477707007,70.8974358974359,6.387096774193548,0.14076433121019108,0.29936305732484075,0,45647.87096774193,6.025974025974027,214.93506493506493,0.0
20220219,22,-0.87,3.165605095541401,73.46794871794872,6.636363636363637,0.19299363057324845,0.45222929936305734,0,40386.967741935485,6.403896103896104,213.05194805194805,0.0
20220219,23,-0.97,3.071974522292993,76.32692307692308,6.863636363636363,0.24076433121019106,0.5796178343949044,0,38919.8064516129,6.588961038961032,214.35064935064935,0.0
20220220,00,-1.0,3.0656050955414025,78.99358974358974,6.7290322580645165,0.18853503184713383,0.6942675159235668,0,35763.93548387097,6.55649350649351,217.66233766233765,0.0
20220220,01,-0.97,3.0484076433121006,81.87820512820512,7.147435897435898,0.18853503184713377,0.7707006369426752,0,34837.87096774193,6.66168831168831,224.87012987012986,0.0
20220220,02,-0.87,3.079617834394903,83.52564102564102,7.025806451612903,0.2140127388535032,0.7388535031847133,0,34010.1935483871,6.729870129870129,230.84415584415584,0.0
20220220,03,-0.71,3.114012738853502,84.6923076923077,7.064102564102564,0.1471337579617834,0.7515923566878981,0.0,34646.77419354839,6.848051948051949,234.93506493506493,0.0
20220220,04,-0.5,3.2668789808917205,84.82051282051282,7.147435897435898,0.110828025477707,0.7006369426751592,0.0,37478.51612903226,6.607142857142858,239.67532467532467,0.0
20220220,05,-0.26,3.364968152866241,84.80128205128206,7.371794871794871,0.08535031847133756,0.6178343949044586,0.0,38245.032258064515,6.4162337662337645,243.76623376623377,0.0
20220220,06,-0.0,3.4636942675159226,84.56410256410257,7.512820512820513,0.05222929936305732,0.535031847133758,0.0,39742.06451612903,6.311038961038959,242.07792207792207,0.0
20220220,07,0.26,3.619108280254775,84.57051282051282,7.551282051282051,0.062420382165605075,0.4840764331210191,0.1437908496732026,40218.32258064516,6.205844155844153,239.02597402597402,154.25
20220220,08,0.5,4.04777070063694,83.8525641025641,7.5,0.10955414012738851,0.47770700636942676,1.908496732026144,40926.1935483871,6.311688311688311,233.5064935064935,1677.0
20220220,09,0.71,4.552866242038215,82.83974358974359,7.4743589743589745,0.20318471337579622,0.5414012738853503,4.1568627450980395,39132.709677419356,6.774025974025977,229.93506493506493,4251.75
20220220,10,0.87,5.071974522292992,82.53846153846153,7.467948717948718,0.30573248407643316,0.6114649681528662,4.045751633986928,36696.709677419356,7.173376623376625,226.62337662337663,6323.5
20220220,11,0.97,5.7050955414012785,81.9423076923077,7.4743589743589745,0.3369426751592358,0.6242038216560509,4.588235294117647,35740.77419354839,7.460389610389611,224.35064935064935,7485.0
20220220,12,1.0,6.276433121019109,81.66025641025641,7.512820512820513,0.30891719745222934,0.7133757961783439,5.431372549019608,34553.22580645161,7.916883116883117,222.85714285714286,8098.25
20220220,13,0.97,6.750955414012738,82.15384615384616,7.467948717948718,0.35286624203821654,0.7770700636942676,4.594771241830065,29927.41935483871,8.1974025974026,225.45454545454547,6937.25
20220220,14,0.87,7.1140127388535035,82.74358974358974,7.608974358974359,0.36050955414012736,0.7834394904458599,3.0784313725490198,32338.83870967742,8.413636363636366,227.2077922077922,5007.25
20220220,15,0.71,7.377070063694267,82.88461538461539,7.596153846153846,0.3407643312101911,0.7515923566878981,2.235294117647059,35228.77419354839,8.377922077922078,228.7012987012987,3157.5
20220220,16,0.5,7.6000000000000005,82.51282051282051,7.666666666666667,0.2891719745222931,0.7133757961783439,1.7516339869281046,37610.77419354839,8.303896103896106,229.80519480519482,1431.25
20220220,17,0.26,7.621019108280259,83.07692307692308,7.564102564102564,0.3471337579617835,0.7133757961783439,0.5424836601307189,37754.83870967742,8.248051948051947,227.4025974025974,155.75
20220220,18,0.0,7.708917197452229,83.1474358974359,7.583333333333333,0.40764331210191085,0.7261146496815286,0.0,36734.83870967742,8.236363636363636,224.87012987012986,0.0
20220220,19,-0.26,7.766242038216559,83.2051282051282,7.621794871794871,0.527388535031847,0.7898089171974523,0.0,35835.290322580644,8.52012987012987,223.63636363636363,0.0
20220220,20,-0.5,7.854777070063693,82.96153846153847,7.544871794871795,0.5248407643312105,0.7961783439490446,0.0,35164.58064516129,8.830519480519484,222.98701298701297,0.0
20220220,21,-0.71,7.913375796178345,82.75,7.448717948717949,0.5401273885350321,0.8280254777070064,0,33606.967741935485,9.205194805194798,221.36363636363637,0.0
20220220,22,-0.87,7.966878980891718,82.62820512820512,7.506410256410256,0.5184713375796178,0.821656050955414,0,33835.22580645161,9.650649350649356,222.72727272727272,0.0
20220220,23,-0.97,7.9452229299363015,81.97435897435898,7.5576923076923075,0.5605095541401277,0.8598726114649682,0,35245.67741935484,9.987662337662337,223.24675324675326,0.0
20220221,00,-1.0,7.719108280254779,81.35897435897436,7.615384615384615,0.5847133757961783,0.8152866242038217,0,38782.06451612903,10.318181818181817,226.75324675324674,0.0
20220221,01,-0.97,7.451592356687893,80.00641025641026,7.5256410256410255,0.4783439490445863,0.7770700636942676,0,41146.83870967742,10.731168831168828,231.36363636363637,0.0
20220221,02,-0.87,6.959235668789812,78.4551282051282,7.448717948717949,0.619108280254777,0.7898089171974523,0,41138.06451612903,10.881168831168834,238.76623376623377,0.0
20220221,03,-0.71,6.292356687898088,77.0448717948718,7.4743589743589745,0.5038216560509556,0.7961783439490446,0.0,42991.16129032258,10.774025974025973,245.84415584415584,0.0
20220221,04,-0.5,5.400636942675159,76.76923076923077,6.9423076923076925,0.3987261146496816,0.821656050955414,0.0,41467.290322580644,10.614935064935063,253.83116883116884,0.0
20220221,05,-0.26,4.329936305732485,77.77564102564102,6.685897435897436,0.4388535031847134,0.7834394904458599,0.0,38391.032258064515,10.133116883116893,257.987012987013,0.0
20220221,06,-0.0,3.7350318471337594,77.05128205128206,6.32051282051282,0.2751592356687899,0.7643312101910829,0.0,39119.354838709674,9.465584415584415,258.7012987012987,0.0
20220221,07,0.26,2.912101910828025,78.96153846153847,6.262820512820513,0.2923566878980893,0.7388535031847133,0.12337662337662338,37485.74193548387,9.103896103896107,262.14285714285717,246.0
20220221,08,0.5,2.9235668789808926,78.23076923076923,6.0576923076923075,0.1789808917197453,0.6242038216560509,9.032467532467532,37339.096774193546,8.668831168831167,258.5806451612903,2778.25
20220221,09,0.71,3.3471337579617826,75.75,6.121794871794871,0.10573248407643308,0.5286624203821656,17.967532467532468,40474.903225806454,8.913548387096773,249.67741935483872,7091.5
20220221,10,0.87,3.8477707006369406,72.5,6.711538461538462,0.07961783439490445,0.5031847133757962,17.746753246753247,41091.67741935484,9.315483870967743,247.5483870967742,10058.25
20220221,11,0.97,4.056050955414014,71.32051282051282,6.9423076923076925,0.17261146496815286,0.6178343949044586,14.012987012987013,39771.41935483871,9.593548387096774,245.93548387096774,11155.25
20220221,12,1.0,4.321656050955416,71.01923076923077,7.083333333333333,0.17834394904458598,0.643312101910828,13.051948051948052,39639.93548387097,9.479354838709675,240.38709677419354,12272.75
20220221,13,0.97,4.536305732484077,71.46153846153847,7.0256410256410255,0.20636942675159234,0.7197452229299363,12.181818181818182,38987.032258064515,9.374193548387098,240.06451612903226,10986.75
20220221,14,0.87,4.442675159235668,74.12179487179488,7.051282051282051,0.25859872611464974,0.7515923566878981,9.181818181818182,34838.967741935485,9.290322580645155,241.09677419354838,8261.5
20220221,15,0.71,4.294267515923569,77.40384615384616,7.121794871794871,0.3057324840764332,0.7515923566878981,6.402597402597403,32692.0,8.83677419354839,242.32258064516128,5018.5
20220221,16,0.5,4.189808917197453,79.83974358974359,7.211538461538462,0.2923566878980892,0.8471337579617835,4.818181818181818,33657.6129032258,8.556774193548385,245.93548387096774,2057.5
20220221,17,0.26,3.9656050955413984,82.4551282051282,7.128205128205129,0.31082802547770705,0.732484076433121,1.4415584415584415,34048.45161290323,8.410967741935483,254.4516129032258,239.25
20220221,18,0.0,3.9057324840764363,83.9423076923077,6.839743589743589,0.30000000000000004,0.7515923566878981,0.0,34364.77419354839,7.936129032258062,261.2258064516129,0.25
20220221,19,-0.26,3.8535031847133756,85.2051282051282,6.756410256410256,0.25031847133757973,0.7961783439490446,0.0,32352.322580645163,7.709677419354839,266.5806451612903,0.0
20220221,20,-0.5,3.875796178343953,85.2051282051282,6.519230769230769,0.19108280254777074,0.7770700636942676,0.0,33069.48387096774,7.426451612903227,272.51612903225805,0.0
20220221,21,-0.71,3.888535031847136,84.75641025641026,6.564102564102564,0.145859872611465,0.6942675159235668,0,34108.51612903226,7.309677419354839,276.7096774193548,0.0
20220221,22,-0.87,3.9082802547770696,83.7051282051282,6.67948717948718,0.11210191082802543,0.6369426751592356,0,34817.032258064515,7.224516129032256,279.93548387096774,0.0
20220221,23,-0.97,3.9197452229299383,82.83974358974359,6.589743589743589,0.11910828025477709,0.6050955414012739,0,34623.41935483871,7.076129032258067,280.96774193548384,0.0
20220222,00,-1.0,3.9114649681528664,82.55128205128206,6.641025641025641,0.07770700636942675,0.6178343949044586,0,31793.870967741936,6.963870967741935,280.3225806451613,0.0
20220222,01,-0.97,3.8063694267515937,82.76282051282051,6.519230769230769,0.07452229299363056,0.6305732484076433,0,29695.09677419355,6.896129032258068,280.3225806451613,0.0
20220222,02,-0.87,3.6694267515923555,82.66025641025641,6.32051282051282,0.08598726114649681,0.6178343949044586,0,28976.129032258064,6.807096774193549,278.0,0.0
20220222,03,-0.71,3.5121019108280263,82.1474358974359,5.948717948717949,0.0789808917197452,0.6242038216560509,0.0,28679.09677419355,6.656129032258066,279.741935483871,0.0
20220222,04,-0.5,3.2942675159235657,82.10897435897436,5.839743589743589,0.0662420382165605,0.6178343949044586,0.0,27097.09677419355,6.588387096774194,281.35483870967744,0.0
20220222,05,-0.26,3.036942675159234,82.01923076923077,5.858974358974359,0.08853503184713372,0.5414012738853503,0.0,27648.064516129034,6.409677419354838,280.3225806451613,0.0
20220222,06,-0.0,2.7394904458598717,82.26923076923077,5.826923076923077,0.059235668789808925,0.3885350318471338,0.0,28061.16129032258,6.0277419354838715,280.7741935483871,0.0
20220222,07,0.26,2.680254777070064,82.4551282051282,6.205128205128205,0.024203821656050957,0.31210191082802546,0.6168831168831169,27335.16129032258,5.686451612903225,275.2903225806452,378.0
20220222,08,0.5,3.1414012738853505,81.23076923076923,6.122580645161291,0.02738853503184713,0.35668789808917195,13.116883116883116,28793.96103896104,5.563225806451613,270.7096774193548,3652.0
20220222,09,0.71,3.870063694267516,78.51282051282051,6.406451612903226,0.028846153846153848,0.28846153846153844,20.545454545454547,29135.38961038961,5.856774193548385,266.5806451612903,8419.0
20220222,10,0.87,4.5222929936305745,75.60897435897436,6.980645161290322,0.025,0.26282051282051283,18.038961038961038,31321.16129032258,6.188387096774193,265.80645161290323,11058.75
20220222,11,0.97,4.989171974522291,73.07692307692308,7.161290322580645,0.014743589743589745,0.3141025641025641,12.948051948051948,31908.1935483871,6.45935483870968,260.96774193548384,12040.25
20220222,12,1.0,5.517834394904457,70.76282051282051,7.258064516129032,0.019230769230769232,0.34615384615384615,11.915584415584416,34620.12903225807,6.683225806451613,257.8709677419355,12012.75
20220222,13,0.97,5.806369426751596,70.62820512820512,7.2709677419354835,0.03333333333333333,0.358974358974359,10.863636363636363,34223.032258064515,6.740645161290322,251.03225806451613,10807.25
20220222,14,0.87,5.942675159235668,71.77564102564102,7.445161290322581,0.041025641025641026,0.4358974358974359,7.3311688311688314,33955.67741935484,6.615483870967744,245.09677419354838,8383.0
20220222,15,0.71,5.921019108280255,74.21153846153847,7.658064516129032,0.07243589743589741,0.4807692307692308,3.642857142857143,33080.709677419356,6.3522580645161275,238.96774193548387,4931.75
20220222,16,0.5,5.790445859872615,76.9423076923077,7.709677419354839,0.09743589743589741,0.5512820512820513,1.4935064935064934,30370.1935483871,6.210967741935484,232.4516129032258,1968.0
20220222,17,0.26,5.650318471337582,79.9551282051282,7.703225806451613,0.1580645161290323,0.7290322580645161,0.006493506493506494,27638.387096774193,6.15483870967742,228.06451612903226,219.25
20220222,18,0.0,5.656050955414014,82.53205128205128,7.606451612903226,0.23677419354838722,0.8193548387096774,0.0,26076.90322580645,6.246451612903225,227.48387096774192,0.25
20220222,19,-0.26,5.696178343949045,84.51923076923077,7.406451612903226,0.2780645161290324,0.8774193548387097,0.0,24591.8064516129,6.724516129032252,231.93548387096774,0.0
20220222,20,-0.5,5.729936305732485,85.6474358974359,7.15483870967742,0.2651612903225808,0.832258064516129,0.0,25478.451612903227,6.963870967741935,237.41935483870967,0.0
20220222,21,-0.71,5.758598726114649,85.82051282051282,6.948387096774193,0.2670967741935485,0.7870967741935484,0,27443.354838709678,7.165161290322581,243.2258064516129,0.0
20220222,22,-0.87,5.758598726114649,85.67307692307692,6.664516129032258,0.3051282051282053,0.7115384615384616,0,27513.16129032258,7.161935483870973,250.58064516129033,0.0
20220222,23,-0.97,5.686624203821654,84.87179487179488,6.180645161290323,0.30576923076923085,0.6153846153846154,0,30486.451612903227,7.054193548387096,256.7096774193548,0.0
20220223,00,-1.0,5.475796178343948,83.75641025641026,5.574193548387097,0.22645161290322582,0.567741935483871,0,29293.09677419355,7.039999999999999,265.2258064516129,0.0
20220223,01,-0.97,5.243949044585984,83.17948717948718,5.116129032258065,0.1496774193548387,0.47096774193548385,0,31869.548387096773,6.858064516129031,268.19354838709677,0.0
20220223,02,-0.87,4.91592356687898,83.43589743589743,4.709677419354839,0.12903225806451613,0.33548387096774196,0,31165.41935483871,6.561935483870966,271.4193548387097,0.0
20220223,03,-0.71,4.610191082802549,83.77564102564102,4.748387096774193,0.11225806451612905,0.2709677419354839,0.0,31132.1935483871,6.198709677419354,269.6774193548387,0.0
20220223,04,-0.5,4.3140127388535054,84.51923076923077,4.7935483870967746,0.07677419354838709,0.24516129032258063,0.0,30741.032258064515,5.7541935483870965,269.6774193548387,0.0
20220223,05,-0.26,4.002547770700638,85.27564102564102,4.490322580645161,0.03032258064516129,0.22580645161290322,0.0,29628.1935483871,5.327096774193546,268.4516129032258,0.0
20220223,06,-0.0,3.628662420382166,86.25641025641026,3.8838709677419354,0.0464516129032258,0.13548387096774195,0.0,27438.645161290322,4.93935483870968,264.64516129032256,0.0
20220223,07,0.26,3.4592356687898076,86.64102564102564,3.554838709677419,0.01032258064516129,0.0967741935483871,2.75974025974026,26104.1935483871,4.597419354838711,255.93548387096774,600.25
20220223,08,0.5,4.3331210191082805,83.43589743589743,3.2451612903225806,0.013548387096774195,0.05161290322580645,32.4025974025974,29377.225806451614,4.592258064516127,241.74193548387098,5632.5
20220223,09,0.71,5.4146496815286635,78.91025641025641,3.535483870967742,0.001282051282051282,0.02564102564102564,40.05194805194805,32609.354838709678,4.92451612903226,245.74193548387098,12911.25
20220223,10,0.87,6.3414012738853485,73.44871794871794,3.432258064516129,0.000641025641025641,0.00641025641025641,40.88961038961039,36791.16129032258,5.300645161290323,250.70967741935485,18358.75
20220223,11,0.97,7.219108280254776,68.31847133757962,3.0193548387096776,0.0,0.00641025641025641,46.62987012987013,40367.16129032258,5.463225806451614,248.38709677419354,22763.0
20220223,12,1.0,7.987261146496814,63.42675159235669,2.425806451612903,0.0,0.00641025641025641,50.78431372549019,44006.645161290326,5.517419354838708,245.09677419354838,25169.25
20220223,13,0.97,8.572611464968157,59.732484076433124,2.2,0.0,0.0,51.372549019607845,47830.45161290323,5.58193548387097,244.4516129032258,24624.75
20220223,14,0.87,8.84777070063694,56.98089171974522,2.1923076923076925,0.0,0.0,51.76623376623377,49492.5,5.4090322580645145,240.19354838709677,21309.75
20220223,15,0.71,8.888535031847134,56.70700636942675,1.9038461538461537,0.0,0.0,52.8051948051948,52365.64102564102,5.0264516129032275,233.2258064516129,15268.25
20220223,16,0.5,8.40445859872611,58.31210191082803,2.1474358974358974,0.0,0.0,53.05844155844156,53591.282051282054,4.403870967741936,224.25806451612902,7335.5
20220223,17,0.26,6.787261146496816,65.23566878980891,2.5,0.0,0.0,26.37012987012987,52114.10256410256,3.4864516129032257,211.41935483870967,981.75
20220223,18,0.0,5.359235668789808,71.17834394904459,2.467948717948718,0.0,0.0,0.0,48908.14102564102,3.0341935483870963,186.1290322580645,0.25
20220223,19,-0.26,4.514012738853504,74.4267515923567,2.7051282051282053,0.0,0.0,0.0,47845.833333333336,3.1025806451612903,184.58064516129033,0.0
20220223,20,-0.5,4.062420382165607,76.13375796178345,3.25,0.0,0.0,0.0,47217.307692307695,3.2754838709677423,182.7741935483871,0.0
20220223,21,-0.71,3.75732484076433,76.63057324840764,3.6346153846153846,0.0,0.0,0,46849.294871794875,3.4270967741935463,180.25806451612902,0.0
20220223,22,-0.87,3.5312101910828044,77.43312101910828,3.9935897435897436,0.0,0.0,0,45994.61538461538,3.4290322580645154,181.93548387096774,0.0
20220223,23,-0.97,3.3783439490445852,77.92356687898089,4.358974358974359,0.0,0.0,0,44921.41025641026,3.5290322580645177,180.6451612903226,0.0
20220224,00,-1.0,3.377707006369426,77.60509554140127,4.916666666666667,0.0,0.0,0,46039.743589743586,3.765806451612902,181.8709677419355,0.0
20220224,01,-0.97,3.2343949044586,78.17834394904459,5.448717948717949,0.0,0.0,0,46329.9358974359,3.8748387096774195,181.93548387096774,0.0
20220224,02,-0.87,3.1318471337579608,79.1656050955414,5.852564102564102,0.0,0.0,0,46066.346153846156,3.9245161290322557,191.48387096774192,0.0
20220224,03,-0.71,3.0726114649681553,79.50955414012739,6.2064516129032254,0.0,0.0,0.0,44864.294871794875,4.000645161290319,189.61290322580646,0.0
20220224,04,-0.5,3.143949044585986,79.31210191082802,6.580645161290323,0.0,0.0,0.0,44925.51282051282,4.019999999999998,182.83870967741936,0.0
20220224,05,-0.26,3.173248407643313,79.30573248407643,6.7290322580645165,0.0012738853503184715,0.012738853503184714,0.0,45009.61538461538,4.037419354838709,183.2258064516129,0.0
20220224,06,-0.0,3.242038216560508,79.45859872611464,6.980645161290322,0.0,0.025477707006369428,0.0,46059.9358974359,4.096129032258063,184.6451612903226,0.25
20220224,07,0.26,3.5942675159235686,78.82165605095541,7.374193548387097,0.005732484076433121,0.050955414012738856,5.285714285714286,45235.89743589744,4.127096774193549,187.5483870967742,684.5
20220224,08,0.5,4.401273885350317,77.03821656050955,7.561290322580645,0.008280254777070065,0.07643312101910828,12.954545454545455,46631.98717948718,4.208387096774196,183.29032258064515,4154.75
20220224,09,0.71,5.564331210191081,73.92356687898089,7.567741935483871,0.0019108280254777072,0.07643312101910828,18.81168831168831,46972.692307692305,4.385161290322579,185.93548387096774,8987.25
20220224,10,0.87,6.899999999999997,69.86624203821655,7.6558441558441555,0.0057324840764331215,0.10828025477707007,21.664473684210527,48305.48387096774,4.873548387096776,195.5483870967742,13395.0
20220224,11,0.97,7.921019108280253,66.98726114649682,7.538961038961039,0.0031847133757961785,0.10828025477707007,20.717105263157894,49651.096774193546,5.436129032258066,200.51612903225808,15788.25
20220224,12,1.0,8.663057324840764,65.20382165605096,7.470967741935484,0.0038216560509554145,0.10191082802547771,20.908496732026144,52333.6129032258,5.972258064516132,204.96774193548387,15791.0
20220224,13,0.97,9.165605095541402,63.47133757961783,7.554838709677419,0.021656050955414015,0.11464968152866242,17.424836601307188,53877.74193548387,6.468387096774193,208.38709677419354,13874.5
20220224,14,0.87,9.256687898089172,63.22929936305732,7.519230769230769,0.038853503184713374,0.18471337579617833,12.441558441558442,54417.94871794872,6.910322580645158,212.0,10392.25
20220224,15,0.71,9.01401273885351,63.86624203821656,7.384615384615385,0.09617834394904458,0.27388535031847133,7.883870967741935,55488.07692307692,7.012258064516131,214.58064516129033,6092.25
20220224,16,0.5,8.454777070063692,65.91082802547771,7.467948717948718,0.16305732484076432,0.3375796178343949,4.690322580645161,55882.3717948718,7.050967741935486,219.29032258064515,2406.75
20220224,17,0.26,7.58535031847134,68.7515923566879,7.147435897435898,0.25796178343949044,0.35668789808917195,1.6451612903225807,53912.4358974359,6.942580645161293,223.93548387096774,402.75
20220224,18,0.0,6.645222929936303,72.03184713375796,6.794871794871795,0.2503184713375797,0.42038216560509556,0.0,50811.60256410256,6.843225806451612,228.90322580645162,0.5
20220224,19,-0.26,5.765605095541399,75.24203821656052,6.384615384615385,0.26178343949044586,0.554140127388535,0.0,48811.92307692308,6.894193548387094,236.06451612903226,0.0
20220224,20,-0.5,4.8394904458598695,78.45859872611464,6.17948717948718,0.24458598726114658,0.6050955414012739,0.0,45964.230769230766,6.854838709677421,244.0,0.0
20220224,21,-0.71,3.9949044585987257,80.96815286624204,6.4423076923076925,0.1859872611464968,0.7006369426751592,0,45270.0,6.796129032258063,251.93548387096774,0.0
20220224,22,-0.87,3.1694267515923573,82.47133757961784,6.294871794871795,0.1847133757961785,0.7133757961783439,0,43393.97435897436,6.770967741935485,257.741935483871,0.0
20220224,23,-0.97,2.685350318471338,83.01273885350318,6.3076923076923075,0.13248407643312107,0.7070063694267515,0,44706.282051282054,6.39290322580645,257.48387096774195,0.0
20220225,00,-1.0,2.1675159235668775,83.6687898089172,6.0576923076923075,0.09936305732484074,0.6050955414012739,0,45553.58974358974,6.3006451612903245,258.83870967741933,0.0
20220225,01,-0.97,1.8566878980891712,83.60509554140127,5.602564102564102,0.09999999999999998,0.5605095541401274,0,47229.55128205128,6.062580645161292,258.7741935483871,0.0
20220225,02,-0.87,1.6484076433121027,83.84713375796179,5.519230769230769,0.07834394904458598,0.4394904458598726,0,45165.320512820515,5.902580645161291,253.5483870967742,0.0
20220225,03,-0.71,1.484076433121019,83.19745222929936,5.217948717948718,0.07197452229299363,0.3503184713375796,0.0,44104.807692307695,5.7864516129032255,249.2258064516129,0.0
20220225,04,-0.5,1.3267515923566877,82.61783439490446,4.5576923076923075,0.052229299363057306,0.27388535031847133,0.0,44300.89743589744,5.77741935483871,245.3548387096774,0.0
20220225,05,-0.26,1.1936305732484078,82.2484076433121,4.326923076923077,0.035668789808917196,0.21019108280254778,0.0,44085.57692307692,5.706451612903226,242.0,0.0
20220225,06,-0.0,1.0140127388535034,82.44585987261146,4.160256410256411,0.025477707006369428,0.2229299363057325,0.0,42094.10256410256,5.756129032258066,237.3548387096774,0.0
20220225,07,0.26,1.0993630573248412,81.828025477707,4.166666666666667,0.03375796178343949,0.1910828025477707,4.787096774193548,42068.653846153844,5.766451612903228,235.74193548387098,741.5
20220225,08,0.5,1.8031847133757963,78.89808917197452,4.480769230769231,0.042675159235668794,0.19745222929936307,27.52258064516129,41173.97435897436,5.994838709677418,232.38709677419354,5531.5
20220225,09,0.71,2.5929936305732486,75.75796178343948,5.032051282051282,0.04394904458598726,0.2802547770700637,28.625806451612902,41066.666666666664,6.613548387096777,237.09677419354838,11566.0
20220225,10,0.87,3.244585987261146,72.71337579617834,5.987179487179487,0.05095541401273884,0.3248407643312102,25.864516129032257,41371.41025641026,7.132258064516128,240.83870967741936,15247.25
20220225,11,0.97,3.766878980891717,70.47770700636943,6.339743589743589,0.09681528662420384,0.3821656050955414,20.490322580645163,40261.346153846156,7.287096774193551,244.7741935483871,15117.75
20220225,12,1.0,4.135668789808915,69.52866242038216,6.743589743589744,0.06050955414012739,0.535031847133758,17.561290322580646,41946.85897435898,7.304516129032257,248.38709677419354,14308.0
20220225,13,0.97,4.241401273885349,70.15286624203821,6.641025641025641,0.10064102564102564,0.6153846153846154,16.01290322580645,42715.192307692305,7.138709677419357,251.5483870967742,12426.5
20220225,14,0.87,4.2273885350318485,70.93630573248407,6.653846153846154,0.13782051282051283,0.6858974358974359,14.458064516129033,42068.58974358974,6.854193548387097,255.80645161290323,9998.5
20220225,15,0.71,3.8872611464968143,74.35668789808918,6.532051282051282,0.15064102564102572,0.717948717948718,14.264516129032257,40604.8717948718,6.570322580645161,257.741935483871,6980.75
20220225,16,0.5,3.445222929936304,78.32484076433121,6.211538461538462,0.23949044585987275,0.7133757961783439,14.083870967741936,38692.179487179485,6.034838709677417,258.19354838709677,3608.75
20220225,17,0.26,2.864968152866242,82.3375796178344,6.019230769230769,0.22802547770700635,0.6114649681528662,5.27741935483871,37716.47435897436,5.424516129032258,260.06451612903226,646.5
20220225,18,0.0,2.556050955414013,84.24203821656052,5.737179487179487,0.1375796178343949,0.5668789808917197,0.0,36543.97435897436,4.885806451612903,261.48387096774195,1.0
20220225,19,-0.26,2.310828025477707,85.93630573248407,5.384615384615385,0.07452229299363057,0.4968152866242038,0.0,35857.756410256414,4.695483870967743,262.258064516129,0.0
20220225,20,-0.5,2.1700636942675176,86.70063694267516,5.391025641025641,0.049999999999999996,0.36538461538461536,0.0,33479.55128205128,4.592258064516131,269.4193548387097,0.0
20220225,21,-0.71,2.020382165605096,87.76433121019109,5.25,0.04267515923566879,0.39490445859872614,0,31251.47435897436,4.583870967741934,270.51612903225805,0.0
20220225,22,-0.87,1.9815286624203827,87.9171974522293,5.42948717948718,0.029299363057324838,0.3248407643312102,0,29634.358974358973,4.518709677419353,271.741935483871,0.0
20220225,23,-0.97,1.9490445859872612,87.91082802547771,5.326923076923077,0.02229299363057325,0.2929936305732484,0,27096.47435897436,4.4296774193548405,272.7096774193548,0.0
20220226,00,-1.0,1.8203821656050954,87.90445859872611,5.121794871794871,0.02738853503184713,0.29936305732484075,0,24545.0,4.24774193548387,279.8709677419355,0.0
20220226,01,-0.97,1.6063694267515918,88.36305732484077,5.006410256410256,0.03184713375796178,0.2484076433121019,0,23991.02564102564,4.118064516129032,282.51612903225805,0.0
20220226,02,-0.87,1.4757961783439495,88.61783439490446,5.512820512820513,0.021019108280254776,0.1592356687898089,0,22742.17948717949,3.8554838709677437,278.258064516129,0.0
20220226,03,-0.71,1.307006369426751,88.8343949044586,5.4423076923076925,0.007643312101910828,0.1592356687898089,0.0,22486.666666666668,3.686451612903227,282.96774193548384,0.0
20220226,04,-0.5,1.1025477707006361,89.52229299363057,5.397435897435898,0.012101910828025478,0.18471337579617833,0.0,21344.48717948718,3.477419354838711,281.93548387096774,0.0
20220226,05,-0.26,0.931847133757962,89.90445859872611,5.230769230769231,0.017197452229299366,0.1910828025477707,0.0,20788.78205128205,3.241290322580645,275.2903225806452,0.0
20220226,06,-0.0,0.7770700636942676,90.4140127388535,5.423076923076923,0.015286624203821658,0.17197452229299362,0.0,20000.0,3.030322580645162,275.61290322580646,0.0
20220226,07,0.26,0.7337579617834394,90.32484076433121,5.089743589743589,0.0057324840764331215,0.16560509554140126,2.0903225806451613,20208.397435897437,2.803225806451612,269.2903225806452,398.5
20220226,08,0.5,1.4834394904458605,87.23566878980891,4.955128205128205,0.011464968152866241,0.1464968152866242,19.806451612903224,22277.5,2.7225806451612904,265.61290322580646,3270.0
20220226,09,0.71,2.4388535031847147,82.44585987261146,4.935483870967742,0.012738853503184714,0.14012738853503184,24.26451612903226,26578.141025641027,2.90709677419355,264.51612903225805,7996.25
20220226,10,0.87,3.25859872611465,76.55414012738854,5.167741935483871,0.010191082802547772,0.10191082802547771,27.025806451612905,32484.166666666668,3.0774193548387108,253.74193548387098,13030.75
20220226,11,0.97,3.9634615384615373,71.03205128205128,4.819354838709677,0.005732484076433121,0.10191082802547771,29.16883116883117,37132.645161290326,3.2337662337662323,233.5483870967742,16609.75
20220226,12,1.0,4.583333333333335,66.6474358974359,4.2064516129032254,0.007006369426751592,0.09554140127388536,34.116883116883116,41212.32258064516,3.1032467532467547,229.2207792207792,18704.75
20220226,13,0.97,4.930128205128204,63.89102564102564,3.729032258064516,0.005095541401273886,0.09554140127388536,35.896103896103895,42952.903225806454,2.985064935064935,196.94805194805195,18379.25
20220226,14,0.87,5.22948717948718,62.166666666666664,3.670967741935484,0.002547770700636943,0.07643312101910828,37.18181818181818,45610.12903225807,2.9032467532467523,190.97402597402598,15841.0
20220226,15,0.71,5.137179487179487,62.02564102564103,3.496774193548387,0.0,0.050955414012738856,37.53896103896104,46702.709677419356,2.8461038961038945,158.76623376623377,11526.25
20220226,16,0.5,4.743589743589744,63.57692307692308,3.393548387096774,0.0,0.06369426751592357,36.98701298701299,48089.096774193546,2.68116883116883,135.45454545454547,5628.25
20220226,17,0.26,3.5948717948717954,69.12820512820512,3.232258064516129,0.005095541401273885,0.050955414012738856,21.2987012987013,44465.6129032258,2.3727272727272726,125.3896103896104,951.0
20220226,18,0.0,2.4333333333333327,74.99358974358974,3.032258064516129,0.0006369426751592357,0.05732484076433121,0.18831168831168832,42514.51612903226,2.0194805194805188,120.12987012987013,2.0
20220226,19,-0.26,1.5743589743589743,78.85897435897436,3.0,0.0,0.044585987261146494,0.0,40117.54838709677,1.9954545454545458,110.25974025974025,0.0
20220226,20,-0.5,0.972435897435897,81.38461538461539,2.838709677419355,0.0,0.012738853503184714,0.0,37740.3870967742,2.085064935064936,111.68831168831169,0.0
20220226,21,-0.71,0.46474358974358965,83.24358974358974,2.735483870967742,0.0,0.006369426751592357,0,36364.709677419356,2.104545454545454,108.05194805194805,0.0
20220226,22,-0.87,0.07756410256410258,84.37820512820512,2.279220779220779,0.0006369426751592357,0.025477707006369428,0,35173.290322580644,2.2948051948051953,109.41558441558442,0.0
20220226,23,-0.97,-0.27435897435897455,85.55128205128206,2.272727272727273,0.0019108280254777072,0.025477707006369428,0,33632.45161290323,2.3525974025974046,112.46753246753246,0.0
20220227,00,-1.0,-0.5121794871794875,86.30128205128206,1.8896103896103895,0.0,0.0,0,32695.677419354837,2.3766233766233764,120.64935064935065,0.0
20220227,01,-0.97,-0.7903846153846155,86.71153846153847,1.5032258064516129,0.0,0.006369426751592357,0,32433.8064516129,2.437662337662338,111.81818181818181,0.0
20220227,02,-0.87,-1.0596153846153844,87.24358974358974,0.9870967741935484,0.0,0.03184713375796178,0,32457.612903225807,2.5129870129870135,110.9090909090909,0.0
20220227,03,-0.71,-1.2243589743589745,87.73717948717949,0.9548387096774194,0.0,0.012738853503184714,0.0,31439.225806451614,2.538311688311687,110.25974025974025,0.0
20220227,04,-0.5,-1.4974358974358974,88.25,0.9548387096774194,0.0,0.03184713375796178,0.0,30448.129032258064,2.629220779220778,108.76623376623377,0.0
20220227,05,-0.26,-1.5807692307692314,88.57692307692308,1.2580645161290323,0.0,0.025477707006369428,0.0,29405.74193548387,2.618831168831168,98.37662337662337,0.0
20220227,06,-0.0,-1.7262820512820518,89.2051282051282,1.5064935064935066,0.0,0.03184713375796178,0.0,27841.677419354837,2.6779220779220765,111.36363636363636,0.5
20220227,07,0.26,-1.3435897435897435,88.12179487179488,1.7792207792207793,0.0,0.038461538461538464,11.431372549019608,27172.516129032258,2.7597402597402594,99.15584415584415,1094.75
20220227,08,0.5,0.1173076923076923,83.37179487179488,2.0709677419354837,0.0,0.038461538461538464,45.1764705882353,29827.09677419355,2.989610389610391,104.87012987012987,7270.5
20220227,09,0.71,1.6352564102564098,77.58974358974359,1.8516129032258064,0.0,0.019230769230769232,48.74025974025974,33992.32258064516,3.548701298701298,109.0909090909091,15609.75
20220227,10,0.87,2.944871794871795,71.32692307692308,1.6580645161290322,0.0,0.01282051282051282,49.922077922077925,39414.06451612903,4.18051948051948,107.46753246753246,21953.25
20220227,11,0.97,4.050000000000001,65.81410256410257,1.8258064516129033,0.0,0.00641025641025641,50.5974025974026,42498.645161290326,4.7,110.06493506493507,25288.5
20220227,12,1.0,4.936538461538461,60.30769230769231,1.761290322580645,0.0,0.00641025641025641,51.3051948051948,48109.22580645161,4.874025974025972,113.8961038961039,26995.75
20220227,13,0.97,5.512820512820514,56.98717948717949,1.4903225806451612,0.0,0.0,52.57142857142857,49460.967741935485,4.8298701298701285,112.33766233766234,26043.0
20220227,14,0.87,5.720382165605096,55.318471337579616,1.038709677419355,0.005128205128205128,0.01282051282051282,53.11038961038961,51809.67741935484,4.757792207792207,107.74193548387096,22704.0
20220227,15,0.71,5.618471337579618,55.77070063694268,1.0064102564102564,0.0,0.0,54.696774193548386,51385.833333333336,4.676129032258068,104.3225806451613,16546.0
20220227,16,0.5,5.077070063694268,57.86624203821656,0.6666666666666666,0.0,0.0,55.85806451612903,50637.3717948718,4.539999999999999,102.90322580645162,8348.25
20220227,17,0.26,3.749044585987262,63.49044585987261,0.7307692307692307,0.0,0.0,36.41290322580645,47408.846153846156,4.058064516129032,98.51612903225806,1450.75
20220227,18,0.0,2.5458598726114654,68.6687898089172,0.782051282051282,0.0,0.0,0.45161290322580644,44796.47435897436,3.4509677419354836,94.25806451612904,3.5
20220227,19,-0.26,1.733121019108281,72.26751592356688,0.6282051282051282,0.0,0.0,0.0,40181.47435897436,3.335483870967743,95.16129032258064,0.0
20220227,20,-0.5,1.1191082802547767,74.82165605095541,0.6794871794871795,0.0,0.0,0.0,38072.243589743586,3.2767741935483863,98.45161290322581,0.0
20220227,21,-0.71,0.5949044585987262,76.57961783439491,0.8397435897435898,0.0,0.0,0,36645.96153846154,3.261935483870968,104.64516129032258,0.0
20220227,22,-0.87,0.20445859872611466,77.57961783439491,0.8974358974358975,0.0,0.0,0,36049.10256410256,3.1380645161290324,105.29032258064517,0.0
20220227,23,-0.97,-0.15859872611464962,78.76433121019109,1.0,0.0,0.0,0,35013.782051282054,3.118064516129033,109.87096774193549,0.0
20220228,00,-1.0,-0.4535031847133758,79.4267515923567,0.8974358974358975,0.0,0.0,0,34240.769230769234,3.041290322580646,113.80645161290323,0.0
20220228,01,-0.97,-0.7439490445859872,80.45859872611464,1.0,0.0,0.0,0,32555.384615384617,2.7729032258064517,117.80645161290323,0.0
20220228,02,-0.87,-1.2057324840764336,81.87261146496816,1.038709677419355,0.0,0.0,0,31758.846153846152,2.611038961038961,123.61290322580645,0.0
20220228,03,-0.71,-1.4719745222929939,82.38216560509554,1.1161290322580646,0.0,0.0,0.0,30204.102564102563,2.621428571428572,116.70967741935483,0.0
20220228,04,-0.5,-1.8242038216560508,83.35668789808918,1.3766233766233766,0.0,0.0,0.0,28134.358974358973,2.577922077922078,130.4516129032258,0.0
20220228,05,-0.26,-2.130573248407644,84.40764331210191,1.4709677419354839,0.0,0.0,0.0,26689.55128205128,2.500649350649351,133.29032258064515,0.0
20220228,06,-0.0,-2.348407643312102,84.96178343949045,1.6516129032258065,0.0,0.0,0.0,25642.884615384617,2.367532467532468,131.03225806451613,1.25
20220228,07,0.26,-1.977707006369426,83.31847133757962,1.7741935483870968,0.0,0.006369426751592357,13.87741935483871,25085.128205128207,2.3506493506493493,132.83870967741936,1216.5
20220228,08,0.5,-0.43248407643312115,77.06369426751593,1.7741935483870968,0.0,0.0,45.6,27691.79487179487,2.390259740259741,131.29032258064515,7341.25
20220228,09,0.71,0.9898089171974521,71.98089171974522,1.7792207792207793,0.0,0.006369426751592357,46.92903225806452,29656.602564102563,2.663636363636363,129.67741935483872,15040.25
20220228,10,0.87,2.3833333333333337,66.33333333333333,1.5163398692810457,0.0,0.0,48.85064935064935,32703.41935483871,3.050980392156863,124.19354838709677,21661.75
20220228,11,0.97,3.638461538461538,60.77564102564103,1.025974025974026,0.0,0.006369426751592357,52.70779220779221,35850.06451612903,3.307189542483661,121.75324675324676,26785.75
20220228,12,1.0,4.673076923076922,55.77564102564103,0.6103896103896104,0.0,0.0,55.83116883116883,39555.6129032258,3.543790849673202,116.62337662337663,29009.0
20220228,13,0.97,5.528846153846152,52.14102564102564,0.37012987012987014,0.0,0.0,57.785714285714285,39723.74193548387,3.602614379084969,115.32467532467533,27897.5
20220228,14,0.87,6.010897435897435,49.07692307692308,0.24025974025974026,0.0,0.0,58.857142857142854,42627.87096774193,3.652941176470588,112.53246753246754,24162.25
20220228,15,0.71,6.0487179487179485,48.18589743589744,0.08441558441558442,0.0,0.0,59.47402597402598,44531.032258064515,3.7379084967320275,115.1948051948052,17678.0
20220228,16,0.5,5.50576923076923,50.006410256410255,0.12987012987012986,0.0,0.0,59.26623376623377,43918.0,3.711111111111111,109.48051948051948,8768.0
20220228,17,0.26,4.014743589743593,55.58974358974359,0.36363636363636365,0.0,0.0,39.077922077922075,40882.709677419356,3.4084967320261437,103.05194805194805,1505.0
20220228,18,0.0,2.560897435897437,61.18589743589744,0.5806451612903226,0.0,0.0,0.6493506493506493,38292.77419354839,3.1581699346405223,107.01298701298701,3.5
20220228,19,-0.26,1.7121794871794869,63.92307692307692,0.5161290322580645,0.0,0.0,0.0,36006.3870967742,3.3444444444444446,117.92207792207792,0.0
20220228,20,-0.5,1.1673076923076928,64.71153846153847,0.2064516129032258,0.0,0.0,0.0,35605.22580645161,3.542483660130716,117.01298701298701,0.0
20220228,21,-0.71,0.5782051282051284,65.96794871794872,0.09032258064516129,0.0,0.0,0,35366.32258064516,3.588235294117647,122.01298701298701,0.0
20220228,22,-0.87,0.2217948717948719,66.05128205128206,0.04516129032258064,0.0,0.0,0,35342.709677419356,3.6241830065359477,122.07792207792208,0.0
20220228,23,-0.97,-0.282051282051282,66.92307692307692,0.03225806451612903,0.0,0.0,0,36079.16129032258,3.693464052287582,124.93506493506493,0.0
20220301,00,-1.0,-0.6358974358974353,67.25641025641026,0.05806451612903226,0.0,0.0,0.0,35534.25806451613,3.6875816993464063,126.75324675324676,0.0
20220301,01,-0.97,-1.0461538461538467,68.16666666666667,0.12903225806451613,0.0,0.0,0,36056.25806451613,3.634640522875819,130.32467532467533,0.0
20220301,02,-0.87,-1.4794871794871791,69.16666666666667,0.1935483870967742,0.0,0.0,0,35612.77419354839,3.4725490196078437,133.24675324675326,0.0
20220301,03,-0.71,-1.8544871794871802,70.2051282051282,0.2967741935483871,0.0,0.0,0.0,35441.74193548387,3.2483660130718937,127.53246753246754,0.0
20220301,04,-0.5,-2.2493589743589744,71.31410256410257,0.6580645161290323,0.0,0.0,0.0,35048.06451612903,3.1908496732026146,129.87012987012986,0.0
20220301,05,-0.26,-2.508333333333333,71.89102564102564,1.0451612903225806,0.0,0.0,0.0,35160.32258064516,3.1006535947712415,129.80519480519482,0.0
20220301,06,-0.0,-2.719871794871794,72.4551282051282,1.4129032258064516,0.0,0.0,0.0,33897.032258064515,3.0326797385620914,134.2207792207792,2.25
20220301,07,0.26,-2.170512820512821,70.16025641025641,1.864516129032258,0.0,0.0,22.401315789473685,33710.58064516129,3.007843137254901,130.84415584415584,1833.5
20220301,08,0.5,-0.41730769230769243,62.993589743589745,1.9741935483870967,0.0,0.0,54.76315789473684,37951.93548387097,3.2228758169934637,133.96103896103895,9270.0
20220301,09,0.71,1.198717948717949,57.12179487179487,2.503225806451613,0.0,0.0,55.38815789473684,40625.87096774193,3.5934640522875805,139.80519480519482,18195.5
20220301,10,0.87,2.675641025641027,51.69230769230769,2.838709677419355,0.0,0.0,56.24342105263158,41531.032258064515,3.7738562091503254,144.0909090909091,24485.75
20220301,11,0.97,3.976923076923076,47.43589743589744,3.361290322580645,0.0,0.0,54.36842105263158,42834.25806451613,3.739869281045752,154.0909090909091,27689.0
20220301,12,1.0,5.010256410256409,44.07051282051282,3.6774193548387095,0.0,0.0,53.16447368421053,46351.22580645161,3.604575163398691,159.08496732026143,28168.0
20220301,13,0.97,5.7435897435897445,41.72435897435897,4.367741935483871,0.0,0.0,50.56578947368421,46526.709677419356,3.4398692810457514,159.01960784313727,26009.75
20220301,14,0.87,6.123076923076924,41.05128205128205,4.819354838709677,0.0,0.006369426751592357,48.32236842105263,47419.22580645161,3.058169934640523,153.00653594771242,21247.5
20220301,15,0.71,6.083333333333333,41.83974358974359,5.290322580645161,0.002547770700636943,0.006369426751592357,43.67763157894737,47845.096774193546,2.75359477124183,147.64705882352942,14552.75
20220301,16,0.5,5.412179487179484,45.61538461538461,5.774193548387097,0.0,0.006369426751592357,35.69078947368421,46344.0,2.5130718954248357,142.6143790849673,6897.0
20220301,17,0.26,3.8974358974358974,50.94230769230769,5.7935483870967746,0.0006369426751592357,0.012738853503184714,12.980263157894736,44280.83870967742,2.1692810457516334,131.1764705882353,1176.75
20220301,18,0.0,2.4846153846153824,57.21153846153846,6.141935483870967,0.0006369426751592357,0.01910828025477707,0.0,41555.87096774193,2.0150326797385625,120.98039215686275,2.25
20220301,19,-0.26,1.6467948717948724,60.97435897435897,6.341935483870968,0.0012738853503184715,0.01910828025477707,0.0,38771.67741935484,1.95032679738562,127.6470588235294,0.0
20220301,20,-0.5,0.9416666666666665,64.47435897435898,6.458064516129032,0.0012738853503184715,0.012738853503184714,0.0,37406.12903225807,1.8470588235294128,128.75816993464053,0.0
20220301,21,-0.71,0.439102564102564,66.42307692307692,6.490322580645161,0.0,0.012738853503184714,0,36228.51612903226,1.887581699346405,134.96732026143792,0.0
20220301,22,-0.87,-0.0820512820512821,69.08974358974359,6.529032258064516,0.0,0.006369426751592357,0,35616.77419354839,1.8032679738562098,144.83660130718954,0.0
20220301,23,-0.97,-0.3628205128205128,69.82051282051282,6.464516129032258,0.0,0.006369426751592357,0,35055.41935483871,1.75686274509804,151.5032679738562,0.0
20220302,00,-1.0,-0.7153846153846157,71.23717948717949,6.025806451612903,0.0,0.006369426751592357,0,34691.22580645161,1.7934640522875822,133.3986928104575,0.0
20220302,01,-0.97,-0.9846153846153844,72.76923076923077,5.767741935483871,0.0,0.0,0,34535.41935483871,1.8339869281045749,130.26143790849673,0.0
20220302,02,-0.87,-1.2942307692307689,73.76282051282051,6.032258064516129,0.0,0.0,0,33820.1935483871,1.7764705882352938,128.88888888888889,0.0
20220302,03,-0.71,-1.6519230769230762,75.3974358974359,6.174193548387096,0.0,0.0,0.0,32939.16129032258,1.6908496732026155,129.67320261437908,0.0
20220302,04,-0.5,-1.85,76.60897435897436,6.703225806451613,0.0,0.0,0.0,32498.83870967742,1.6797385620915037,138.0392156862745,0.0
20220302,05,-0.26,-1.9608974358974358,77.01282051282051,7.0,0.0,0.0,0.0,31917.483870967742,1.6516339869281038,132.81045751633988,0.0
20220302,06,-0.0,-1.9884615384615387,77.53205128205128,6.993548387096774,0.0,0.0,0.0,30815.870967741936,1.6196078431372551,138.69281045751634,4.0
20220302,07,0.26,-1.4987179487179478,76.30128205128206,6.916129032258064,0.0,0.0,4.473684210526316,30488.0,1.6091503267973855,139.80392156862746,1154.5
20220302,08,0.5,-0.12692307692307694,71.53205128205128,6.606451612903226,0.0,0.0,16.13157894736842,31034.709677419356,1.6202614379084967,138.95424836601308,5568.5
20220302,09,0.71,1.6307692307692307,64.01923076923077,6.548387096774194,0.0,0.0,27.05921052631579,33360.58064516129,1.6810457516339865,132.27272727272728,11760.0
20220302,10,0.87,3.287179487179487,56.72435897435897,6.083870967741936,0.0,0.0,34.85526315789474,35390.38961038961,1.8396103896103897,138.5064935064935,17203.5
20220302,11,0.97,4.716666666666666,50.48717948717949,5.7612903225806456,0.0,0.0,38.36184210526316,37783.44155844156,2.0136363636363637,138.11688311688312,20949.0
20220302,12,1.0,5.739102564102563,46.544871794871796,5.096774193548387,0.0,0.0,41.68421052631579,40714.67532467532,2.116883116883117,128.63636363636363,22145.5
20220302,13,0.97,6.343589743589748,44.33974358974359,4.6688311688311686,0.0,0.0,42.10526315789474,41769.28571428572,2.185064935064936,129.2207792207792,20866.25
20220302,14,0.87,6.69171974522293,43.29299363057325,4.071428571428571,0.0,0.0,42.2171052631579,41825.8064516129,2.2941935483870974,122.70967741935483,17966.5
20220302,15,0.71,6.643949044585989,43.961783439490446,3.3806451612903228,0.0,0.0,43.84313725490196,42295.67741935484,2.3593548387096797,114.06451612903226,13025.75
20220302,16,0.5,6.0445859872611445,46.93630573248408,3.1794871794871793,0.0,0.0,43.908496732026144,40487.74193548387,2.2896774193548395,109.41935483870968,6723.25
20220302,17,0.26,4.431847133757961,53.554140127388536,2.673076923076923,0.0,0.0,28.26797385620915,37474.967741935485,2.1470967741935483,107.61290322580645,1321.25
20220302,18,0.0,2.738853503184714,60.52866242038217,2.4358974358974357,0.0,0.0,0.19607843137254902,33944.58064516129,1.9367741935483862,116.7741935483871,4.25
20220302,19,-0.26,1.5783439490445856,65.84713375796179,2.3141025641025643,0.0,0.0,0.0,31800.709677419356,1.8561290322580637,128.4516129032258,0.0
20220302,20,-0.5,0.7643312101910829,69.48407643312102,2.2564102564102564,0.0,0.0,0.0,29714.774193548386,1.7735483870967743,147.8709677419355,0.0
20220302,21,-0.71,-0.00509554140127388,72.23566878980891,1.9166666666666667,0.0,0.0,0,28515.225806451614,1.713548387096774,164.06451612903226,0.0
20220302,22,-0.87,-0.5917197452229297,74.70063694267516,1.8782051282051282,0.0,0.0,0,27220.25806451613,1.684516129032259,163.16129032258064,0.0
20220302,23,-0.97,-1.0439490445859874,76.28662420382166,1.8461538461538463,0.0,0.0,0,26388.83870967742,1.6380645161290335,170.6451612903226,0.0
20220303,00,-1.0,-1.3821656050955415,77.78980891719745,1.8076923076923077,0.0,0.0,0,25349.290322580644,1.6193548387096768,183.29032258064515,0.0
20220303,01,-0.97,-1.7961783439490449,79.47133757961784,1.7884615384615385,0.0,0.0,0,24802.516129032258,1.6567741935483875,170.38709677419354,0.0
20220303,02,-0.87,-2.080891719745223,80.32484076433121,2.0,0.0,0.0,0,24312.25806451613,1.7148387096774194,181.93548387096774,0.0
20220303,03,-0.71,-2.448407643312101,82.18471337579618,2.1346153846153846,0.0,0.0,0.0,22732.83870967742,1.7006451612903217,180.51612903225808,0.0
20220303,04,-0.5,-2.6573248407643315,82.70700636942675,2.33974358974359,0.0,0.006369426751592357,0.0,22183.8064516129,1.6864516129032252,173.41935483870967,0.0
20220303,05,-0.26,-2.9121019108280253,83.31210191082802,2.173076923076923,0.0,0.006369426751592357,0.0,21350.645161290322,1.7109677419354845,176.06451612903226,0.0
20220303,06,-0.0,-2.9878980891719755,83.68152866242038,2.2756410256410255,0.0,0.006369426751592357,0.0,20565.290322580644,1.756129032258064,178.90322580645162,4.75
20220303,07,0.26,-2.337579617834396,81.2484076433121,2.6666666666666665,0.0,0.006369426751592357,17.81699346405229,20129.870967741936,1.823225806451612,170.83870967741936,1669.75
20220303,08,0.5,-0.4280254777070064,75.59235668789809,2.5641025641025643,0.0,0.006369426751592357,45.254901960784316,22197.290322580644,1.780645161290323,155.74193548387098,8549.25
20220303,09,0.71,1.4038216560509564,69.85987261146497,2.269230769230769,0.0,0.012738853503184714,46.38562091503268,24739.935483870966,1.927741935483871,148.90322580645162,17003.25
20220303,10,0.87,3.1350318471337575,63.42675159235669,2.0448717948717947,0.0,0.0,46.65359477124183,27216.645161290322,2.1999999999999993,154.25806451612902,23003.0
20220303,11,0.97,4.54230769230769,58.0,1.7419354838709677,0.0,0.006369426751592357,47.248366013071895,29929.675324675325,2.5389610389610393,137.61290322580646,26521.0
20220303,12,1.0,5.523717948717947,54.51923076923077,1.7806451612903227,0.0,0.0,47.87581699346405,33586.25806451613,2.844155844155845,135.58441558441558,27810.25
20220303,13,0.97,6.111464968152868,52.70063694267516,1.6282051282051282,0.0,0.0,48.150326797385624,34531.282051282054,3.1548387096774198,134.4516129032258,26843.5
20220303,14,0.87,6.429936305732484,51.611464968152866,1.5320512820512822,0.0,0.0,49.6078431372549,37537.11538461538,3.440000000000001,126.25806451612904,23266.25
20220303,15,0.71,6.352866242038216,51.80891719745223,1.4709677419354839,0.0,0.0,50.56209150326797,37948.333333333336,3.6032258064516136,127.2258064516129,16779.5
20220303,16,0.5,5.743949044585991,54.22292993630573,1.4064516129032258,0.0,0.0,49.78431372549019,38148.39743589744,3.632903225806451,104.83870967741936,8723.25
20220303,17,0.26,4.242038216560508,59.732484076433124,1.367741935483871,0.0,0.0,38.209150326797385,35072.83870967742,3.290967741935485,97.03225806451613,1810.0
20220303,18,0.0,2.695512820512819,65.67307692307692,1.367741935483871,0.0,0.0,1.411764705882353,31443.246753246753,2.945454545454546,108.7012987012987,11.0
20220303,19,-0.26,1.7653846153846164,69.14102564102564,1.3548387096774193,0.0,0.0,0.0,29364.415584415583,2.8272727272727276,107.27272727272727,0.0
20220303,20,-0.5,0.8762820512820512,72.32692307692308,1.4129032258064516,0.0,0.0,0.0,27416.55844155844,2.738311688311688,114.41558441558442,0.0
20220303,21,-0.71,0.26987179487179497,74.94871794871794,1.4903225806451612,0.0,0.0,0,25696.55844155844,2.6363636363636367,127.01298701298701,0.0
20220303,22,-0.87,-0.12371794871794875,76.68589743589743,1.6580645161290322,0.0,0.0,0,23914.805194805194,2.536363636363635,121.81818181818181,0.0
20220303,23,-0.97,-0.5185897435897439,77.98076923076923,2.2129032258064516,0.0,0.0,0,23256.428571428572,2.523376623376624,115.32467532467533,0.0
20220304,00,-1.0,-0.8993589743589744,79.4551282051282,2.6,0.0,0.0,0,22132.532467532466,2.4422077922077925,114.41558441558442,0.0
20220304,01,-0.97,-1.1775641025641028,80.71153846153847,2.632258064516129,0.0,0.0,0,21567.14285714286,2.441558441558443,119.54545454545455,0.0
20220304,02,-0.87,-1.422435897435898,81.76923076923077,2.9483870967741934,0.0,0.006369426751592357,0,20468.31168831169,2.460389610389611,133.83116883116884,0.0
20220304,03,-0.71,-1.6948717948717946,82.75641025641026,3.2193548387096773,0.0,0.006369426751592357,0.0,19280.714285714286,2.401298701298702,136.2987012987013,0.0
20220304,04,-0.5,-2.0442307692307695,84.08333333333333,3.3419354838709676,0.001910828025477707,0.03821656050955414,0.0,17642.33766233766,2.3162337662337653,139.6103896103896,0.0
20220304,05,-0.26,-2.208974358974359,85.07051282051282,3.5806451612903225,0.0012738853503184715,0.03821656050955414,0.0,16819.48051948052,2.342857142857144,143.8961038961039,0.0
20220304,06,-0.0,-2.341025641025641,85.48076923076923,3.632258064516129,0.0006369426751592357,0.050955414012738856,0.0,15778.311688311689,2.3571428571428563,151.88311688311688,4.75
20220304,07,0.26,-1.830128205128205,83.82692307692308,3.7225806451612904,0.0012738853503184715,0.05732484076433121,13.078947368421053,15885.25974025974,2.3662337662337687,148.37662337662337,1457.25
20220304,08,0.5,-0.6057692307692308,79.72435897435898,3.774193548387097,0.001910828025477707,0.044585987261146494,32.55263157894737,18250.51948051948,2.5071428571428576,131.8181818181818,7203.25
20220304,09,0.71,0.5403846153846152,75.21153846153847,3.6193548387096772,0.0031847133757961785,0.07643312101910828,33.776315789473685,22384.22077922078,2.8389610389610396,110.06451612903226,14151.0
20220304,10,0.87,1.7974358974358973,69.98717948717949,3.361290322580645,0.0,0.07006369426751592,36.0921052631579,26306.68831168831,3.062987012987014,108.96103896103897,19980.0
20220304,11,0.97,2.774522292993629,65.4140127388535,3.3806451612903228,0.0,0.08280254777070063,36.75,30745.41935483871,3.2677419354838713,103.97435897435898,23465.75
20220304,12,1.0,3.5757961783439502,61.22929936305732,3.2243589743589745,0.0006369426751592357,0.08917197452229299,38.71895424836601,35434.967741935485,3.35448717948718,110.12820512820512,24259.5
20220304,13,0.97,4.1343949044586,58.21656050955414,3.108974358974359,0.0,0.08917197452229299,38.92156862745098,37590.709677419356,3.373717948717947,96.66666666666667,22664.0
20220304,14,0.87,4.373248407643311,56.796178343949045,3.423076923076923,0.0,0.06369426751592357,38.248366013071895,40762.58064516129,3.5128205128205114,97.82051282051282,18840.5
20220304,15,0.71,4.31464968152866,56.3312101910828,3.4038461538461537,0.0012738853503184715,0.07643312101910828,36.13725490196079,41375.48387096774,3.5371794871794884,90.44871794871794,13467.25
20220304,16,0.5,3.8420382165605105,58.17197452229299,3.2243589743589745,0.003821656050955414,0.07643312101910828,35.6078431372549,41731.48387096774,3.628205128205127,89.93589743589743,7130.75
20220304,17,0.26,2.810191082802548,62.3312101910828,3.3205128205128207,0.0006369426751592357,0.07006369426751592,28.627450980392158,41776.51612903226,3.4666666666666655,93.97435897435898,1647.25
20220304,18,0.0,1.6114649681528659,67.38216560509554,3.0448717948717947,0.0006369426751592357,0.03821656050955414,1.0522875816993464,38673.354838709674,3.086538461538462,93.26923076923077,16.0
20220304,19,-0.26,0.856687898089172,70.59235668789809,2.9294871794871793,0.0,0.044585987261146494,0.0,37023.41935483871,2.8455128205128193,94.23076923076923,0.0
20220304,20,-0.5,0.2114649681528661,73.07643312101911,2.5641025641025643,0.0,0.044585987261146494,0.0,35322.3870967742,2.76602564102564,95.1923076923077,0.0
20220304,21,-0.71,-0.3305732484076431,75.4267515923567,2.391025641025641,0.0,0.025477707006369428,0,34074.58064516129,2.6705128205128195,103.65384615384616,0.0
20220304,22,-0.87,-0.764968152866242,77.73885350318471,2.16025641025641,0.0,0.01910828025477707,0,32073.09677419355,2.5974358974358975,117.11538461538461,0.0
20220304,23,-0.97,-1.1656050955414017,79.31210191082802,1.7820512820512822,0.0,0.01910828025477707,0,30955.548387096773,2.500641025641026,114.55128205128206,0.0
20220305,00,-1.0,-1.5649681528662414,80.65605095541402,1.7756410256410255,0.0,0.0,0,30139.225806451614,2.4121794871794884,113.26923076923077,0.0
20220305,01,-0.97,-1.9522292993630577,82.12738853503184,1.608974358974359,0.0,0.006369426751592357,0,29220.90322580645,2.388461538461538,107.24358974358974,0.0
20220305,02,-0.87,-2.3522292993630565,83.52229299363057,1.7435897435897436,0.0,0.006369426751592357,0,27707.8064516129,2.3198717948717955,105.51282051282051,0.0
20220305,03,-0.71,-2.655414012738854,84.36942675159236,1.8717948717948718,0.0,0.012738853503184714,0.0,27005.548387096773,2.245512820512822,115.96153846153847,0.0
20220305,04,-0.5,-2.85031847133758,84.96815286624204,1.9102564102564104,0.0,0.006369426751592357,0.0,26327.870967741936,2.188461538461538,113.84615384615384,0.0
20220305,05,-0.26,-3.073885350318472,85.5732484076433,1.8269230769230769,0.0,0.012738853503184714,0.0,25167.8064516129,2.156410256410257,115.83333333333333,0.0
20220305,06,-0.0,-3.3222929936305725,86.29299363057325,1.8717948717948718,0.0,0.012738853503184714,0.0,24110.0,2.14551282051282,117.43589743589743,7.0
20220305,07,0.26,-2.572611464968153,83.73248407643312,2.1025641025641026,0.0,0.01910828025477707,17.098039215686274,24850.064516129034,2.1564102564102563,117.82051282051282,1750.25
20220305,08,0.5,-0.7936305732484075,77.80891719745223,1.9483870967741936,0.0006369426751592357,0.025477707006369428,46.901315789473685,27475.324675324675,2.258333333333333,115.38461538461539,9038.75
20220305,09,0.71,0.8391025641025638,71.17948717948718,1.8258064516129033,0.0,0.019230769230769232,49.526315789473685,31461.363636363636,2.689032258064517,107.29032258064517,17902.0
20220305,10,0.87,2.2551282051282056,63.76923076923077,1.961290322580645,0.0,0.02564102564102564,50.348684210526315,36933.831168831166,3.133548387096772,106.83870967741936,24432.5
20220305,11,0.97,3.241666666666667,57.31410256410256,2.638709677419355,0.0,0.03205128205128205,47.598684210526315,41536.94805194805,3.4503225806451616,99.74193548387096,25832.0
20220305,12,1.0,3.8243589743589737,52.86538461538461,3.8838709677419354,0.000641025641025641,0.02564102564102564,39.80263157894737,45583.76623376623,3.61290322580645,102.83870967741936,24071.0
20220305,13,0.97,4.1185897435897445,50.25,4.361290322580645,0.0,0.019230769230769232,33.69078947368421,46918.896103896106,3.488387096774193,100.51612903225806,21272.25
20220305,14,0.87,4.135256410256412,49.71153846153846,4.593548387096774,0.0,0.019230769230769232,30.32894736842105,47807.01298701299,3.403225806451612,97.03225806451613,17209.75
20220305,15,0.71,4.041666666666663,50.1474358974359,4.832258064516129,0.0,0.02564102564102564,27.335526315789473,48000.58441558442,3.436774193548388,93.87096774193549,12037.5
20220305,16,0.5,3.547435897435898,52.15384615384615,4.909677419354839,0.0,0.03205128205128205,24.93421052631579,49314.48051948052,3.467741935483871,85.80645161290323,6166.75
20220305,17,0.26,2.6166666666666667,55.92307692307692,4.767741935483871,0.0,0.02564102564102564,19.375,46827.66233766234,3.279354838709678,82.83870967741936,1426.25
20220305,18,0.0,1.593589743589744,59.92948717948718,4.490322580645161,0.0,0.02564102564102564,0.9473684210526315,44315.12987012987,2.889677419354839,76.64516129032258,17.0
20220305,19,-0.26,0.8955128205128204,62.88461538461539,4.503225806451613,0.0,0.019230769230769232,0.0,43614.09090909091,2.6941935483870982,73.2258064516129,0.0
20220305,20,-0.5,0.36474358974358984,65.10897435897436,4.354838709677419,0.0,0.019230769230769232,0.0,41782.98701298701,2.628387096774193,81.16129032258064,0.0
20220305,21,-0.71,-0.16538461538461538,67.39102564102564,4.135483870967742,0.0,0.019230769230769232,0,41290.06493506493,2.464516129032258,80.3225806451613,0.0
20220305,22,-0.87,-0.498717948717949,69.1474358974359,4.664516129032258,0.0,0.019230769230769232,0,40736.68831168831,2.2877419354838704,86.12903225806451,0.0
20220305,23,-0.97,-0.9038461538461533,71.30128205128206,4.670967741935484,0.0,0.019230769230769232,0,39680.38961038961,2.156774193548386,100.3225806451613,0.0
20220306,00,-1.0,-1.2256410256410257,72.92948717948718,4.780645161290322,0.0,0.0,0,39746.55844155844,2.078064516129032,107.29032258064517,0.0
20220306,01,-0.97,-1.4153846153846157,74.08333333333333,4.851612903225806,0.0,0.0,0,38732.92207792208,2.0948387096774206,114.06451612903226,0.0
20220306,02,-0.87,-1.6051282051282054,74.8076923076923,4.961290322580645,0.0,0.0,0,39033.831168831166,2.0916129032258066,114.58064516129032,0.0
20220306,03,-0.71,-1.8371794871794878,75.55128205128206,5.380645161290323,0.0,0.0,0.0,38005.97402597403,2.089032258064515,106.38709677419355,0.0
20220306,04,-0.5,-1.9634615384615386,76.0576923076923,5.464516129032258,0.0,0.0,0.0,38007.98701298701,2.1593548387096777,116.58064516129032,0.0
20220306,05,-0.26,-2.0794871794871788,76.47435897435898,5.883870967741935,0.0,0.0,0.0,37780.71428571428,2.1819354838709684,104.7741935483871,0.0
20220306,06,-0.0,-2.1057692307692317,76.73076923076923,6.180645161290323,0.0,0.019230769230769232,0.0,37435.194805194806,2.2064516129032263,126.12903225806451,12.25
20220306,07,0.26,-1.7480769230769222,75.87820512820512,6.2,0.0,0.03205128205128205,5.723684210526316,37223.7012987013,2.1741935483870973,110.38709677419355,1372.0
20220306,08,0.5,-0.6032051282051281,70.65384615384616,5.780645161290322,0.0,0.038461538461538464,20.907894736842106,39828.831168831166,2.2916129032258064,127.48387096774194,6207.25
20220306,09,0.71,0.49166666666666686,64.65384615384616,5.425806451612903,0.0,0.03205128205128205,24.894736842105264,41714.74025974026,2.763870967741935,126.51612903225806,12267.0
20220306,10,0.87,1.3064102564102558,59.455128205128204,5.361290322580645,0.0,0.038461538461538464,26.75,44064.87012987013,3.254193548387096,104.83870967741936,16675.0
20220306,11,0.97,1.8224358974358978,56.11538461538461,5.787096774193548,0.0,0.057692307692307696,22.43421052631579,47150.25974025974,3.521290322580646,114.70967741935483,17659.25
20220306,12,1.0,2.1788461538461528,54.32051282051282,5.896774193548387,0.0,0.02564102564102564,21.17763157894737,48226.62337662338,3.5703225806451613,125.61290322580645,17428.5
20220306,13,0.97,2.39102564102564,53.63461538461539,5.916129032258064,0.0,0.04487179487179487,19.93421052631579,49016.42857142857,3.6774193548387095,134.32258064516128,15623.5
20220306,14,0.87,2.424999999999998,54.166666666666664,5.974193548387097,0.0,0.057692307692307696,19.5,48018.31168831169,3.858064516129034,125.61290322580645,12720.0
20220306,15,0.71,2.2442307692307693,55.28846153846154,6.006451612903226,0.0,0.038461538461538464,17.81578947368421,47895.454545454544,3.9812903225806444,141.48387096774192,8944.0
20220306,16,0.5,1.8717948717948718,57.032051282051285,6.0,0.0,0.05128205128205128,15.361842105263158,47611.493506493505,3.9277419354838723,117.2258064516129,4511.25
20220306,17,0.26,1.2435897435897436,60.28846153846154,5.967741935483871,0.0,0.07692307692307693,11.710526315789474,46255.0,3.6038709677419334,132.7741935483871,1060.5
20220306,18,0.0,0.5756410256410255,63.96153846153846,6.038709677419355,0.0,0.09615384615384616,0.4342105263157895,43952.792207792205,3.1419354838709683,130.7741935483871,15.25
20220306,19,-0.26,0.05769230769230766,66.86538461538461,6.058064516129032,0.001282051282051282,0.08333333333333333,0.0,43507.792207792205,2.9774193548387107,139.74193548387098,0.0
20220306,20,-0.5,-0.30897435897435904,68.5576923076923,5.896774193548387,0.0,0.07051282051282051,0.0,42061.753246753244,2.8574193548387097,147.67741935483872,0.0
20220306,21,-0.71,-0.688461538461538,70.33974358974359,5.877419354838709,0.0,0.07051282051282051,0,41474.545454545456,2.7600000000000002,144.51612903225808,0.0
20220306,22,-0.87,-0.9705128205128213,71.78846153846153,5.670967741935484,0.0,0.0641025641025641,0,40350.71428571428,2.7367741935483876,150.0,0.0
20220306,23,-0.97,-1.2557692307692305,73.1474358974359,5.296774193548387,0.000641025641025641,0.0641025641025641,0,39097.53246753247,2.660645161290322,159.93548387096774,0.0
20220307,00,-1.0,-1.497435897435898,74.28846153846153,5.32258064516129,0.0,0.07051282051282051,0,38553.96103896104,2.6406451612903226,160.19354838709677,0.0
20220307,01,-0.97,-1.745512820512821,75.2948717948718,5.116129032258065,0.0,0.0641025641025641,0,38115.51948051948,2.6038709677419356,161.80645161290323,0.0
20220307,02,-0.87,-2.0288461538461537,76.1923076923077,5.129032258064516,0.0,0.05128205128205128,0,36441.493506493505,2.5593548387096776,164.83870967741936,0.0
20220307,03,-0.71,-2.2166666666666663,77.32051282051282,5.032258064516129,0.000641025641025641,0.05128205128205128,0.0,36447.857142857145,2.5948387096774197,163.74193548387098,0.0
20220307,04,-0.5,-2.4237179487179477,78.02564102564102,4.870967741935484,0.0,0.057692307692307696,0.0,35014.35064935065,2.6748387096774184,168.51612903225808,0.0
20220307,05,-0.26,-2.5506410256410272,78.69871794871794,4.393548387096774,0.000641025641025641,0.057692307692307696,0.0,33675.58441558442,2.6341935483870973,162.90322580645162,0.0
20220307,06,-0.0,-2.6967948717948724,79.68589743589743,4.296774193548387,0.0,0.0641025641025641,0.013157894736842105,31789.74025974026,2.6922580645161305,158.25806451612902,19.5
20220307,07,0.26,-2.164102564102563,77.89102564102564,3.935483870967742,0.0,0.06369426751592357,15.269736842105264,31260.064935064936,2.7393548387096778,154.06451612903226,1616.5
20220307,08,0.5,-0.773076923076923,72.35897435897436,3.412903225806452,0.0,0.08917197452229299,35.73684210526316,34318.181818181816,3.00258064516129,158.19354838709677,7838.5
20220307,09,0.71,0.5318471337579616,66.82165605095541,2.8967741935483873,0.0,0.07006369426751592,41.88815789473684,38783.87096774193,3.5909677419354833,156.98717948717947,15362.5
20220307,10,0.87,1.6757961783439481,61.71974522292994,2.4871794871794872,0.0,0.03184713375796178,47.60130718954248,42040.967741935485,3.921153846153844,151.7948717948718,22213.75
20220307,11,0.97,2.6592356687898104,57.12101910828026,1.9807692307692308,0.0,0.01910828025477707,48.38562091503268,45635.032258064515,4.029487179487182,159.10256410256412,26754.75
20220307,12,1.0,3.5,53.27388535031847,1.7115384615384615,0.0,0.01910828025477707,51.810457516339866,49682.58064516129,4.027564102564101,153.97435897435898,29046.5
20220307,13,0.97,4.121019108280254,50.36942675159236,1.4451612903225806,0.0,0.012738853503184714,52.72549019607843,50573.48387096774,3.9538461538461545,151.98717948717947,27741.25
20220307,14,0.87,4.508917197452232,48.67515923566879,1.1096774193548387,0.0,0.01910828025477707,54.19607843137255,50427.5,3.946794871794873,154.10256410256412,24297.75
20220307,15,0.71,4.5757961783439525,48.496815286624205,0.9743589743589743,0.0,0.025477707006369428,55.8235294117647,53900.705128205125,3.9698717948717954,150.51282051282053,18529.25
20220307,16,0.5,4.24904458598726,49.76433121019108,0.6538461538461539,0.0,0.01910828025477707,55.89542483660131,53218.782051282054,3.906410256410257,143.65384615384616,10242.75
20220307,17,0.26,3.0770700636942667,54.859872611464965,0.9038461538461539,0.0,0.01910828025477707,46.529411764705884,52821.08974358974,3.412179487179486,141.0897435897436,2427.75
20220307,18,0.0,1.5477707006369428,60.77707006369427,1.2179487179487178,0.0,0.012738853503184714,3.1710526315789473,49628.14102564102,2.757051282051282,146.34615384615384,32.75
20220307,19,-0.26,0.572611464968153,65.03821656050955,0.9871794871794872,0.0,0.006369426751592357,0.0,47256.153846153844,2.53653846153846,150.83333333333334,0.0
20220307,20,-0.5,-0.23757961783439474,68.43312101910828,0.9166666666666666,0.0,0.006369426751592357,0.0,44253.52564102564,2.51153846153846,152.37179487179486,0.0
20220307,21,-0.71,-0.7242038216560507,70.98726114649682,1.0,0.0,0.012738853503184714,0,42265.0,2.4589743589743573,155.25641025641025,0.0
20220307,22,-0.87,-1.2420382165605097,72.92993630573248,0.9487179487179487,0.0,0.012738853503184714,0,41047.692307692305,2.458974358974359,158.9102564102564,0.0
20220307,23,-0.97,-1.6815286624203825,74.64331210191082,0.6794871794871795,0.0,0.012738853503184714,0,40104.03846153846,2.447435897435897,156.7948717948718,0.0
20220308,00,-1.0,-2.0458598726114645,76.2484076433121,0.46794871794871795,0.0,0.012738853503184714,0,38303.269230769234,2.3955128205128213,162.30769230769232,0.0
20220308,01,-0.97,-2.371974522292994,77.40764331210191,0.5576923076923077,0.0,0.006369426751592357,0,37142.6282051282,2.2506410256410283,142.75641025641025,0.0
20220308,02,-0.87,-2.7496815286624208,78.43312101910828,0.40384615384615385,0.0,0.006369426751592357,0,35751.282051282054,2.1846153846153835,151.34615384615384,0.0
20220308,03,-0.71,-3.1216560509554143,79.50955414012739,0.30128205128205127,0.0,0.006369426751592357,0.0,34794.03846153846,2.157051282051282,155.96153846153845,0.0
20220308,04,-0.5,-3.3694267515923544,80.28662420382166,0.27564102564102566,0.0,0.0,0.0,33145.0641025641,2.1455128205128213,156.66666666666666,0.0
20220308,05,-0.26,-3.529936305732482,81.17834394904459,0.5192307692307693,0.0,0.0,0.0,32067.4358974359,2.217948717948718,149.93589743589743,0.0
20220308,06,-0.0,-3.634394904458598,81.28662420382166,0.7115384615384616,0.0,0.0,0.33766233766233766,30322.17948717949,2.2551282051282047,155.57692307692307,42.0
20220308,07,0.26,-2.1433121019108285,75.98726114649682,0.8333333333333334,0.0,0.0,35.04545454545455,32020.833333333332,2.23397435897436,150.89743589743588,2980.75
20220308,08,0.5,0.24012738853503168,68.27388535031847,0.5833333333333334,0.0,0.0,58.90909090909091,37306.794871794875,2.258333333333334,149.87179487179486,11493.5
20220308,09,0.71,2.543312101910827,60.140127388535035,0.4807692307692308,0.0,0.0,59.493506493506494,43364.55128205128,2.6679487179487187,149.16666666666666,20595.5
20220308,10,0.87,4.280891719745226,52.84076433121019,0.2692307692307692,0.0,0.0,59.77922077922078,48035.44871794872,3.4294871794871793,134.74358974358975,27350.25
20220308,11,0.97,5.619745222929937,47.140127388535035,0.17307692307692307,0.0,0.006369426751592357,59.94155844155844,52113.01282051282,4.0487179487179485,137.1153846153846,31425.0
20220308,12,1.0,6.528662420382164,43.40764331210191,0.07051282051282051,0.0,0.0,59.83116883116883,54493.46153846154,4.263461538461536,129.87179487179486,32589.5
20220308,13,0.97,7.266242038216563,40.81528662420382,0.19230769230769232,0.0,0.0,59.98051948051948,55499.03846153846,4.2371794871794854,132.5,31035.25
20220308,14,0.87,7.6401273885350305,39.66242038216561,0.09615384615384616,0.0,0.0,59.95454545454545,57199.42307692308,4.241666666666667,126.08974358974359,26835.25
20220308,15,0.71,7.703184713375798,39.40127388535032,0.1858974358974359,0.0,0.0,59.9025974025974,58102.243589743586,4.082051282051283,128.46153846153845,19933.75
20220308,16,0.5,7.317834394904459,40.29936305732484,0.4423076923076923,0.0,0.0,59.63636363636363,58924.10256410256,3.9256410256410246,129.03846153846155,10961.25
20220308,17,0.26,5.968152866242038,44.796178343949045,0.358974358974359,0.0,0.0,51.422077922077925,56749.807692307695,3.3724358974358952,123.26923076923077,2676.75
20220308,18,0.0,3.834394904458598,52.35031847133758,0.782051282051282,0.0,0.0,4.603896103896104,53258.653846153844,2.6275641025641026,113.3974358974359,38.25
20220308,19,-0.26,2.524203821656051,57.382165605095544,0.9807692307692307,0.0,0.0,0.0,50435.0641025641,2.429487179487179,121.7948717948718,0.0
20220308,20,-0.5,1.6343949044585986,60.48407643312102,1.3269230769230769,0.0,0.0,0.0,48735.38461538462,2.466025641025642,126.92307692307692,0.0
20220308,21,-0.71,0.9573248407643313,63.11464968152866,1.935897435897436,0.0,0.0,0,47696.217948717946,2.3461538461538476,131.7948717948718,0.0
20220308,22,-0.87,0.2566878980891721,65.89808917197452,1.8717948717948718,0.0,0.0,0,45669.230769230766,2.261538461538463,147.24358974358975,0.0
20220308,23,-0.97,-0.14840764331210193,67.52866242038216,2.1346153846153846,0.0,0.0,0,45476.730769230766,2.266666666666667,149.48717948717947,0.0
20220309,00,-1.0,-0.7273885350318471,69.78980891719745,2.2115384615384617,0.0,0.0,0,44248.269230769234,2.1557692307692324,149.35897435897436,0.0
20220309,01,-0.97,-1.1445859872611464,71.26751592356688,2.2115384615384617,0.0,0.0,0,43360.57692307692,2.129487179487178,145.44871794871796,0.0
20220309,02,-0.87,-1.5732484076433122,73.13375796178345,1.455128205128205,0.0,0.0,0,41956.645161290326,2.0512820512820507,155.06410256410257,0.0
20220309,03,-0.71,-1.9713375796178347,74.49044585987261,1.044871794871795,0.0,0.0,0.0,40546.12903225807,1.9051282051282055,152.8846153846154,0.0
20220309,04,-0.5,-2.1987261146496815,75.52866242038216,0.3141025641025641,0.0,0.0,0.0,39723.032258064515,1.9102564102564106,158.2051282051282,0.0
20220309,05,-0.26,-2.5165605095541412,76.18471337579618,0.16666666666666666,0.0,0.0,0.0,37983.22580645161,1.875641025641026,153.71794871794873,0.0
20220309,06,-0.0,-2.6859872611464977,76.94267515923566,0.16666666666666666,0.0,0.0,0.5974025974025974,36907.54838709677,1.8115384615384613,163.78205128205127,52.0
20220309,07,0.26,-0.9471337579617832,71.05095541401273,0.10897435897435898,0.0,0.0,39.62987012987013,37274.9358974359,1.7711538461538465,169.16666666666666,3408.0
20220309,08,0.5,1.6980891719745232,62.445859872611464,0.16025641025641027,0.0,0.0,58.90909090909091,41462.94871794872,1.8128205128205126,152.82051282051282,12152.25
20220309,09,0.71,4.2675159235668785,53.48407643312102,0.24358974358974358,0.0,0.0,58.688311688311686,43781.794871794875,1.9634615384615388,172.8846153846154,20926.0
20220309,10,0.87,6.240127388535033,47.10191082802548,0.23076923076923078,0.0,0.0,58.34415584415584,45344.48717948718,2.2083333333333335,174.80769230769232,27286.75
20220309,11,0.97,7.788535031847132,42.203821656050955,0.1987179487179487,0.0,0.0,58.753246753246756,46624.03846153846,2.380128205128205,168.52564102564102,30977.0
20220309,12,1.0,8.867515923566883,39.197452229299365,0.25,0.0,0.0,58.84415584415584,48223.333333333336,2.6301282051282064,161.28205128205127,31945.25
20220309,13,0.97,9.730573248407646,37.27388535031847,0.1987179487179487,0.0,0.0,59.064935064935064,46307.88461538462,2.746153846153846,154.6153846153846,30401.25
20220309,14,0.87,10.197452229299358,36.038216560509554,0.1794871794871795,0.0,0.0,59.201298701298704,47359.230769230766,2.8141025641025643,156.7948717948718,26352.75
20220309,15,0.71,10.264331210191086,36.452229299363054,0.2692307692307692,0.0,0.0,59.188311688311686,46831.53846153846,2.813461538461538,143.26923076923077,19612.0
20220309,16,0.5,9.807006369426745,38.267515923566876,0.34615384615384615,0.0,0.0,58.642857142857146,47217.3717948718,2.795512820512822,131.15384615384616,10818.5
20220309,17,0.26,8.125477707006372,43.98089171974522,0.4423076923076923,0.0,0.0,50.896103896103895,44380.769230769234,2.6205128205128196,124.87179487179488,2708.0
20220309,18,0.0,5.718471337579615,51.36305732484077,0.4166666666666667,0.0,0.0,4.714285714285714,42395.705128205125,2.281410256410257,124.74358974358974,46.25
20220309,19,-0.26,4.171337579617836,56.87261146496815,0.3269230769230769,0.0,0.0,0.0,40410.0,2.2467948717948727,120.57692307692308,0.0
20220309,20,-0.5,3.1171974522293,60.8343949044586,0.34615384615384615,0.0,0.0,0.0,38410.57692307692,2.242948717948717,126.28205128205128,0.0
20220309,21,-0.71,2.219108280254777,63.681528662420384,0.3141025641025641,0.0,0.0,0,36471.85897435898,2.260897435897435,128.65384615384616,0.0
20220309,22,-0.87,1.6885350318471333,65.80891719745223,0.30128205128205127,0.0,0.0,0,35219.8717948718,2.3570512820512812,128.71794871794873,0.0
20220309,23,-0.97,1.0834394904458604,68.22292993630573,0.3525641025641026,0.0,0.0,0,34450.256410256414,2.3025641025641033,133.84615384615384,0.0
20220310,00,-1.0,0.6184713375796181,69.95541401273886,0.33974358974358976,0.0,0.0,0,32923.205128205125,2.257692307692309,132.94871794871796,0.0
20220310,01,-0.97,0.16178343949044593,71.85987261146497,0.3717948717948718,0.0,0.0,0,32135.576923076922,2.23076923076923,130.19230769230768,0.0
20220310,02,-0.87,-0.29554140127388534,73.1592356687898,0.3076923076923077,0.0,0.0,0,31544.102564102563,2.1557692307692315,139.03846153846155,0.0
20220310,03,-0.71,-0.5375796178343949,74.24203821656052,0.3076923076923077,0.0,0.0,0.0,31014.03846153846,2.18076923076923,140.0,0.0
20220310,04,-0.5,-0.7999999999999999,75.01910828025478,0.23717948717948717,0.0,0.0,0.0,30478.20512820513,2.178846153846153,132.5,0.0
20220310,05,-0.26,-1.0815286624203824,75.94267515923566,0.22435897435897437,0.0,0.0,0.0,29998.333333333332,2.2352564102564108,132.94871794871796,0.0
20220310,06,-0.0,-1.1968152866242039,76.43312101910828,0.20512820512820512,0.0,0.0,0.5584415584415584,28474.9358974359,2.307051282051281,135.44871794871796,63.75
20220310,07,0.26,0.4127388535031849,70.73885350318471,0.26282051282051283,0.0,0.006369426751592357,40.48701298701299,29329.03846153846,2.343589743589745,134.74358974358975,3462.75
20220310,08,0.5,2.9554140127388537,63.496815286624205,0.3141025641025641,0.0,0.0,59.11038961038961,32049.166666666668,2.5397435897435896,126.34615384615384,11941.25
20220310,09,0.71,5.363694267515926,55.961783439490446,0.26282051282051283,0.0,0.006369426751592357,59.493506493506494,34273.39743589744,3.0275641025641034,135.57692307692307,20751.5
20220310,10,0.87,7.5382165605095555,49.37579617834395,0.46794871794871795,0.0,0.0,59.077922077922075,37305.16129032258,3.573076923076923,123.78205128205128,27000.0
20220310,11,0.97,9.066242038216563,44.859872611464965,0.717948717948718,0.0,0.0,58.532467532467535,40521.54838709677,4.172435897435894,124.55128205128206,30632.75
20220310,12,1.0,10.154777070063695,41.445859872611464,0.8141025641025641,0.0,0.0,58.1948051948052,43767.93548387097,4.601923076923081,116.66666666666667,31380.5
20220310,13,0.97,10.795541401273884,39.07643312101911,0.7948717948717948,0.0,0.0,59.175324675324674,44097.4358974359,4.873717948717949,119.87179487179488,30017.25
20220310,14,0.87,11.08216560509554,38.146496815286625,0.7948717948717948,0.0,0.0,59.81818181818182,44957.5641025641,5.0217948717948735,118.65384615384616,26232.5
20220310,15,0.71,10.880891719745224,38.13375796178344,0.7435897435897436,0.0,0.0,59.714285714285715,46953.91025641026,5.110897435897435,113.3974358974359,19604.5
20220310,16,0.5,10.14331210191083,39.22292993630573,0.9166666666666666,0.0,0.0,59.90909090909091,47508.717948717946,5.246794871794872,110.83333333333333,10899.25
20220310,17,0.26,8.617834394904458,43.32484076433121,1.1602564102564104,0.0,0.0,52.77272727272727,46612.5,4.9884615384615385,106.98717948717949,2831.75
20220310,18,0.0,6.8312101910828,48.32484076433121,1.2756410256410255,0.0,0.0,5.194805194805195,44494.230769230766,4.4839743589743595,104.48717948717949,55.5
20220310,19,-0.26,5.727388535031844,50.68789808917197,1.3012820512820513,0.0,0.0,0.0,42937.179487179485,4.605128205128207,102.82051282051282,0.0
20220310,20,-0.5,4.811464968152865,52.9171974522293,1.2756410256410255,0.0,0.0,0.0,41548.205128205125,4.89166666666667,104.87179487179488,0.0
20220310,21,-0.71,4.1528662420382165,53.98726114649681,1.2115384615384615,0.0,0.0,0,40307.692307692305,4.916666666666671,107.05128205128206,0.0
20220310,22,-0.87,3.27515923566879,55.71337579617835,1.1282051282051282,0.0,0.0,0,39659.61538461538,4.942948717948716,110.38461538461539,0.0
20220310,23,-0.97,2.5649681528662422,56.59235668789809,1.3269230769230769,0.0,0.0,0,39470.89743589744,4.894871794871794,115.57692307692308,0.0
20220311,00,-1.0,1.9324840764331201,57.12101910828026,1.6346153846153846,0.0,0.0,0,39526.153846153844,4.883333333333335,114.74358974358974,0.0
20220311,01,-0.97,1.318471337579618,57.503184713375795,2.0064102564102564,0.0,0.0,0,39576.98717948718,4.876923076923078,114.1025641025641,0.0
20220311,02,-0.87,0.7038216560509554,58.52866242038217,1.8525641025641026,0.0,0.0,0,39313.58974358974,4.767948717948718,113.26923076923077,0.0
20220311,03,-0.71,0.1878980891719745,59.29299363057325,1.9935897435897436,0.0,0.0,0.0,39506.08974358974,4.70128205128205,114.87179487179488,0.0
20220311,04,-0.5,-0.3312101910828024,59.961783439490446,1.9294871794871795,0.0,0.0,0.0,38870.833333333336,4.6679487179487165,118.14102564102564,0.0
20220311,05,-0.26,-0.7802547770700637,60.1656050955414,1.9487179487179487,0.0,0.0,0.0,38993.07692307692,4.778205128205126,118.91025641025641,0.0
20220311,06,-0.0,-1.1445859872611472,60.42675159235669,2.051282051282051,0.0,0.0,1.5844155844155845,38376.47435897436,4.758333333333331,117.56410256410257,92.5
20220311,07,0.26,-0.13757961783439496,56.0828025477707,1.5961538461538463,0.0,0.0,43.564935064935064,39041.47435897436,4.846794871794869,119.74358974358974,3747.25
20220311,08,0.5,1.4808917197452223,49.681528662420384,1.4487179487179487,0.0,0.0,59.9025974025974,40348.717948717946,5.3756410256410225,118.33333333333333,12463.25
20220311,09,0.71,3.148407643312101,44.146496815286625,1.0320512820512822,0.0,0.0,59.96103896103896,42164.230769230766,5.85576923076923,122.75641025641026,21574.5
20220311,10,0.87,4.8210191082802565,39.43312101910828,0.8782051282051282,0.0,0.0,59.92156862745098,43417.756410256414,6.070512820512824,121.08974358974359,28092.0
20220311,11,0.97,6.370700636942675,35.9171974522293,0.4807692307692308,0.0,0.0,59.96078431372549,44301.346153846156,6.30897435897436,121.53846153846153,31662.25
20220311,12,1.0,7.6656050955414,32.89808917197452,0.532051282051282,0.0,0.0,59.98039215686274,45191.41025641026,6.639743589743593,122.6923076923077,32311.5
20220311,13,0.97,8.618471337579614,31.095541401273884,0.4230769230769231,0.0,0.0,59.99346405228758,47171.92307692308,6.857051282051284,118.84615384615384,30524.5
20220311,14,0.87,9.156050955414015,29.81528662420382,0.5769230769230769,0.0,0.0,59.39869281045752,47057.5641025641,6.989743589743592,118.3974358974359,26188.25
20220311,15,0.71,9.223566878980892,29.35031847133758,0.9807692307692307,0.0,0.0,58.06535947712418,46050.1282051282,6.989102564102564,119.87179487179488,19289.0
20220311,16,0.5,8.615286624203813,30.719745222929937,1.2884615384615385,0.0,0.0,55.13725490196079,45861.92307692308,6.799999999999995,118.14102564102564,10421.25
20220311,17,0.26,7.333121019108283,33.06369426751592,1.6794871794871795,0.0,0.0,44.26143790849673,47211.53846153846,6.317307692307695,116.73076923076923,2570.0
20220311,18,0.0,5.920382165605094,35.68789808917197,1.8974358974358974,0.0,0.0,2.1372549019607843,46330.256410256414,5.824358974358976,114.61538461538461,42.25
20220311,19,-0.26,5.014012738853506,37.17197452229299,2.0833333333333335,0.0,0.0,0.0,46891.666666666664,5.709615384615383,112.82051282051282,0.0
20220311,20,-0.5,4.301910828025477,38.35031847133758,2.230769230769231,0.0,0.0,0.0,47060.64102564102,5.77307692307692,117.24358974358974,0.0
20220311,21,-0.71,3.671337579617836,39.32484076433121,2.6538461538461537,0.0,0.0,0,46276.85897435898,5.551282051282054,120.44871794871794,0.0
20220311,22,-0.87,2.962420382165605,40.847133757961785,2.8076923076923075,0.0,0.0,0,46266.346153846156,5.230128205128206,122.6923076923077,0.0
20220311,23,-0.97,2.4649681528662413,42.00636942675159,3.128205128205128,0.0,0.0,0,46175.0641025641,5.156410256410256,122.82051282051282,0.0
20220312,00,-1.0,1.9592356687898098,43.43312101910828,3.3974358974358974,0.0,0.006369426751592357,0,46481.346153846156,4.980128205128205,127.82051282051282,0.0
20220312,01,-0.97,1.5987261146496818,44.59872611464968,3.6538461538461537,0.0012738853503184715,0.025477707006369428,0,46439.03846153846,4.7948717948717965,130.64102564102564,0.0
20220312,02,-0.87,1.234394904458599,46.15923566878981,3.8461538461538463,0.005095541401273886,0.03184713375796178,0,46141.794871794875,4.5839743589743565,128.33333333333334,0.0
20220312,03,-0.71,0.8789808917197448,47.15923566878981,4.147435897435898,0.0006369426751592357,0.044585987261146494,0.0,47030.38461538462,4.3532051282051265,135.44871794871796,0.0
20220312,04,-0.5,0.651592356687898,47.81528662420382,4.243589743589744,0.0012738853503184715,0.050955414012738856,0.0,47177.756410256414,4.1173076923076914,136.47435897435898,0.0
20220312,05,-0.26,0.43312101910828005,48.75796178343949,4.641025641025641,0.0006369426751592357,0.07006369426751592,0.0,46790.57692307692,4.00576923076923,133.33333333333334,0.0
20220312,06,-0.0,0.31656050955414017,49.66242038216561,4.7756410256410255,0.0,0.06369426751592357,1.9542483660130718,47497.820512820515,3.866025641025643,130.0,130.25
20220312,07,0.26,1.3407643312101911,47.43312101910828,4.660256410256411,0.0,0.006369426751592357,31.287581699346404,47165.51282051282,3.837179487179488,130.76923076923077,3510.25
20220312,08,0.5,3.13375796178344,42.47133757961783,3.891025641025641,0.0,0.0,49.790849673202615,48640.51282051282,4.056410256410254,143.46153846153845,11377.75
20220312,09,0.71,4.952866242038216,38.24203821656051,3.7756410256410255,0.0,0.0,54.35947712418301,48803.653846153844,4.316025641025641,139.74358974358975,19791.75
20220312,10,0.87,6.670063694267518,35.955414012738856,3.4551282051282053,0.0,0.0,55.78431372549019,49526.282051282054,4.454487179487181,141.4102564102564,25899.0
20220312,11,0.97,8.208280254777074,34.89808917197452,3.0256410256410255,0.0,0.0,55.130718954248366,49192.3717948718,4.501923076923077,141.4102564102564,29454.0
20220312,12,1.0,9.399363057324843,33.89171974522293,2.91025641025641,0.0,0.0,55.372549019607845,48716.08974358974,4.4807692307692335,140.12820512820514,30312.5
20220312,13,0.97,10.265605095541396,33.5796178343949,3.0064102564102564,0.0,0.0,54.35947712418301,47937.6282051282,4.463461538461536,135.89743589743588,28095.25
20220312,14,0.87,10.780891719745224,33.15923566878981,3.4038461538461537,0.0,0.0,54.1437908496732,47930.38461538462,4.489743589743588,133.14102564102564,23759.25
20220312,15,0.71,10.894267515923566,33.36305732484077,3.423076923076923,0.0,0.0,54.705882352941174,49434.807692307695,4.516025641025641,128.46153846153845,17479.0
20220312,16,0.5,10.335668789808919,34.78343949044586,3.6923076923076925,0.0,0.0,53.42483660130719,48054.679487179485,4.3551282051282065,123.2051282051282,9570.75
20220312,17,0.26,8.728662420382163,38.53503184713376,4.102564102564102,0.0,0.0,37.08496732026144,46994.743589743586,3.8891025641025636,116.28205128205128,2468.0
20220312,18,0.0,6.940127388535033,42.445859872611464,4.346153846153846,0.0,0.0,0.43790849673202614,44191.53846153846,3.39102564102564,114.67948717948718,54.75
20220312,19,-0.26,5.761146496815286,44.789808917197455,4.051282051282051,0.0,0.006369426751592357,0.0,42301.60256410256,3.412179487179486,114.16666666666667,0.0
20220312,20,-0.5,4.862420382165606,46.203821656050955,4.096153846153846,0.0,0.0,0.0,42081.41025641026,3.5442307692307713,114.2948717948718,0.0
20220312,21,-0.71,4.211464968152871,46.4140127388535,3.7884615384615383,0.0,0.0,0,42698.333333333336,3.5416666666666665,115.76923076923077,0.0
20220312,22,-0.87,3.5318471337579633,47.388535031847134,3.576923076923077,0.0,0.0,0,42209.807692307695,3.4974358974358952,120.8974358974359,0.0
20220312,23,-0.97,2.8738853503184725,48.70700636942675,3.3076923076923075,0.0,0.0,0,42495.320512820515,3.4121794871794884,121.92307692307692,0.0
20220313,00,-1.0,2.178980891719745,50.36305732484077,2.8333333333333335,0.0,0.0,0,42071.02564102564,3.3237179487179502,125.32051282051282,0.0
20220313,01,-0.97,1.6127388535031844,51.57324840764331,2.3974358974358974,0.0,0.0,0,41782.88461538462,3.2070512820512818,124.87179487179488,0.0
20220313,02,-0.87,1.0802547770700641,52.46496815286624,2.0,0.0,0.0,0,42025.89743589744,3.2230769230769236,125.25641025641026,0.0
20220313,03,-0.71,0.6891719745222931,53.01273885350319,1.7179487179487178,0.0,0.012738853503184714,0.0,42056.346153846156,3.146794871794872,128.39743589743588,0.0
20220313,04,-0.5,0.21974522292993634,54.34394904458599,1.3974358974358974,0.0006369426751592357,0.012738853503184714,0.0,41713.91025641026,3.1282051282051273,126.53846153846153,0.0
20220313,05,-0.26,-0.12356687898089173,55.45859872611465,1.4102564102564104,0.0006369426751592357,0.03184713375796178,0.0,41389.61538461538,3.0583333333333322,123.01282051282051,0.0
20220313,06,-0.0,-0.2783439490445859,55.968152866242036,1.4294871794871795,0.0006369426751592357,0.025477707006369428,2.5921052631578947,41406.41025641026,3.065384615384615,128.84615384615384,134.75
20220313,07,0.26,1.280254777070064,51.10828025477707,1.2564102564102564,0.0,0.0,43.68421052631579,41795.0,3.207692307692305,117.5,4070.75
20220313,08,0.5,3.589171974522293,43.560509554140125,1.4230769230769231,0.0,0.0,55.776315789473685,43891.85897435898,3.5333333333333328,126.21794871794872,12488.0
20220313,09,0.71,5.761146496815287,37.47770700636943,1.435897435897436,0.0,0.0,56.85526315789474,44431.282051282054,3.9096153846153845,128.97435897435898,20961.0
20220313,10,0.87,7.750955414012741,33.82165605095541,1.6346153846153846,0.0,0.0,58.130718954248366,46515.0641025641,4.084615384615385,132.69230769230768,27186.25
20220313,11,0.97,9.458598726114651,31.694267515923567,1.4807692307692308,0.0,0.0,58.6078431372549,46674.03846153846,4.2762820512820525,130.12820512820514,30608.75
20220313,12,1.0,10.893630573248414,29.980891719745223,1.6602564102564104,0.0,0.006369426751592357,58.44444444444444,47295.256410256414,4.364743589743587,121.41025641025641,31342.75
20220313,13,0.97,11.822292993630574,29.254777070063696,1.7371794871794872,0.0,0.012738853503184714,57.59477124183007,47160.256410256414,4.522435897435897,118.58974358974359,29212.5
20220313,14,0.87,12.414649681528658,28.955414012738853,1.891025641025641,0.0,0.01910828025477707,56.48366013071895,48266.02564102564,4.59871794871795,119.2948717948718,25001.0
20220313,15,0.71,12.529299363057321,29.146496815286625,2.08974358974359,0.0,0.025477707006369428,55.77124183006536,47958.52564102564,4.769230769230768,119.61538461538461,18630.75
20220313,16,0.5,12.026751592356687,30.426751592356688,2.019230769230769,0.0,0.025477707006369428,53.58169934640523,49176.730769230766,4.8108974358974335,116.92307692307692,10334.75
20220313,17,0.26,10.498089171974522,33.81528662420382,2.128205128205128,0.0,0.01910828025477707,44.705882352941174,47605.0641025641,4.3852564102564076,118.97435897435898,2744.5
20220313,18,0.0,8.789171974522297,37.382165605095544,2.173076923076923,0.0,0.012738853503184714,3.045751633986928,45916.282051282054,3.8839743589743594,113.3974358974359,51.75
20220313,19,-0.26,7.704458598726118,39.80891719745223,2.128205128205128,0.0,0.012738853503184714,0.0,44695.38461538462,3.758333333333335,115.0,0.0
20220313,20,-0.5,6.916560509554141,41.84076433121019,2.1858974358974357,0.002547770700636943,0.01910828025477707,0.0,44383.97435897436,3.8769230769230805,122.62820512820512,0.0
20220313,21,-0.71,6.238216560509553,43.64968152866242,2.730769230769231,0.0012738853503184715,0.03184713375796178,0,43835.44871794872,3.681410256410256,130.32051282051282,0.0
20220313,22,-0.87,5.5872611464968145,45.42675159235669,3.0,0.002547770700636943,0.050955414012738856,0,42345.89743589744,3.4544871794871814,130.25641025641025,0.0
20220313,23,-0.97,5.070063694267514,47.29936305732484,3.0064102564102564,0.008280254777070064,0.044585987261146494,0,41988.91025641026,3.2461538461538453,135.76923076923077,0.0
20220314,00,-1.0,4.5222929936305745,49.3312101910828,3.2564102564102564,0.02611464968152866,0.10191082802547771,0,41433.52564102564,3.185256410256411,137.30769230769232,0.0
20220314,01,-0.97,4.021019108280255,52.00636942675159,3.532051282051282,0.059235668789808925,0.12738853503184713,0,40159.10256410256,3.20576923076923,141.73076923076923,0.0
20220314,02,-0.87,3.533757961783439,55.853503184713375,3.9423076923076925,0.06942675159235667,0.17834394904458598,0,39644.48717948718,3.2044871794871788,152.1153846153846,0.0
20220314,03,-0.71,3.180254777070064,60.01273885350319,4.121794871794871,0.10891719745222929,0.21019108280254778,0.0,37729.61538461538,3.325000000000001,161.4102564102564,0.0
20220314,04,-0.5,2.8617834394904436,63.47770700636943,4.32051282051282,0.17261146496815288,0.25477707006369427,0.0,36854.61538461538,3.273076923076924,167.62820512820514,0.0
20220314,05,-0.26,2.6662420382165593,66.07006369426752,4.541935483870968,0.20828025477707013,0.2802547770700637,0.0,34205.96153846154,3.374999999999999,175.32051282051282,0.0
20220314,06,-0.0,2.74076433121019,66.93630573248407,4.7243589743589745,0.19235668789808924,0.28662420382165604,1.9934640522875817,33623.14102564102,3.3314102564102583,172.24358974358975,155.5
20220314,07,0.26,3.796815286624204,65.71974522292993,4.929032258064516,0.1885350318471338,0.3057324840764331,23.96078431372549,34376.02564102564,3.314743589743587,179.10256410256412,2547.0
20220314,08,0.5,5.199999999999999,63.63057324840764,4.993589743589744,0.15031847133757956,0.28662420382165604,27.26143790849673,34837.3717948718,3.5935897435897437,189.55128205128204,7869.5
20220314,09,0.71,6.6012738853503174,61.72611464968153,5.0256410256410255,0.12038216560509551,0.25477707006369427,28.287581699346404,36147.3717948718,3.9608974358974356,195.0,13204.75
20220314,10,0.87,7.704458598726118,61.36942675159236,5.0256410256410255,0.1248407643312102,0.27388535031847133,28.980392156862745,36285.57692307692,4.155769230769231,208.46153846153845,16995.75
20220314,11,0.97,8.564968152866244,60.254777070063696,5.258064516129032,0.10509554140127389,0.24203821656050956,27.80921052631579,39224.12903225807,4.178709677419357,217.1153846153846,18794.5
20220314,12,1.0,9.163694267515925,59.99363057324841,5.6,0.10445859872611464,0.25477707006369427,24.75,38872.83870967742,4.218709677419352,222.58064516129033,18761.0
20220314,13,0.97,9.500636942675156,60.18471337579618,5.782051282051282,0.12229299363057322,0.267515923566879,21.75,40466.346153846156,4.219230769230772,226.47435897435898,17302.25
20220314,14,0.87,9.822929936305732,60.203821656050955,6.160256410256411,0.11273885350318466,0.2929936305732484,21.424836601307188,40723.58974358974,4.040384615384615,233.33333333333334,15166.0
20220314,15,0.71,9.817197452229301,61.17197452229299,6.3076923076923075,0.10382165605095542,0.2929936305732484,22.594771241830067,41331.153846153844,3.8641025641025655,234.67948717948718,11935.25
20220314,16,0.5,9.592993630573243,63.17197452229299,6.2756410256410255,0.13121019108280255,0.2611464968152866,23.18954248366013,41078.653846153844,3.5801282051282057,235.96153846153845,7267.5
20220314,17,0.26,8.693630573248406,67.75796178343948,6.0256410256410255,0.11719745222929939,0.27388535031847133,23.633986928104576,39457.6282051282,3.0532051282051285,235.57692307692307,2245.0
20220314,18,0.0,7.205095541401274,74.50955414012739,5.878205128205129,0.09681528662420383,0.27388535031847133,3.758169934640523,36737.756410256414,2.6653846153846157,211.60256410256412,80.0
20220314,19,-0.26,6.212101910828026,78.828025477707,5.884615384615385,0.06242038216560509,0.2484076433121019,0.0,34688.91025641026,2.5711538461538455,179.35897435897436,0.0
20220314,20,-0.5,5.64012738853503,81.35668789808918,5.8076923076923075,0.046496815286624193,0.21656050955414013,0.0,33344.8717948718,2.542307692307692,185.3846153846154,0.0
20220314,21,-0.71,5.1401273885350305,83.52229299363057,5.589743589743589,0.026114649681528667,0.19745222929936307,0,31000.44871794872,2.571153846153845,180.12820512820514,0.0
20220314,22,-0.87,4.698089171974526,85.171974522293,6.121794871794871,0.017197452229299366,0.20382165605095542,0,28872.24358974359,2.574358974358973,180.57692307692307,0.0
20220314,23,-0.97,4.33312101910828,86.70700636942675,6.384615384615385,0.012738853503184716,0.16560509554140126,0,27416.21794871795,2.5519230769230776,181.21794871794873,0.0
20220315,00,-1.0,4.0828025477707,87.2547770700637,6.532051282051282,0.006369426751592357,0.10191082802547771,0,27127.24358974359,2.530769230769231,181.92307692307693,0.0
20220315,01,-0.97,3.7535031847133764,87.85350318471338,6.711538461538462,0.0044585987261146496,0.05732484076433121,0,26258.397435897437,2.410322580645161,181.0897435897436,0.0
20220315,02,-0.87,3.618471337579619,88.40764331210191,6.737179487179487,0.0012738853503184715,0.03821656050955414,0,25991.346153846152,2.3232258064516125,176.4516129032258,0.0
20220315,03,-0.71,3.3961783439490443,88.68789808917198,6.865384615384615,0.0057324840764331215,0.044585987261146494,0.0,25183.333333333332,2.3192307692307685,175.89743589743588,0.0
20220315,04,-0.5,3.2974522292993633,88.71337579617834,6.980769230769231,0.0006369426751592357,0.050955414012738856,0.0,24593.20512820513,2.1679487179487187,176.15384615384616,0.0
20220315,05,-0.26,3.1535031847133785,88.87261146496816,7.423076923076923,0.0038216560509554145,0.07006369426751592,0.0,24479.23076923077,2.1237179487179483,177.05128205128204,0.0
20220315,06,-0.0,3.1535031847133754,88.90445859872611,7.561290322580645,0.0070063694267515925,0.07006369426751592,0.0,22619.102564102563,2.095512820512821,174.10256410256412,89.0
20220315,07,0.26,3.7337579617834407,87.92993630573248,7.6103896103896105,0.0057692307692307696,0.08333333333333333,1.5686274509803921,23324.03846153846,2.083333333333333,167.05128205128204,1736.5
20220315,08,0.5,4.803821656050954,85.69426751592357,7.606451612903226,0.016025641025641028,0.15384615384615385,4.42483660130719,24447.69230769231,2.0711538461538455,170.89743589743588,4772.5
20220315,09,0.71,5.989171974522292,82.02547770700637,7.512820512820513,0.020512820512820513,0.1346153846153846,7.34640522875817,27024.80769230769,2.226923076923078,171.98717948717947,7856.25
20220315,10,0.87,7.157692307692305,78.3076923076923,7.529032258064516,0.05192307692307692,0.16666666666666666,9.473684210526315,29440.064516129034,2.3980645161290313,171.21794871794873,10468.0
20220315,11,0.97,8.017948717948721,74.91666666666667,7.419354838709677,0.05897435897435897,0.23076923076923078,9.980263157894736,30161.225806451614,2.498064516129033,161.48387096774192,11264.0
20220315,12,1.0,8.573076923076918,73.00641025641026,7.5064935064935066,0.10641025641025642,0.3141025641025641,8.421052631578947,30053.935483870966,2.470967741935484,153.29032258064515,10590.5
20220315,13,0.97,8.825000000000003,72.4423076923077,7.509803921568627,0.18589743589743588,0.36538461538461536,6.526315789473684,29786.064516129034,2.4503225806451603,152.32258064516128,8501.0
20220315,14,0.87,8.82628205128205,73.01282051282051,7.30718954248366,0.2596153846153847,0.46153846153846156,4.7105263157894735,28886.322580645163,2.397419354838708,149.09677419354838,6178.0
20220315,15,0.71,8.552866242038215,75.80254777070064,7.240259740259741,0.3070512820512821,0.47435897435897434,2.3815789473684212,25491.935483870966,2.314193548387097,138.32258064516128,4036.25
20220315,16,0.5,8.148407643312098,78.98726114649682,7.266233766233766,0.37500000000000006,0.5128205128205128,1.9210526315789473,22665.833333333332,2.2807692307692307,145.51282051282053,2027.75
20220315,17,0.26,7.628662420382156,82.02547770700637,7.15483870967742,0.36794871794871803,0.5384615384615384,1.738562091503268,19838.076923076922,2.291025641025641,132.17948717948718,684.25
20220315,18,0.0,7.033121019108282,85.09554140127389,7.006410256410256,0.3647435897435899,0.5641025641025641,0.1568627450980392,17431.53846153846,2.2333333333333325,140.64102564102564,26.75
20220315,19,-0.26,6.550955414012737,87.3375796178344,6.935897435897436,0.3365384615384617,0.5641025641025641,0.0,15315.448717948719,2.315384615384615,145.32051282051282,0.0
20220315,20,-0.5,6.102547770700636,89.14012738853503,6.673076923076923,0.26987179487179497,0.46794871794871795,0.0,14361.346153846154,2.4000000000000012,139.35897435897436,0.0
20220315,21,-0.71,5.498726114649683,91.12738853503184,6.121794871794871,0.22884615384615392,0.40384615384615385,0,13342.564102564103,2.4570512820512818,158.26923076923077,0.0
20220315,22,-0.87,5.055414012738853,92.28025477707007,5.653846153846154,0.13205128205128205,0.28846153846153844,0,12601.346153846154,2.551923076923077,169.67948717948718,0.0
20220315,23,-0.97,4.58152866242038,92.92993630573248,5.365384615384615,0.06474358974358975,0.19230769230769232,0,11784.551282051281,2.5775641025641014,176.85897435897436,0.0
20220316,00,-1.0,4.101910828025478,93.59235668789809,5.294871794871795,0.024999999999999998,0.14102564102564102,0,10535.51282051282,2.494871794871795,191.15384615384616,0.0
20220316,01,-0.97,3.676433121019107,94.3375796178344,5.891025641025641,0.015384615384615387,0.10897435897435898,0,9541.153846153846,2.4250000000000007,185.0,0.0
20220316,02,-0.87,3.328025477707006,95.20382165605096,5.967948717948718,0.004487179487179487,0.07692307692307693,0,8639.935897435897,2.382051282051282,184.03846153846155,0.0
20220316,03,-0.71,3.063694267515924,95.71337579617834,6.089743589743589,0.002564102564102564,0.05128205128205128,0.0,7681.666666666667,2.362179487179488,186.66666666666666,0.0
20220316,04,-0.5,2.761783439490447,95.73885350318471,6.410256410256411,0.001923076923076923,0.057692307692307696,0.0,6723.141025641025,2.367307692307693,191.66666666666666,0.0
20220316,05,-0.26,2.519745222929936,95.94904458598727,6.7612903225806456,0.010256410256410256,0.057692307692307696,0.0,6592.948717948718,2.389102564102565,168.14102564102564,0.0
20220316,06,-0.0,2.4050955414012742,95.92993630573248,6.832258064516129,0.011538461538461539,0.05128205128205128,0.05228758169934641,6404.551282051282,2.4019230769230773,151.21794871794873,133.75
20220316,07,0.26,3.1477707006369413,94.20382165605096,6.634615384615385,0.0031847133757961785,0.03184713375796178,11.585526315789474,7691.410256410257,2.4846153846153842,129.6153846153846,2338.25
20220316,08,0.5,4.368789808917198,90.9171974522293,6.743589743589744,0.003821656050955414,0.01910828025477707,18.835526315789473,10071.153846153846,2.6660256410256395,124.61538461538461,7236.0
20220316,09,0.71,5.696178343949046,87.08917197452229,6.730769230769231,0.0012738853503184715,0.01910828025477707,21.99342105263158,12992.820512820514,2.9166666666666665,110.44871794871794,12813.75
20220316,10,0.87,6.987261146496812,82.03821656050955,6.580645161290323,0.0,0.01910828025477707,27.098684210526315,16515.833333333332,3.2788461538461533,116.08974358974359,17777.25
20220316,11,0.97,8.161146496815284,76.5859872611465,6.129032258064516,0.0,0.0,32.0328947368421,20999.48717948718,3.651923076923078,109.42307692307692,21099.0
20220316,12,1.0,9.180891719745217,71.35668789808918,5.737179487179487,0.0,0.0,35.48684210526316,24360.0,3.9083333333333328,111.02564102564102,22133.5
20220316,13,0.97,9.817834394904457,68.0,5.532051282051282,0.0,0.0,34.526315789473685,27107.75641025641,3.96153846153846,106.47435897435898,21103.75
20220316,14,0.87,10.173248407643317,65.92993630573248,5.519230769230769,0.0,0.0,34.33116883116883,29365.576923076922,3.9320512820512796,106.08974358974359,17974.5
20220316,15,0.71,10.146496815286616,65.828025477707,5.583333333333333,0.0,0.006369426751592357,29.707792207792206,29491.21794871795,4.011538461538462,104.48717948717949,12624.75
20220316,16,0.5,9.731210191082802,67.0,5.67948717948718,0.0,0.0,24.07792207792208,28186.47435897436,4.037820512820512,101.21794871794872,6674.0
20220316,17,0.26,8.756687898089172,71.22929936305732,6.108974358974359,0.0,0.0,12.058441558441558,26039.9358974359,3.897435897435897,101.6025641025641,1877.25
20220316,18,0.0,7.716560509554139,75.47133757961784,6.67948717948718,0.0,0.0,0.17532467532467533,22908.26923076923,3.7583333333333337,101.47435897435898,55.5
20220316,19,-0.26,7.070700636942676,78.09554140127389,6.871794871794871,0.0,0.006369426751592357,0.0,20417.628205128207,3.852564102564105,101.41025641025641,0.0
20220316,20,-0.5,6.59808917197452,79.8343949044586,6.147435897435898,0.0,0.0,0.0,18648.333333333332,3.9211538461538455,107.62820512820512,0.0
20220316,21,-0.71,6.242038216560511,80.87898089171975,6.32051282051282,0.0,0.0,0,17560.0641025641,4.042307692307692,106.28205128205128,0.0
20220316,22,-0.87,5.931210191082806,81.87261146496816,6.2756410256410255,0.0,0.0,0,16203.846153846154,4.11153846153846,113.97435897435898,0.0
20220316,23,-0.97,5.727388535031846,82.42038216560509,6.5,0.0,0.006369426751592357,0,15385.961538461539,4.052564102564103,120.8974358974359,0.0
20220317,00,-1.0,5.5968152866242065,82.61783439490446,6.891025641025641,0.0,0.012738853503184714,0,14824.038461538461,4.030128205128204,125.7051282051282,0.0
20220317,01,-0.97,5.48407643312102,82.63057324840764,7.147435897435898,0.0,0.012738853503184714,0,14250.192307692309,3.968589743589743,123.52564102564102,0.0
20220317,02,-0.87,5.340127388535031,83.01910828025478,7.160256410256411,0.0,0.006369426751592357,0,13666.666666666666,3.9217948717948716,129.67948717948718,0.0
20220317,03,-0.71,5.240764331210191,83.03821656050955,7.0256410256410255,0.0,0.012738853503184714,0.0,13073.846153846154,3.861538461538463,131.15384615384616,0.0
20220317,04,-0.5,5.254140127388534,82.69426751592357,6.987179487179487,0.0006369426751592357,0.044585987261146494,0.0,12859.423076923076,3.896794871794871,125.51282051282051,0.0
20220317,05,-0.26,5.133121019108281,83.05095541401273,7.25,0.0070063694267515925,0.08280254777070063,0.0,12170.705128205129,3.752564102564101,130.89743589743588,0.0
20220317,06,-0.0,5.204458598726114,83.03821656050955,7.384615384615385,0.02802547770700637,0.12101910828025478,0.0,11750.192307692309,3.610256410256411,136.28205128205127,132.5
20220317,07,0.26,5.510828025477708,82.6687898089172,6.9423076923076925,0.05159235668789808,0.17197452229299362,0.0,11486.794871794871,3.532692307692308,143.01282051282053,1442.0
20220317,08,0.5,6.206369426751588,80.75796178343948,7.076923076923077,0.0929936305732484,0.22929936305732485,0.0,11995.576923076924,3.589743589743591,161.34615384615384,3416.75
20220317,09,0.71,6.906369426751595,78.21656050955414,7.269230769230769,0.09936305732484076,0.267515923566879,0.0,13573.97435897436,3.6596153846153876,178.46153846153845,5360.25
20220317,10,0.87,7.58853503184713,75.0828025477707,7.225806451612903,0.078343949044586,0.3184713375796178,0.16883116883116883,15753.910256410256,3.7480769230769235,179.74358974358975,7012.75
20220317,11,0.97,8.204458598726113,72.73248407643312,7.0,0.10445859872611464,0.3057324840764331,0.38311688311688313,17685.384615384617,3.722435897435897,190.25641025641025,8074.0
20220317,12,1.0,8.610828025477703,71.20382165605096,7.412903225806452,0.08598726114649681,0.3184713375796178,2.0194805194805197,18915.51282051282,3.8224358974358994,206.92307692307693,8692.25
20220317,13,0.97,8.831210191082807,70.45222929936305,7.243589743589744,0.08535031847133757,0.28662420382165604,2.7142857142857144,20196.089743589742,3.967948717948716,222.69230769230768,8539.25
20220317,14,0.87,8.855414012738855,70.4140127388535,7.102564102564102,0.04203821656050955,0.2929936305732484,2.357142857142857,22295.32051282051,3.839743589743592,229.23076923076923,7191.25
20220317,15,0.71,8.700636942675153,71.29299363057325,6.987179487179487,0.02229299363057325,0.2929936305732484,3.538961038961039,23544.67948717949,3.8303225806451624,231.48387096774192,5359.0
20220317,16,0.5,8.31528662420382,73.13375796178345,6.993589743589744,0.018471337579617837,0.27388535031847133,4.883116883116883,24323.589743589742,3.6748387096774215,233.84615384615384,3155.25
20220317,17,0.26,7.696178343949046,75.30573248407643,6.987179487179487,0.012738853503184716,0.2484076433121019,6.5,24314.358974358973,3.5070512820512816,231.21794871794873,1068.25
20220317,18,0.0,6.8732484076433105,78.51592356687898,6.839743589743589,0.0178343949044586,0.24203821656050956,1.4415584415584415,23457.628205128207,3.2205128205128224,224.16666666666666,71.5
20220317,19,-0.26,6.2853503184713375,80.85987261146497,6.716129032258064,0.016666666666666666,0.20512820512820512,0.0,22560.576923076922,3.057051282051279,224.16666666666666,0.0
20220317,20,-0.5,5.7331210191082835,82.67515923566879,6.7756410256410255,0.014102564102564105,0.16025641025641027,0.0,22478.910256410258,3.0807692307692314,224.42307692307693,0.0
20220317,21,-0.71,5.224203821656051,84.4140127388535,6.606451612903226,0.013461538461538462,0.1282051282051282,0,21825.641025641027,3.107692307692309,218.71794871794873,0.0
20220317,22,-0.87,4.81464968152866,85.35668789808918,6.483870967741935,0.01730769230769231,0.11538461538461539,0,21652.05128205128,3.037820512820512,200.44871794871796,0.0
20220317,23,-0.97,4.355414012738855,86.85350318471338,6.412903225806452,0.02179487179487179,0.10256410256410256,0,19941.410256410258,2.946153846153844,203.65384615384616,0.0
20220318,00,-1.0,4.036942675159233,87.54140127388536,6.378205128205129,0.019230769230769235,0.10897435897435898,0,19862.628205128207,2.8903846153846167,194.80769230769232,0.0
20220318,01,-0.97,3.7006369426751613,88.2547770700637,6.326923076923077,0.013461538461538462,0.10256410256410256,0,18992.115384615383,2.901923076923078,202.69230769230768,0.0
20220318,02,-0.87,3.4070063694267514,88.10191082802548,6.374193548387097,0.011538461538461539,0.08974358974358974,0,18572.884615384617,2.891666666666666,211.21794871794873,0.0
20220318,03,-0.71,3.1184713375796163,88.86624203821655,6.283870967741936,0.003821656050955414,0.07643312101910828,0.0,17576.79487179487,2.8858974358974363,185.0,0.0
20220318,04,-0.5,2.819108280254776,89.29299363057325,6.135483870967742,0.0057324840764331215,0.07006369426751592,0.0,16642.82051282051,2.901923076923076,181.15384615384616,0.0
20220318,05,-0.26,2.5490445859872595,89.75796178343948,5.909677419354839,0.007006369426751592,0.05732484076433121,0.0,15863.26923076923,2.9897435897435893,166.4102564102564,0.0
20220318,06,-0.0,2.346496815286625,90.23566878980891,5.7612903225806456,0.002547770700636943,0.050955414012738856,0.5855263157894737,15342.24358974359,3.017948717948718,168.78205128205127,161.25
20220318,07,0.26,3.054777070063695,87.70063694267516,5.638709677419355,0.0,0.03184713375796178,15.052631578947368,16615.128205128207,3.0717948717948715,163.84615384615384,2734.75
20220318,08,0.5,4.394267515923565,82.92356687898089,5.380645161290323,0.0,0.006369426751592357,24.039473684210527,20275.641025641027,3.2525641025641026,147.94871794871796,8178.25
20220318,09,0.71,5.871337579617835,76.46496815286625,4.564935064935065,0.000641025641025641,0.00641025641025641,32.38562091503268,24769.612903225807,3.616025641025639,151.21794871794873,14925.5
20220318,10,0.87,7.296178343949043,69.52229299363057,4.207792207792208,0.0,0.0,42.3202614379085,29303.8064516129,3.8301282051282053,140.64102564102564,21205.75
20220318,11,0.97,8.454777070063692,63.7515923566879,3.4155844155844157,0.0,0.0,48.24183006535948,31695.290322580644,3.9269230769230785,136.47435897435898,25579.25
20220318,12,1.0,9.496815286624201,59.17197452229299,3.0779220779220777,0.0,0.0,50.40522875816993,34594.83870967742,4.199358974358977,127.82051282051282,27274.5
20220318,13,0.97,10.257961783439494,55.92356687898089,3.220779220779221,0.0,0.0,52.3202614379085,35967.67741935484,4.469871794871797,134.42307692307693,26273.25
20220318,14,0.87,10.601910828025478,53.853503184713375,3.188311688311688,0.0,0.0,50.97385620915033,37532.3870967742,4.761538461538458,133.84615384615384,22652.0
20220318,15,0.71,10.563694267515926,53.789808917197455,3.324675324675325,0.0,0.0,47.10457516339869,38315.032258064515,4.996794871794875,114.2948717948718,16836.5
20220318,16,0.5,10.134394904458606,54.86624203821656,3.012987012987013,0.0,0.0,43.49673202614379,38932.3870967742,5.046794871794875,96.34615384615384,9609.25
20220318,17,0.26,9.149681528662416,58.89808917197452,2.5584415584415585,0.0,0.0,37.72549019607843,37377.87096774193,4.6999999999999975,80.0,3161.25
20220318,18,0.0,7.556050955414014,65.21656050955414,2.3506493506493507,0.0,0.00641025641025641,9.07843137254902,34250.3870967742,4.107051282051279,92.56410256410257,172.5
20220318,19,-0.26,6.555414012738851,69.13375796178345,2.25974025974026,0.0,0.0,0.0,32256.967741935485,3.826923076923076,94.8076923076923,0.0
20220318,20,-0.5,5.721019108280252,72.28662420382166,1.896103896103896,0.0,0.0,0.0,30404.25806451613,3.721794871794872,85.44871794871794,0.0
20220318,21,-0.71,5.059235668789808,74.42038216560509,1.7077922077922079,0.0,0.0,0,28928.709677419356,3.704487179487181,85.83333333333333,0.0
20220318,22,-0.87,4.429936305732487,76.96815286624204,1.62987012987013,0.0,0.0,0,27697.677419354837,3.6852564102564087,101.6025641025641,0.0
20220318,23,-0.97,3.947770700636944,78.62420382165605,1.525974025974026,0.0,0.0,0,26011.548387096773,3.6570512820512837,111.7948717948718,0.0
20220319,00,-1.0,3.5216560509554133,79.97452229299363,1.3311688311688312,0.0,0.0,0,25187.74193548387,3.653205128205129,105.32051282051282,0.0
20220319,01,-0.97,3.023566878980891,81.1656050955414,1.2337662337662338,0.0,0.0,0,24450.064516129034,3.658974358974358,108.46153846153847,0.0
20220319,02,-0.87,2.693630573248408,82.01910828025478,1.2727272727272727,0.0,0.0,0,23831.935483870966,3.56025641025641,109.74358974358974,0.0
20220319,03,-0.71,2.3101910828025485,83.32484076433121,1.0454545454545454,0.0,0.00641025641025641,0.0,22604.1935483871,3.546153846153844,114.03846153846153,0.0
20220319,04,-0.5,1.9388535031847132,84.11464968152866,0.9545454545454546,0.0,0.0,0.0,22202.322580645163,3.6602564102564097,110.7051282051282,0.0
20220319,05,-0.26,1.5471337579617832,84.84713375796179,0.7402597402597403,0.0,0.0,0.0,21385.290322580644,3.6583333333333328,114.67948717948718,0.0
20220319,06,-0.0,1.6216560509554139,84.63694267515923,0.4675324675324675,0.001923076923076923,0.01282051282051282,4.183006535947713,21681.935483870966,3.5570512820512796,99.61538461538461,355.75
20220319,07,0.26,2.924840764331211,79.8407643312102,0.564935064935065,0.003846153846153846,0.019230769230769232,48.20261437908497,24998.516129032258,3.633974358974359,88.2051282051282,4971.25
20220319,08,0.5,4.538216560509554,73.36942675159236,0.6948051948051948,0.002564102564102564,0.00641025641025641,55.49673202614379,29522.387096774193,4.266666666666666,59.93589743589744,13530.75
20220319,09,0.71,5.950318471337578,66.29299363057325,1.025974025974026,0.0019230769230769234,0.019230769230769232,54.34640522875817,35028.967741935485,5.062820512820514,60.8974358974359,21468.25
20220319,10,0.87,7.17515923566879,59.745222929936304,1.1753246753246753,0.0019230769230769234,0.02564102564102564,54.790849673202615,38713.290322580644,5.525641025641028,61.98717948717949,26780.25
20220319,11,0.97,8.038216560509555,54.267515923566876,1.7532467532467533,0.003205128205128205,0.05128205128205128,53.189542483660134,41038.3870967742,6.055769230769233,57.82051282051282,29540.75
20220319,12,1.0,8.507643312101916,50.388535031847134,2.272727272727273,0.001282051282051282,0.07051282051282051,50.90196078431372,44140.45161290323,6.533333333333332,60.8974358974359,28965.75
20220319,13,0.97,8.69745222929936,48.29299363057325,2.857142857142857,0.007692307692307692,0.0641025641025641,48.34640522875817,46009.290322580644,6.644230769230769,65.44871794871794,26178.75
20220319,14,0.87,8.577707006369428,48.29936305732484,3.207792207792208,0.001282051282051282,0.09615384615384616,45.02614379084967,45339.096774193546,6.744871794871795,62.82051282051282,22078.0
20220319,15,0.71,8.358598726114653,48.605095541401276,3.24025974025974,0.00641025641025641,0.09615384615384616,43.28104575163399,46704.06451612903,6.871153846153845,63.91025641025641,16230.5
20220319,16,0.5,7.706369426751593,50.82165605095541,3.2337662337662336,0.000641025641025641,0.11538461538461539,39.83660130718954,45000.0,6.885256410256411,67.82051282051282,9385.0
20220319,17,0.26,6.750318471337578,54.031847133757964,3.3181818181818183,0.001282051282051282,0.07051282051282051,36.666666666666664,42801.93548387097,6.464102564102566,68.33333333333333,3062.5
20220319,18,0.0,5.6171974522292984,58.17197452229299,3.188311688311688,0.001282051282051282,0.05128205128205128,7.254901960784314,39469.93548387097,5.750000000000001,68.3974358974359,185.0
20220319,19,-0.26,4.871974522292996,60.64331210191083,2.396103896103896,0.0,0.04487179487179487,0.0,35998.645161290326,5.244871794871795,70.83333333333333,0.0
20220319,20,-0.5,4.256050955414013,62.853503184713375,2.344155844155844,0.0,0.02564102564102564,0.0,33117.096774193546,5.221153846153846,70.32051282051282,0.0
20220319,21,-0.71,3.736305732484077,64.19745222929936,2.2142857142857144,0.0,0.01282051282051282,0,31656.90322580645,5.0942307692307685,71.7948717948718,0.0
20220319,22,-0.87,3.2764331210191098,64.76433121019109,2.0064935064935066,0.0,0.02564102564102564,0,29212.25806451613,4.942307692307691,75.25641025641026,0.0
20220319,23,-0.97,2.913375796178343,65.3312101910828,1.9415584415584415,0.0,0.01282051282051282,0,27891.032258064515,4.848717948717953,88.14102564102564,0.0
20220320,00,-1.0,2.6050955414012757,65.73248407643312,2.0064935064935066,0.0,0.00641025641025641,0,26475.935483870966,4.774358974358976,86.21794871794872,0.0
20220320,01,-0.97,2.3044585987261144,66.39490445859873,2.064935064935065,0.0,0.0,0,25569.483870967742,4.744230769230772,87.88461538461539,0.0
20220320,02,-0.87,2.056687898089172,66.56050955414013,2.0324675324675323,0.0,0.01282051282051282,0,24793.935483870966,4.742307692307692,85.0,0.0
20220320,03,-0.71,1.7802547770700634,66.99363057324841,2.2467532467532467,0.0,0.019230769230769232,0.0,23969.032258064515,4.600000000000003,89.55128205128206,0.0
20220320,04,-0.5,1.5343949044585985,67.1656050955414,2.311688311688312,0.0,0.03205128205128205,0.0,23552.387096774193,4.607051282051283,95.12820512820512,0.0
20220320,05,-0.26,1.3407643312101913,67.37579617834395,2.324675324675325,0.0,0.03205128205128205,0.0,23581.870967741936,4.572435897435901,94.48717948717949,0.0
20220320,06,-0.0,1.410191082802548,66.64331210191082,2.0259740259740258,0.001282051282051282,0.03205128205128205,4.771241830065359,23268.516129032258,4.616666666666668,96.73076923076923,458.25
20220320,07,0.26,2.6757961783439494,62.17197452229299,1.9935064935064934,0.003846153846153846,0.03205128205128205,42.254901960784316,24684.967741935485,4.853846153846156,101.6025641025641,4918.25
20220320,08,0.5,4.455414012738854,55.51592356687898,1.6103896103896105,0.0019230769230769234,0.04487179487179487,51.5359477124183,27079.41935483871,5.29230769230769,105.44871794871794,12756.25
20220320,09,0.71,6.3777070063694286,49.15923566878981,1.3116883116883118,0.001923076923076923,0.05128205128205128,53.84313725490196,28921.290322580644,5.6467948717948735,109.23076923076923,20359.0
20220320,10,0.87,8.07643312101911,44.63694267515923,1.4870129870129871,0.003205128205128205,0.0641025641025641,53.75816993464052,30210.322580645163,6.057692307692307,122.62820512820512,25473.5
20220320,11,0.97,9.492356687898093,41.29299363057325,1.4025974025974026,0.000641025641025641,0.038461538461538464,52.86274509803921,32520.25806451613,6.277564102564103,125.7051282051282,28352.75
20220320,12,1.0,10.62229299363057,38.89171974522293,1.4415584415584415,0.001923076923076923,0.02564102564102564,53.294117647058826,33790.45161290323,6.474999999999999,126.53846153846153,28865.0
20220320,13,0.97,11.397452229299367,37.452229299363054,1.4545454545454546,0.000641025641025641,0.019230769230769232,52.947712418300654,34573.41935483871,6.504487179487177,128.71794871794873,27308.0
20220320,14,0.87,11.824840764331213,36.51592356687898,1.2142857142857142,0.004487179487179487,0.03205128205128205,54.33986928104575,36857.74193548387,6.515384615384614,125.8974358974359,23631.5
20220320,15,0.71,11.829936305732478,36.51592356687898,1.3896103896103895,0.0019230769230769234,0.03205128205128205,54.45751633986928,37292.967741935485,6.4410256410256395,128.9102564102564,17872.75
20220320,16,0.5,11.393630573248412,37.11464968152866,1.7402597402597402,0.000641025641025641,0.019230769230769232,53.24183006535948,37922.709677419356,6.221794871794871,130.96153846153845,10170.5
20220320,17,0.26,10.319745222929935,39.51592356687898,2.3766233766233764,0.0,0.019230769230769232,48.16339869281046,39133.41935483871,5.652564102564103,128.39743589743588,3359.75
20220320,18,0.0,8.854777070063694,43.29299363057325,2.6623376623376624,0.0,0.019230769230769232,5.104575163398692,38043.67741935484,4.831410256410258,123.33333333333333,217.5
20220320,19,-0.26,7.792356687898087,46.01910828025478,2.8051948051948052,0.0,0.02564102564102564,0.0,37833.16129032258,4.473717948717948,112.3076923076923,0.0
20220320,20,-0.5,7.021656050955413,47.98089171974522,3.1818181818181817,0.0,0.05128205128205128,0.0,37191.74193548387,4.279487179487179,114.16666666666667,0.0
20220320,21,-0.71,6.37579617834395,49.203821656050955,3.4155844155844157,0.015384615384615384,0.0641025641025641,0,37092.645161290326,4.207692307692308,117.88461538461539,0.0
20220320,22,-0.87,5.706369426751594,50.789808917197455,3.7012987012987013,0.010897435897435897,0.057692307692307696,0,36948.77419354839,4.053205128205129,117.94871794871794,0.0
20220320,23,-0.97,5.040764331210192,52.35031847133758,3.7142857142857144,0.005128205128205128,0.057692307692307696,0,36528.967741935485,3.87628205128205,123.2051282051282,0.0
20220321,00,-1.0,4.411464968152864,54.12738853503185,3.727272727272727,0.008974358974358975,0.04487179487179487,0,36413.096774193546,3.5641025641025657,127.5,0.0
20220321,01,-0.97,3.7503184713375806,56.47133757961783,3.6103896103896105,0.008974358974358974,0.03205128205128205,0,36330.967741935485,3.324999999999999,127.24358974358974,0.0
20220321,02,-0.87,3.170700636942675,58.22929936305732,3.844155844155844,0.0057692307692307696,0.038461538461538464,0,35956.25806451613,3.1192307692307693,123.91025641025641,0.0
20220321,03,-0.71,2.6273885350318484,60.07643312101911,3.6818181818181817,0.0070512820512820505,0.03205128205128205,0.0,35792.45161290323,2.960256410256409,124.55128205128206,0.0
20220321,04,-0.5,2.158598726114651,61.51592356687898,3.5064935064935066,0.003205128205128205,0.019230769230769232,0.0,35016.903225806454,2.8435897435897424,130.76923076923077,0.0
20220321,05,-0.26,1.643312101910828,63.28025477707006,3.311688311688312,0.0,0.0,0.0,34713.096774193546,2.7730769230769234,129.74358974358975,0.0
20220321,06,-0.0,1.6471337579617822,63.28025477707006,3.435064935064935,0.0,0.0,5.065359477124183,34524.967741935485,2.701923076923077,141.92307692307693,544.0
20220321,07,0.26,3.275796178343948,58.34394904458599,2.6103896103896105,0.0,0.0,38.411764705882355,34164.645161290326,2.7378205128205124,137.37179487179486,5292.25
20220321,08,0.5,5.402547770700636,50.445859872611464,2.4415584415584415,0.0,0.01282051282051282,53.81699346405229,36617.354838709674,2.962820512820513,135.25641025641025,13324.75
20220321,09,0.71,7.484076433121016,44.445859872611464,2.065359477124183,0.0,0.0,55.69934640522876,38595.64935064935,3.2852564102564097,144.23076923076923,21243.75
20220321,10,0.87,9.216560509554144,40.37579617834395,1.4901960784313726,0.0,0.00641025641025641,57.712418300653596,39204.48051948052,3.4384615384615382,143.39743589743588,27081.75
20220321,11,0.97,10.651592356687894,37.77070063694268,1.3006535947712419,0.0,0.0,59.26143790849673,40665.38961038961,3.5307692307692298,141.47435897435898,30213.75
20220321,12,1.0,11.861783439490443,35.87261146496815,1.1935483870967742,0.0,0.0,59.49673202614379,40284.12903225807,3.5461538461538464,142.69230769230768,30958.25
20220321,13,0.97,12.608917197452229,34.68789808917197,1.5032258064516129,0.0,0.0,59.0,39434.967741935485,3.657692307692307,133.84615384615384,29377.0
20220321,14,0.87,13.101273885350317,33.67515923566879,1.6451612903225807,0.0,0.0,58.81699346405229,40925.096774193546,3.6461538461538465,128.39743589743588,25375.5
20220321,15,0.71,13.198089171974528,33.802547770700635,1.8903225806451613,0.0,0.0,58.78431372549019,40802.45161290323,3.62948717948718,126.15384615384616,19206.0
20220321,16,0.5,12.779617834394898,34.70700636942675,1.7548387096774194,0.0,0.0,56.76470588235294,40500.1935483871,3.539743589743588,127.6923076923077,11181.75
20220321,17,0.26,11.471337579617835,38.15923566878981,1.7870967741935484,0.0,0.0,47.51633986928105,40908.1935483871,3.155128205128206,124.93589743589743,3675.75
20220321,18,0.0,9.369426751592355,43.33757961783439,1.7806451612903227,0.0,0.0,3.3529411764705883,38620.51612903226,2.6173076923076914,113.46153846153847,244.5
20220321,19,-0.26,7.733757961783437,48.261146496815286,1.903225806451613,0.0,0.0,0.0,37770.645161290326,2.572435897435896,106.6025641025641,0.0
20220321,20,-0.5,6.599363057324842,51.267515923566876,1.7161290322580645,0.0,0.0,0.0,36405.096774193546,2.598076923076923,106.47435897435898,0.0
20220321,21,-0.71,5.737579617834393,53.00636942675159,1.896774193548387,0.0,0.0,0,36144.51612903226,2.5807692307692314,117.88461538461539,0.0
20220321,22,-0.87,5.026114649681531,54.859872611464965,1.7483870967741935,0.0,0.0,0,35585.87096774193,2.48974358974359,124.1025641025641,0.0
20220321,23,-0.97,4.261783439490448,57.29936305732484,2.0387096774193547,0.0,0.0,0,35167.87096774193,2.497435897435898,135.51282051282053,0.0
20220322,00,-1.0,3.531210191082802,59.22929936305732,2.1806451612903226,0.0,0.0,0,34446.45161290323,2.4358974358974352,137.75641025641025,0.0
20220322,01,-0.97,2.8687898089171995,61.33757961783439,1.8903225806451613,0.0,0.0,0,33783.290322580644,2.3525641025641018,146.73076923076923,0.0
20220322,02,-0.87,2.289171974522293,63.28662420382165,1.6,0.0,0.0,0,33302.903225806454,2.2160256410256416,128.46153846153845,0.0
20220322,03,-0.71,1.8503184713375795,64.21019108280255,1.729032258064516,0.0,0.0,0.0,33323.096774193546,2.125641025641026,130.76923076923077,0.0
20220322,04,-0.5,1.489808917197453,65.18471337579618,1.7032258064516128,0.0,0.0,0.0,32852.0,2.188461538461538,131.28205128205127,0.0
20220322,05,-0.26,0.9038216560509553,66.87261146496816,1.6064516129032258,0.0,0.0,0.0,31792.322580645163,2.0743589743589737,139.93589743589743,0.0
20220322,06,-0.0,1.0853503184713373,65.87261146496816,1.5419354838709678,0.0,0.0,10.22875816993464,31754.1935483871,2.0647435897435904,142.43589743589743,691.5
20220322,07,0.26,3.6324840764331228,58.40127388535032,1.3806451612903226,0.0,0.0,49.326797385620914,32176.90322580645,2.048076923076923,135.64102564102564,6317.0
20220322,08,0.5,6.5312101910828035,48.64331210191083,1.2580645161290323,0.0,0.0,57.73202614379085,35762.3870967742,2.159615384615385,138.26923076923077,14976.25
20220322,09,0.71,8.948407643312105,41.28025477707006,1.0909090909090908,0.0,0.0,59.40522875816993,38496.12903225807,2.399999999999999,143.07692307692307,22965.75
20220322,10,0.87,11.032484076433127,36.038216560509554,1.0516129032258064,0.0,0.0,59.88235294117647,39890.58441558442,2.5666666666666664,145.89743589743588,28706.5
20220322,11,0.97,12.69363057324841,32.24203821656051,0.9032258064516129,0.0,0.0,59.98692810457516,41069.7385620915,2.6833333333333322,129.74358974358975,31760.0
20220322,12,1.0,13.864102564102556,29.884615384615383,0.8104575163398693,0.0,0.0,59.92763157894737,40566.339869281044,2.85032258064516,125.2258064516129,32502.75
20220322,13,0.97,14.721794871794872,28.30128205128205,0.7189542483660131,0.0,0.0,59.973684210526315,42450.98039215686,2.97012987012987,122.38709677419355,30889.25
20220322,14,0.87,15.26666666666666,27.19871794871795,0.5359477124183006,0.0,0.0,59.89473684210526,41988.76623376623,2.9458064516129023,113.93548387096774,27041.5
20220322,15,0.71,15.337579617834399,27.21656050955414,0.3961038961038961,0.0,0.0,59.953947368421055,41944.903225806454,2.9303225806451603,118.71794871794872,20910.75
20220322,16,0.5,14.960509554140126,28.49044585987261,0.4155844155844156,0.0,0.0,59.73856209150327,42658.903225806454,2.798076923076922,121.66666666666667,12465.5
20220322,17,0.26,13.594904458598727,31.745222929936304,0.42207792207792205,0.0,0.0,58.40522875816993,42118.58064516129,2.57051282051282,114.42307692307692,4301.0
20220322,18,0.0,10.921019108280255,38.152866242038215,0.44805194805194803,0.0,0.0,16.07843137254902,40450.25806451613,2.132692307692308,108.26923076923077,298.0
20220322,19,-0.26,8.86433121019108,44.59872611464968,0.38311688311688313,0.0,0.0,0.0,38118.25806451613,2.0179487179487174,108.78205128205128,0.0
20220322,20,-0.5,7.443949044585986,49.261146496815286,0.24675324675324675,0.0,0.0,0.0,36729.6129032258,1.9166666666666663,120.1923076923077,0.0
20220322,21,-0.71,6.357324840764327,52.745222929936304,0.14935064935064934,0.0,0.0,0,36101.22580645161,1.9064102564102565,125.25641025641026,0.0
20220322,22,-0.87,5.371337579617835,55.86624203821656,0.1038961038961039,0.0,0.0,0,35082.06451612903,1.817307692307693,145.64102564102564,0.0
20220322,23,-0.97,4.546496815286625,58.961783439490446,0.07792207792207792,0.0,0.0,0,33901.93548387097,1.8160256410256403,140.32051282051282,0.0
20220323,00,-1.0,3.763694267515925,61.71337579617835,0.006493506493506494,0.0,0.0,0,33571.354838709674,1.730769230769232,147.75641025641025,0.0
20220323,01,-0.97,3.065605095541402,64.28662420382166,0.0,0.0,0.0,0,32879.87096774193,1.6775641025641015,149.03846153846155,0.0
20220323,02,-0.87,2.60063694267516,65.73885350318471,0.0,0.0,0.0,0,32487.354838709678,1.6064102564102565,154.03846153846155,0.0
20220323,03,-0.71,2.101910828025477,67.1656050955414,0.01948051948051948,0.0,0.0,0.0,31877.74193548387,1.551923076923077,160.64102564102564,0.0
20220323,04,-0.5,1.601273885350318,68.94904458598727,0.0,0.0,0.0,0.0,31089.290322580644,1.4846153846153853,155.96153846153845,0.0
20220323,05,-0.26,1.132484076433121,70.7515923566879,0.045454545454545456,0.0,0.0,0.0,29873.354838709678,1.4487179487179482,153.65384615384616,0.0
20220323,06,-0.0,1.3038216560509555,70.38853503184713,0.0,0.0,0.0,10.647058823529411,29558.322580645163,1.4557692307692307,168.84615384615384,763.0
20220323,07,0.26,4.1974522292993655,61.71974522292994,0.05194805194805195,0.0,0.0,55.89542483660131,30125.548387096773,1.364102564102564,168.52564102564102,6472.0
20220323,08,0.5,7.521656050955418,51.05095541401274,0.006493506493506494,0.0,0.0,59.99346405228758,32712.387096774193,1.364102564102564,159.23076923076923,15146.0
20220323,09,0.71,10.404458598726116,42.05732484076433,0.0,0.0,0.0,59.98692810457516,35093.11688311688,1.517307692307692,153.97435897435898,23170.25
20220323,10,0.87,12.596815286624208,36.0,0.032679738562091505,0.0,0.0,59.97402597402598,35641.68831168831,1.740384615384615,166.98717948717947,28496.75
20220323,11,0.97,14.230573248407653,31.853503184713375,0.026143790849673203,0.0,0.0,59.883116883116884,35926.62337662338,2.007051282051282,162.30769230769232,31539.0
20220323,12,1.0,15.263694267515922,29.726114649681527,0.0,0.0,0.0,59.9025974025974,36699.41935483871,2.1275641025641034,166.0897435897436,32287.0
20220323,13,0.97,15.921656050955413,28.503184713375795,0.012987012987012988,0.0,0.0,59.90909090909091,37409.16129032258,2.2352564102564085,158.71794871794873,30666.5
20220323,14,0.87,16.268789808917198,28.14012738853503,0.032467532467532464,0.0,0.0,59.896103896103895,38306.12903225807,2.3897435897435892,174.55128205128204,26841.0
20220323,15,0.71,16.14076433121019,28.802547770700638,0.006493506493506494,0.0,0.0,59.98051948051948,37281.87096774193,2.5288461538461564,174.93589743589743,20656.25
20220323,16,0.5,15.623566878980897,30.394904458598727,0.0,0.0,0.0,59.922077922077925,36548.645161290326,2.6019230769230774,166.98717948717947,12450.0
20220323,17,0.26,14.189808917197459,34.089171974522294,0.0,0.0,0.0,58.96103896103896,36221.67741935484,2.4519230769230758,159.80769230769232,4327.25
20220323,18,0.0,11.459235668789807,40.961783439490446,0.0,0.0,0.0,16.149350649350648,33742.58064516129,2.1525641025641025,148.26923076923077,320.75
20220323,19,-0.26,9.412738853503177,47.29936305732484,0.0,0.0,0.0,0.0,32035.612903225807,2.0070512820512825,145.89743589743588,0.0
20220323,20,-0.5,8.038216560509552,51.48407643312102,0.0,0.0,0.0,0.0,31365.935483870966,1.8384615384615388,142.82051282051282,0.0
20220323,21,-0.71,6.818471337579616,55.52866242038217,0.0,0.0,0.0,0,29966.516129032258,1.7346153846153844,146.34615384615384,0.0
20220323,22,-0.87,5.835031847133758,59.32484076433121,0.0,0.0,0.0,0,28483.548387096773,1.6961538461538463,158.52564102564102,0.0
20220323,23,-0.97,4.938853503184715,62.496815286624205,0.0,0.0,0.0,0,27845.41935483871,1.6416666666666673,156.60256410256412,0.0
20220324,00,-1.0,4.105095541401275,65.46496815286625,0.0,0.0,0.0,0,26375.09677419355,1.5653846153846158,153.01282051282053,0.0
20220324,01,-0.97,3.444585987261146,68.0,0.0,0.0,0.0,0,24952.129032258064,1.5192307692307696,174.35897435897436,0.0
20220324,02,-0.87,2.7891719745222936,70.47133757961784,0.03896103896103896,0.0,0.0,0,23886.709677419356,1.4589743589743587,167.8846153846154,0.0
20220324,03,-0.71,2.298726114649684,72.34394904458598,0.032467532467532464,0.0,0.0,0.0,23431.225806451614,1.431410256410256,168.65384615384616,0.0
20220324,04,-0.5,1.7815286624203828,73.91082802547771,0.05194805194805195,0.0,0.0,0.0,22485.225806451614,1.4243589743589742,168.26923076923077,0.0
20220324,05,-0.26,1.363694267515923,75.67515923566879,0.11038961038961038,0.0,0.0,0.0,20752.1935483871,1.380769230769231,172.24358974358975,0.25
20220324,06,-0.0,1.590445859872611,74.77707006369427,0.22727272727272727,0.0,0.0,9.584415584415584,19999.16129032258,1.348717948717949,178.07692307692307,822.5
20220324,07,0.26,4.390445859872614,66.54140127388536,0.23376623376623376,0.0,0.0,53.506493506493506,20656.58064516129,1.2660256410256412,184.93589743589743,6455.25
20220324,08,0.5,7.449681528662417,56.7515923566879,0.24025974025974026,0.0,0.0,58.51298701298701,22822.516129032258,1.196794871794872,152.56410256410257,14871.25
20220324,09,0.71,10.124203821656055,47.68789808917197,0.17532467532467533,0.0,0.0,59.246753246753244,24988.25806451613,1.385256410256411,159.74358974358975,22683.25
20220324,10,0.87,12.216560509554142,41.07006369426752,0.025974025974025976,0.0,0.0,59.79220779220779,26647.225806451614,1.6339743589743592,172.62820512820514,28278.25
20220324,11,0.97,13.860509554140124,36.67515923566879,0.05806451612903226,0.0,0.0,59.88961038961039,27465.290322580644,1.9596153846153845,175.19230769230768,31370.25
20220324,12,1.0,14.916560509554133,33.59872611464968,0.03870967741935484,0.0,0.0,59.92857142857143,27595.677419354837,2.149358974358975,172.8846153846154,32018.0
20220324,13,0.97,15.483439490445852,31.878980891719745,0.025806451612903226,0.0,0.0,59.94805194805195,28968.387096774193,2.2910256410256413,182.5,30428.0
20220324,14,0.87,15.773885350318466,30.94904458598726,0.03870967741935484,0.0,0.0,59.68181818181818,30004.90322580645,2.392948717948718,184.48717948717947,26628.5
20220324,15,0.71,15.686624203821665,31.343949044585987,0.10967741935483871,0.0,0.0,59.65584415584416,29731.09677419355,2.482692307692307,190.32051282051282,20366.25
20220324,16,0.5,15.249681528662423,32.5796178343949,0.10967741935483871,0.0,0.0,59.77922077922078,29987.74193548387,2.478846153846153,198.78205128205127,12164.5
20220324,17,0.26,13.870700636942674,36.59872611464968,0.025806451612903226,0.0,0.0,57.65584415584416,28940.064516129034,2.4115384615384623,185.57692307692307,4255.75
20220324,18,0.0,11.28471337579618,43.617834394904456,0.05806451612903226,0.0,0.0,13.642857142857142,28220.322580645163,2.153205128205128,162.56410256410257,348.75
20220324,19,-0.26,9.177070063694266,50.611464968152866,0.04516129032258064,0.0,0.0,0.0,26906.0,2.058974358974359,156.02564102564102,0.0
20220324,20,-0.5,7.812101910828026,55.24203821656051,0.04516129032258064,0.0,0.0,0.0,25449.74193548387,2.0032051282051273,174.55128205128204,0.0
20220324,21,-0.71,6.6541401273885326,59.21656050955414,0.0,0.0,0.0,0,24391.612903225807,1.9435897435897438,170.57692307692307,0.0
20220324,22,-0.87,5.775796178343949,62.32484076433121,0.012903225806451613,0.0,0.0,0,23458.90322580645,1.8250000000000006,187.17948717948718,0.0
20220324,23,-0.97,5.0585987261146474,65.03821656050955,0.05161290322580645,0.0,0.0,0,22411.290322580644,1.78525641025641,196.60256410256412,0.0
20220325,00,-1.0,4.193630573248409,68.26114649681529,0.07096774193548387,0.0,0.0,0,21421.935483870966,1.7192307692307696,199.10256410256412,0.0
20220325,01,-0.97,3.631847133757963,70.28662420382166,0.07741935483870968,0.0,0.0,0,20804.516129032258,1.7134615384615381,194.03846153846155,0.0
20220325,02,-0.87,3.046496815286626,72.40764331210191,0.0967741935483871,0.0,0.0,0,19712.774193548386,1.6858974358974355,196.02564102564102,0.0
20220325,03,-0.71,2.5936305732484075,73.91082802547771,0.14193548387096774,0.0,0.0,0.0,18932.967741935485,1.6288461538461536,183.52564102564102,0.0
20220325,04,-0.5,2.2057324840764334,75.26751592356688,0.01935483870967742,0.0,0.0,0.0,18090.322580645163,1.5980769230769227,195.25641025641025,0.0
20220325,05,-0.26,1.7394904458598721,76.78980891719745,0.14838709677419354,0.0,0.0,0.0,17003.870967741936,1.5794871794871796,192.17948717948718,0.25
20220325,06,-0.0,1.9445859872611466,76.26114649681529,0.09032258064516129,0.0,0.0,6.220779220779221,16566.516129032258,1.5948717948717945,191.47435897435898,864.0
20220325,07,0.26,4.679617834394906,68.71337579617834,0.04516129032258064,0.0,0.0,53.324675324675326,17560.77922077922,1.5519230769230765,191.02564102564102,6373.25
20220325,08,0.5,7.83184713375796,58.452229299363054,0.06451612903225806,0.0,0.0,59.824675324675326,19984.545454545456,1.6416666666666662,202.30769230769232,14615.25
20220325,09,0.71,10.431210191082807,49.76433121019108,0.12258064516129032,0.0,0.0,59.98701298701299,21753.116883116883,2.0288461538461533,191.66666666666666,22370.5
20220325,10,0.87,12.462420382165611,43.80891719745223,0.10967741935483871,0.0,0.0,59.97402597402598,23334.025974025975,2.5743589743589745,174.35897435897436,28045.5
20220325,11,0.97,13.748407643312099,40.18471337579618,0.16774193548387098,0.0,0.0,59.85064935064935,23710.129032258064,3.1397435897435924,168.26923076923077,31310.25
20220325,12,1.0,14.56751592356687,38.02547770700637,0.1870967741935484,0.0,0.0,59.798701298701296,24478.0,3.4416666666666664,157.30769230769232,32025.75
20220325,13,0.97,15.059872611464971,36.7515923566879,0.2645161290322581,0.0,0.0,59.66883116883117,24980.387096774193,3.5467948717948716,167.5,30374.5
20220325,14,0.87,15.285987261146495,36.27388535031847,0.6129032258064516,0.0,0.0,59.214285714285715,25865.8064516129,3.6493589743589756,161.02564102564102,26288.5
20220325,15,0.71,15.16242038216561,36.42675159235669,0.7806451612903226,0.0,0.0,58.95454545454545,25753.935483870966,3.714743589743588,156.60256410256412,19913.5
20220325,16,0.5,14.682802547770702,37.64968152866242,0.6967741935483871,0.0,0.0,58.91558441558441,26128.25806451613,3.6653846153846144,157.30769230769232,11869.25
20220325,17,0.26,13.43694267515924,41.77070063694268,0.6193548387096774,0.0,0.0,56.01298701298701,25507.41935483871,3.5185897435897435,154.2948717948718,4278.25
20220325,18,0.0,11.179617834394907,48.52866242038217,0.3032258064516129,0.0,0.0,10.954545454545455,23906.0,3.021153846153846,143.52564102564102,393.75
20220325,19,-0.26,9.643949044585993,53.53503184713376,0.6774193548387096,0.0,0.0,0.0,22854.645161290322,2.792307692307693,151.34615384615384,0.25
20220325,20,-0.5,8.518471337579621,57.71337579617835,1.0064516129032257,0.0,0.0,0.0,21038.516129032258,2.7621794871794876,159.35897435897436,0.0
20220325,21,-0.71,7.638216560509556,60.859872611464965,1.4451612903225806,0.0,0.0,0,20303.41935483871,2.6544871794871785,181.73076923076923,0.0
20220325,22,-0.87,6.835668789808916,63.82165605095541,1.9483870967741936,0.0,0.0,0,19148.90322580645,2.6339743589743594,183.78205128205127,0.0
20220325,23,-0.97,6.186624203821658,66.23566878980891,2.096774193548387,0.0,0.0,0,18596.387096774193,2.71923076923077,193.14102564102564,0.0
20220326,00,-1.0,5.543312101910825,68.76433121019109,2.303225806451613,0.0,0.0,0,17800.709677419356,2.7275641025641026,195.3846153846154,0.0
20220326,01,-0.97,4.905095541401275,71.20382165605096,2.0838709677419356,0.0,0.0,0,16726.90322580645,2.7391025641025637,193.71794871794873,0.0
20220326,02,-0.87,4.515923566878981,72.49044585987261,2.0064516129032257,0.0,0.0,0,16273.354838709678,2.825000000000001,193.39743589743588,0.0
20220326,03,-0.71,4.029936305732482,74.31210191082802,1.5612903225806452,0.0,0.0,0.0,15534.645161290322,2.830128205128205,191.34615384615384,0.0
20220326,04,-0.5,3.5949044585987244,76.29299363057325,1.3290322580645162,0.0,0.0,0.0,14616.064516129032,2.8166666666666673,184.80769230769232,0.0
20220326,05,-0.26,3.2191082802547766,77.7515923566879,1.270967741935484,0.0,0.0,0.0,14125.032258064517,2.8076923076923084,196.47435897435898,1.0
20220326,06,-0.0,3.494904458598727,77.61146496815287,1.3419354838709678,0.0,0.0,7.935064935064935,13870.193548387097,2.85128205128205,194.67948717948718,913.75
20220326,07,0.26,5.829936305732487,71.27388535031847,1.5161290322580645,0.0,0.00641025641025641,49.85064935064935,15479.612903225807,2.8673076923076923,207.17948717948718,6337.75
20220326,08,0.5,8.389808917197453,63.789808917197455,1.7483870967741935,0.0,0.019230769230769232,50.94805194805195,17618.774193548386,3.242307692307692,205.3846153846154,14191.0
20220326,09,0.71,10.4687898089172,58.23566878980892,1.9741935483870967,0.0,0.0,50.88961038961039,20421.09677419355,3.6435897435897426,205.83333333333334,21399.75
20220326,10,0.87,12.110828025477701,53.92993630573248,2.174193548387097,0.0,0.01282051282051282,48.31818181818182,24503.935483870966,4.04679487179487,210.0,26320.5
20220326,11,0.97,13.231847133757968,51.11464968152866,2.4387096774193546,0.0,0.038461538461538464,45.935064935064936,28466.774193548386,4.531410256410253,201.34615384615384,28625.0
20220326,12,1.0,13.93630573248408,48.98726114649681,2.5806451612903225,0.0,0.02564102564102564,44.824675324675326,32429.225806451614,4.756410256410256,206.85897435897436,29039.75
20220326,13,0.97,14.410191082802553,47.43312101910828,2.670967741935484,0.0,0.0,45.34415584415584,34543.41935483871,4.725,211.7948717948718,27472.0
20220326,14,0.87,14.649044585987255,47.044585987261144,2.729032258064516,0.0,0.00641025641025641,45.37662337662338,35764.0,4.694871794871797,211.4102564102564,23961.0
20220326,15,0.71,14.57515923566879,47.37579617834395,2.503225806451613,0.0,0.0,46.01948051948052,36525.93548387097,4.662179487179484,216.0897435897436,18450.5
20220326,16,0.5,14.175796178343948,48.681528662420384,2.7161290322580647,0.0,0.0,46.31818181818182,38002.967741935485,4.532692307692306,205.25641025641025,11327.25
20220326,17,0.26,13.121656050955416,52.146496815286625,2.6903225806451614,0.0,0.0,44.51948051948052,38490.06451612903,4.239102564102565,200.7051282051282,4243.5
20220326,18,0.0,11.353503184713375,58.01910828025478,2.6838709677419357,0.0,0.0,17.233766233766232,36884.0,3.630769230769231,192.05128205128204,408.0
20220326,19,-0.26,9.99936305732484,62.80891719745223,2.2838709677419353,0.0,0.00641025641025641,0.0,34445.290322580644,3.1429487179487188,192.75641025641025,0.25
20220326,20,-0.5,8.814012738853501,67.35668789808918,2.1225806451612903,0.0,0.00641025641025641,0.0,32323.483870967742,2.98397435897436,186.98717948717947,0.0
20220326,21,-0.71,7.88343949044586,70.99363057324841,2.167741935483871,0.000641025641025641,0.01282051282051282,0,29797.354838709678,2.8217948717948715,189.2948717948718,0.0
20220326,22,-0.87,7.081528662420382,74.36942675159236,1.9806451612903226,0.0,0.01282051282051282,0,27569.225806451614,2.6455128205128204,178.52564102564102,0.0
20220326,23,-0.97,6.319108280254778,77.21019108280255,2.032258064516129,0.0,0.01282051282051282,0,25018.387096774193,2.440384615384616,168.65384615384616,0.0
20220327,00,-1.0,5.68917197452229,79.4140127388535,2.0709677419354837,0.000641025641025641,0.00641025641025641,0,22865.032258064515,2.2012820512820523,178.9102564102564,0.0
20220327,01,-0.97,5.194267515923568,81.37579617834395,2.1806451612903226,0.0,0.0,0,21470.25806451613,2.103846153846153,178.2051282051282,0.0
20220327,02,-0.87,4.558598726114651,83.35668789808918,2.425806451612903,0.0,0.0,0,19232.516129032258,1.9365384615384613,177.69230769230768,0.0
20220327,03,-0.71,4.146496815286624,84.8407643312102,2.396103896103896,0.0,0.00641025641025641,0.0,17250.451612903227,1.900000000000001,171.53846153846155,0.0
20220327,04,-0.5,3.764968152866242,86.43312101910828,2.587096774193548,0.0,0.00641025641025641,0.0,15959.806451612903,1.8544871794871784,179.93589743589743,0.0
20220327,05,-0.26,3.331210191082802,87.94267515923566,3.161290322580645,0.0,0.0,0.0,13966.58064516129,1.8583333333333336,173.78205128205127,1.5
20220327,06,-0.0,3.564968152866242,87.12738853503184,3.174193548387097,0.0,0.0,8.88888888888889,14300.709677419354,1.8294871794871812,180.0,811.0
20220327,07,0.26,5.739490445859873,81.71337579617834,3.0387096774193547,0.0,0.0,37.96078431372549,17257.225806451614,1.784615384615384,174.10256410256412,5784.75
20220327,08,0.5,7.971337579617837,74.53503184713375,2.6903225806451614,0.0,0.0,42.93464052287582,22412.387096774193,1.9884615384615387,159.67948717948718,13161.5
20220327,09,0.71,9.964968152866241,67.54777070063695,2.574193548387097,0.0,0.0,45.37908496732026,26478.064516129034,2.252564102564102,170.19230769230768,20783.75
20220327,10,0.87,11.630573248407648,60.9171974522293,2.367741935483871,0.0,0.0,46.80392156862745,30336.03896103896,2.5506410256410246,164.87179487179486,26427.0
20220327,11,0.97,12.92165605095542,55.81528662420382,2.3225806451612905,0.0,0.0,47.23529411764706,34461.23376623377,2.7692307692307696,159.23076923076923,29508.0
20220327,12,1.0,13.829299363057324,52.210191082802545,1.9935483870967743,0.0,0.0,49.78431372549019,38200.0,2.9737179487179484,160.57692307692307,30345.75
20220327,13,0.97,14.672611464968153,49.140127388535035,2.1225806451612903,0.0,0.0,51.333333333333336,41224.545454545456,3.0391025641025644,167.69230769230768,29154.25
20220327,14,0.87,15.075159235668794,48.152866242038215,1.7225806451612904,0.0,0.0,53.36601307189542,41730.194805194806,3.0532051282051267,176.60256410256412,26158.25
20220327,15,0.71,15.210828025477703,47.87898089171974,1.5225806451612902,0.0,0.0,54.88235294117647,42711.753246753244,3.056410256410256,170.51282051282053,20555.25
20220327,16,0.5,14.909554140127396,49.00636942675159,1.2967741935483872,0.0,0.00641025641025641,55.130718954248366,43681.94805194805,3.057051282051283,184.93589743589743,12808.0
20220327,17,0.26,13.902547770700632,52.37579617834395,0.8903225806451613,0.0,0.00641025641025641,55.30718954248366,43237.53246753247,3.0666666666666673,188.14102564102564,4806.75
20220327,18,0.0,11.650318471337576,59.67515923566879,1.0774193548387097,0.0,0.0,23.15686274509804,41819.155844155845,2.685897435897438,182.1153846153846,468.75
20220327,19,-0.26,9.915286624203821,66.5031847133758,1.2193548387096773,0.0,0.00641025641025641,0.0,38857.01298701299,2.504487179487179,174.2948717948718,0.5
20220327,20,-0.5,8.657961783439497,71.38216560509554,1.1161290322580646,0.0,0.00641025641025641,0.0,36991.36363636364,2.3275641025641014,185.96153846153845,0.0
20220327,21,-0.71,7.692356687898085,75.14012738853503,1.1225806451612903,0.0,0.01282051282051282,0,35018.896103896106,2.2416666666666676,188.39743589743588,0.0
20220327,22,-0.87,6.881528662420387,78.29299363057325,1.1548387096774193,0.0,0.01282051282051282,0,33106.818181818184,2.275641025641025,192.43589743589743,0.0
20220327,23,-0.97,6.218471337579619,80.69426751592357,1.1225806451612903,0.0,0.02564102564102564,0,30344.61038961039,2.298076923076924,196.7948717948718,0.0
20220328,00,-1.0,5.636942675159234,82.77707006369427,1.367741935483871,0.0,0.019230769230769232,0,28071.16883116883,2.349999999999998,201.21794871794873,0.0
20220328,01,-0.97,5.156687898089171,84.62420382165605,1.5677419354838709,0.0,0.04487179487179487,0,25518.116883116883,2.326923076923077,199.67948717948718,0.0
20220328,02,-0.87,4.624203821656054,86.38216560509554,1.7419354838709677,0.000641025641025641,0.0641025641025641,0,22952.85714285714,2.3589743589743586,209.16666666666666,0.0
20220328,03,-0.71,4.308280254777073,87.44585987261146,1.8580645161290323,0.000641025641025641,0.08333333333333333,0.0,21845.844155844155,2.3538461538461544,218.01282051282053,0.0
20220328,04,-0.5,3.975796178343948,88.22292993630573,2.064516129032258,0.0,0.057692307692307696,0.0,20772.727272727272,2.397435897435897,218.5897435897436,0.0
20220328,05,-0.26,3.6891719745222926,88.8343949044586,2.2129032258064516,0.001282051282051282,0.05128205128205128,0.0,18752.064516129034,2.3910256410256427,219.80769230769232,2.25
20220328,06,-0.0,4.011464968152866,87.55414012738854,2.3483870967741933,0.0,0.038461538461538464,12.705882352941176,19330.387096774193,2.398717948717947,208.78205128205127,1017.25
20220328,07,0.26,6.194267515923569,81.26114649681529,2.361290322580645,0.0,0.038461538461538464,41.04575163398693,22517.935483870966,2.3474358974358975,206.4102564102564,6240.0
20220328,08,0.5,8.442038216560505,73.54140127388536,2.4220779220779223,0.0,0.03225806451612903,42.66013071895425,27371.68831168831,2.447435897435897,216.66666666666666,13680.0
20220328,09,0.71,10.51210191082803,65.98089171974522,2.3137254901960786,0.0,0.03870967741935484,43.55263157894737,30214.640522875816,2.7570512820512816,225.0,20511.0
20220328,10,0.87,12.190445859872618,59.70063694267516,2.2483660130718954,0.0,0.01935483870967742,44.76315789473684,32794.967320261436,3.1025641025641013,236.34615384615384,25602.0
20220328,11,0.97,13.571974522292987,54.5859872611465,2.084967320261438,0.0,0.01935483870967742,46.38815789473684,35092.61437908497,3.420512820512821,247.69230769230768,28792.75
20220328,12,1.0,14.468152866242043,50.84076433121019,2.1623376623376624,0.0,0.025806451612903226,46.94736842105263,35052.22222222222,3.8006410256410263,253.5897435897436,29854.25
20220328,13,0.97,15.151592356687896,47.59235668789809,2.4545454545454546,0.0,0.03870967741935484,47.06578947368421,37263.59477124183,4.105769230769233,261.21794871794873,28484.25
20220328,14,0.87,15.508280254777077,45.605095541401276,2.2467532467532467,0.0,0.012903225806451613,48.375,37835.163398692814,4.492948717948719,272.1794871794872,24925.0
20220328,15,0.71,15.421019108280253,45.452229299363054,2.324675324675325,0.0,0.01935483870967742,47.38157894736842,38232.81045751634,4.672435897435891,275.64102564102564,19081.5
20220328,16,0.5,14.940127388535034,46.29299363057325,2.6623376623376624,0.0,0.01935483870967742,46.30263157894737,38967.32026143791,4.6730769230769225,281.79487179487177,11424.5
20220328,17,0.26,13.718471337579613,49.7515923566879,3.279220779220779,0.0,0.012903225806451613,39.796052631578945,36990.65359477124,4.3455128205128215,287.56410256410254,4115.5
20220328,18,0.0,11.537579617834394,56.51592356687898,4.201298701298701,0.0,0.0064516129032258064,4.815789473684211,34137.77777777778,3.5166666666666666,284.1025641025641,412.5
20220328,19,-0.26,10.051592356687896,61.40127388535032,4.636363636363637,0.0,0.01935483870967742,0.0,33215.228758169935,3.098717948717948,265.1923076923077,0.25
20220328,20,-0.5,9.064331210191082,65.30573248407643,5.402597402597403,0.0,0.012903225806451613,0.0,30531.04575163399,3.0102564102564098,252.5,0.0
20220328,21,-0.71,8.098089171974523,69.13375796178345,5.974025974025974,0.0006451612903225806,0.025806451612903226,0,27905.62091503268,2.890384615384615,247.82051282051282,0.0
20220328,22,-0.87,7.4375796178343965,71.38216560509554,6.5064935064935066,0.0,0.03870967741935484,0,26290.13071895425,2.9224358974358973,242.05128205128204,0.0
20220328,23,-0.97,6.815923566878977,73.76433121019109,6.766233766233766,0.0032258064516129032,0.025806451612903226,0,24634.70588235294,2.887179487179487,235.57692307692307,0.0
20220329,00,-1.0,6.30828025477707,75.64331210191082,7.01948051948052,0.0038709677419354843,0.01935483870967742,0,22882.941176470587,2.8416666666666677,239.80769230769232,0.0
20220329,01,-0.97,5.907006369426752,77.03184713375796,7.162337662337662,0.0019354838709677422,0.012903225806451613,0,22232.875816993463,2.807051282051285,236.28205128205127,0.0
20220329,02,-0.87,5.620382165605095,77.61146496815287,7.3311688311688314,0.0,0.0064516129032258064,0,21610.91503267974,2.8019230769230767,237.5,0.0
20220329,03,-0.71,5.310828025477708,78.52866242038216,7.3896103896103895,0.0,0.0,0.0,21062.352941176472,2.7769230769230773,234.42307692307693,0.0
20220329,04,-0.5,5.124203821656049,78.96178343949045,7.305194805194805,0.0,0.0,0.0,20603.267973856207,2.7211538461538454,241.98717948717947,0.0
20220329,05,-0.26,4.8751592356687885,79.43949044585987,7.467532467532467,0.0,0.0,0.0,19992.679738562092,2.68974358974359,230.96153846153845,2.75
20220329,06,-0.0,4.938216560509557,79.52229299363057,7.37012987012987,0.0,0.0,0.4868421052631579,19500.65359477124,2.7660256410256423,225.96153846153845,651.5
20220329,07,0.26,5.966878980891722,75.90445859872611,7.409090909090909,0.0,0.0,6.7894736842105265,20871.56862745098,2.921153846153844,217.05128205128204,3795.25
20220329,08,0.5,7.181528662420379,70.59235668789809,7.233766233766234,0.0,0.0,13.236842105263158,22835.359477124184,3.204487179487179,221.66666666666666,8395.5
20220329,09,0.71,8.47006369426752,64.20382165605096,7.064935064935065,0.0,0.0,22.55263157894737,24832.549019607843,3.3884615384615393,217.24358974358975,13488.0
20220329,10,0.87,9.628662420382167,58.76433121019108,6.857142857142857,0.0,0.0064516129032258064,27.43421052631579,27052.85714285714,3.544230769230769,225.89743589743588,17965.0
20220329,11,0.97,10.661146496815286,54.59235668789809,6.805194805194805,0.0,0.0,33.421052631578945,28710.974025974025,3.6499999999999977,221.53846153846155,21601.0
20220329,12,1.0,11.379617834394907,51.31210191082803,6.8896103896103895,0.0,0.0,35.953947368421055,31703.83116883117,3.800641025641024,236.21794871794873,22668.0
20220329,13,0.97,11.826114649681529,49.63057324840764,6.512987012987013,0.0,0.006493506493506494,31.526315789473685,31123.636363636364,3.912820512820514,234.93589743589743,21574.0
20220329,14,0.87,12.028025477707008,48.13375796178344,6.461038961038961,0.0,0.012987012987012988,26.50657894736842,32420.25974025974,3.994871794871796,241.0897435897436,18249.75
20220329,15,0.71,11.88662420382165,47.853503184713375,6.928571428571429,0.0,0.032467532467532464,24.986842105263158,34946.23376623377,4.02371794871795,248.71794871794873,13548.5
20220329,16,0.5,11.396815286624204,49.35031847133758,6.759740259740259,0.0006493506493506494,0.09740259740259741,18.05263157894737,33835.194805194806,3.964743589743589,252.82051282051282,7906.0
20220329,17,0.26,10.531210191082803,52.732484076433124,6.987012987012987,0.0019480519480519483,0.06493506493506493,11.756578947368421,33470.844155844155,3.639743589743588,256.28205128205127,3059.25
20220329,18,0.0,9.248407643312106,57.89808917197452,6.941558441558442,0.0025974025974025974,0.06493506493506493,1.361842105263158,31889.35064935065,3.1923076923076925,231.21794871794873,353.25
20220329,19,-0.26,8.35769230769231,61.57692307692308,7.026143790849673,0.017105263157894738,0.08552631578947369,0.0,30477.516339869282,2.8393548387096788,227.1153846153846,0.25
20220329,20,-0.5,7.526923076923079,65.19871794871794,7.150326797385621,0.007236842105263159,0.09868421052631579,0.0,29985.9477124183,2.5929032258064515,218.19354838709677,0.0
20220329,21,-0.71,6.855769230769229,68.12820512820512,7.0,0.0013157894736842105,0.14473684210526316,0,28976.86274509804,2.3909677419354836,197.74193548387098,0.0
20220329,22,-0.87,6.245512820512819,71.07051282051282,6.738562091503268,0.009210526315789475,0.19078947368421054,0,28305.098039215685,2.327096774193548,204.32258064516128,0.0
20220329,23,-0.97,5.708974358974361,73.46153846153847,6.895424836601308,0.01710526315789474,0.21710526315789475,0,27873.59477124183,2.19741935483871,207.09677419354838,0.0
20220330,00,-1.0,5.22051282051282,76.09615384615384,6.777777777777778,0.03157894736842106,0.2631578947368421,0,26481.830065359478,2.1464516129032263,192.6451612903226,0.0
20220330,01,-0.97,4.760256410256412,78.38461538461539,7.019607843137255,0.04342105263157893,0.28289473684210525,0,25635.816993464054,2.0219354838709673,185.67741935483872,0.0
20220330,02,-0.87,4.392948717948719,80.47435897435898,6.96078431372549,0.04802631578947368,0.375,0,24375.228758169935,2.0870967741935478,185.09677419354838,0.0
20220330,03,-0.71,4.080769230769228,82.17948717948718,7.098039215686274,0.10526315789473682,0.35526315789473684,0.0,22626.601307189543,1.9380645161290322,184.19354838709677,0.0
20220330,04,-0.5,3.825,83.73717948717949,7.1568627450980395,0.13684210526315788,0.4144736842105263,0.0,21182.418300653593,1.962580645161291,186.58064516129033,0.0
20220330,05,-0.26,3.6006410256410257,85.34615384615384,7.2026143790849675,0.15263157894736842,0.4342105263157895,0.0,19819.150326797386,2.01032258064516,177.03225806451613,4.5
20220330,06,-0.0,3.7243589743589745,86.03846153846153,7.169934640522876,0.17039473684210527,0.48026315789473684,1.0855263157894737,19642.222222222223,2.0787096774193548,162.1290322580645,538.0
20220330,07,0.26,4.575,83.74358974358974,6.888888888888889,0.19144736842105262,0.4934210526315789,7.3881578947368425,20707.320261437908,2.0529032258064523,152.06451612903226,2898.25
20220330,08,0.5,5.376923076923078,80.21794871794872,7.065359477124183,0.17368421052631577,0.5131578947368421,12.25,22953.986928104576,2.281935483870967,137.09677419354838,6151.5
20220330,09,0.71,6.010191082802547,76.80891719745223,6.9868421052631575,0.1725490196078431,0.5359477124183006,12.81578947368421,25445.324675324675,2.5580645161290314,130.06451612903226,9410.0
20220330,10,0.87,6.544585987261144,74.32484076433121,7.098039215686274,0.1549019607843137,0.5098039215686274,13.861842105263158,26734.090909090908,2.7602564102564107,119.74358974358974,11667.75
20220330,11,0.97,6.9324840764331235,72.08917197452229,7.194805194805195,0.13116883116883118,0.5194805194805194,13.111842105263158,27701.68831168831,2.810897435897437,127.05128205128206,12718.0
20220330,12,1.0,7.271974522292991,71.11464968152866,7.214285714285714,0.137012987012987,0.4935064935064935,12.361842105263158,29527.33766233766,2.967948717948718,138.5897435897436,12704.0
20220330,13,0.97,7.350318471337583,70.22292993630573,7.285714285714286,0.14155844155844155,0.487012987012987,11.68421052631579,31100.065359477125,3.1788461538461545,136.4102564102564,11996.5
20220330,14,0.87,7.326751592356689,69.97452229299363,7.3896103896103895,0.14805194805194805,0.461038961038961,10.414473684210526,32355.098039215685,3.3596153846153847,126.02564102564102,10287.25
20220330,15,0.71,7.180891719745221,70.48407643312102,7.435064935064935,0.14350649350649353,0.38311688311688313,8.868421052631579,34130.45751633987,3.480769230769231,134.23076923076923,7815.0
20220330,16,0.5,6.84331210191083,71.52229299363057,7.383116883116883,0.08376623376623374,0.33766233766233766,8.736842105263158,34637.32026143791,3.531410256410255,124.74358974358974,5107.0
20220330,17,0.26,6.256687898089171,73.85350318471338,7.383116883116883,0.1285714285714286,0.34415584415584416,5.565789473684211,34132.07792207792,3.534615384615386,110.25641025641026,2205.0
20220330,18,0.0,5.566242038216559,76.78343949044586,7.298701298701299,0.11233766233766232,0.35714285714285715,0.5592105263157895,31979.935064935064,3.284615384615383,113.78205128205128,293.0
20220330,19,-0.26,4.975159235668789,79.40127388535032,7.454545454545454,0.04935064935064934,0.3116883116883117,0.0,30330.51948051948,3.107051282051283,103.84615384615384,0.25
20220330,20,-0.5,4.450318471337576,81.56050955414013,7.37012987012987,0.06428571428571428,0.36363636363636365,0.0,27762.922077922078,3.078205128205128,104.42307692307692,0.0
20220330,21,-0.71,4.078980891719746,82.80254777070064,7.383116883116883,0.0422077922077922,0.33116883116883117,0,28183.96103896104,3.118589743589743,108.91025641025641,0.0
20220330,22,-0.87,3.7579617834394896,83.77070063694268,7.409090909090909,0.03506493506493506,0.2857142857142857,0,26039.935064935064,3.1179487179487193,100.12820512820512,0.0
20220330,23,-0.97,3.4808917197452227,84.87261146496816,7.4935064935064934,0.03766233766233767,0.2727272727272727,0,24644.415584415583,3.0243589743589747,108.52564102564102,0.0
20220331,00,-1.0,3.1859872611464954,85.76433121019109,7.487012987012987,0.05129870129870131,0.2662337662337662,0,22597.66233766234,3.0384615384615388,103.91025641025641,0.0
20220331,01,-0.97,2.951592356687898,86.24203821656052,7.487012987012987,0.055194805194805185,0.2792207792207792,0,21030.64935064935,3.1237179487179483,107.3076923076923,0.0
20220331,02,-0.87,2.6999999999999984,86.68789808917198,7.51948051948052,0.07727272727272727,0.24675324675324675,0,20600.324675324675,3.189743589743589,105.64102564102564,0.0
20220331,03,-0.71,2.496178343949044,86.62420382165605,7.467532467532467,0.07402597402597402,0.2597402597402597,0.0,20151.428571428572,3.297435897435898,99.8076923076923,0.0
20220331,04,-0.5,2.3133757961783434,86.79617834394904,7.396103896103896,0.057792207792207784,0.2987012987012987,0.0,20217.66233766234,3.4641025641025647,101.41025641025641,0.0
20220331,05,-0.26,2.184076433121019,86.89171974522293,7.571428571428571,0.08766233766233766,0.3116883116883117,0.0,19588.636363636364,3.6006410256410275,102.75641025641026,5.5
20220331,06,-0.0,2.236305732484076,86.1656050955414,7.538961038961039,0.1038961038961039,0.35714285714285715,3.0197368421052633,19570.974025974025,3.6519230769230764,99.48717948717949,437.0
20220331,07,0.26,2.5426751592356687,84.53503184713375,7.545454545454546,0.12193548387096775,0.3741935483870968,6.8881578947368425,20474.545454545456,3.935256410256413,103.65384615384616,2175.0
20220331,08,0.5,2.9929936305732494,82.21656050955414,7.73202614379085,0.11612903225806452,0.38064516129032255,8.592105263157896,21901.948051948053,4.253846153846155,94.87179487179488,4785.0
20220331,09,0.71,3.544585987261146,79.44585987261146,7.688311688311688,0.0858064516129032,0.3225806451612903,8.203947368421053,23427.647058823528,4.411538461538459,93.97435897435898,7200.25
20220331,10,0.87,4.081528662420381,76.91082802547771,7.5519480519480515,0.09161290322580645,0.2709677419354839,8.657894736842104,24451.960784313724,4.510967741935481,87.74193548387096,8964.5
20220331,11,0.97,4.510828025477709,73.79617834394904,7.584415584415584,0.08774193548387095,0.2967741935483871,9.519736842105264,27003.246753246753,4.634615384615385,90.32051282051282,9706.0
20220331,12,1.0,4.848407643312102,72.17834394904459,7.636363636363637,0.07741935483870967,0.32903225806451614,9.230263157894736,28053.246753246753,4.860256410256409,87.24358974358974,9855.0
20220331,13,0.97,5.050955414012736,70.87898089171975,7.603896103896104,0.11612903225806452,0.4064516129032258,8.223684210526315,28913.896103896102,4.993589743589741,91.73076923076923,9220.25
20220331,14,0.87,5.0751592356687905,70.59235668789809,7.642857142857143,0.07483870967741936,0.432258064516129,6.7368421052631575,29676.03896103896,5.1224358974359,93.26923076923077,7541.5
20220331,15,0.71,4.843949044585988,71.18471337579618,7.616883116883117,0.13741935483870968,0.5096774193548387,5.368421052631579,28526.68831168831,5.205769230769232,93.2051282051282,5237.25
20220331,16,0.5,4.493630573248407,72.28662420382166,7.62987012987013,0.21741935483870983,0.5741935483870968,2.7828947368421053,28947.532467532466,5.26858974358974,92.82051282051282,3031.5
20220331,17,0.26,4.082802547770698,73.64331210191082,7.6688311688311686,0.20580645161290326,0.5870967741935483,0.5197368421052632,28583.83116883117,5.250641025641029,104.35897435897436,1179.75
20220331,18,0.0,3.5936305732484057,75.31210191082802,7.590909090909091,0.26451612903225813,0.6,0.0,27850.38961038961,5.162820512820515,108.3974358974359,153.0
20220331,19,-0.26,3.248407643312102,76.34394904458598,7.441558441558442,0.2374193548387098,0.6064516129032258,0.0,27914.22077922078,5.107051282051281,109.87179487179488,0.0
20220331,20,-0.5,2.9044585987261122,77.54777070063695,7.525974025974026,0.25225806451612903,0.5741935483870968,0.0,26582.597402597403,5.079487179487182,108.2051282051282,0.0
20220331,21,-0.71,2.621656050955415,78.07006369426752,7.603896103896104,0.2612903225806453,0.6193548387096774,0,26683.7012987013,5.028205128205129,117.11538461538461,0.0
20220331,22,-0.87,2.4070063694267523,78.63694267515923,7.487012987012987,0.21612903225806457,0.6129032258064516,0,26986.68831168831,4.983974358974359,116.92307692307692,0.0
20220331,23,-0.97,2.187261146496815,78.8407643312102,7.558441558441558,0.2032258064516129,0.6258064516129033,0,26580.194805194806,4.913461538461539,117.6923076923077,0.0
20220401,00,-1.0,1.9643312101910826,79.21019108280255,7.555555555555555,0.18387096774193554,0.6129032258064516,0,27266.103896103898,4.827564102564101,118.3974358974359,0.0
20220401,01,-0.97,1.6980891719745224,79.6687898089172,7.516339869281046,0.1903225806451613,0.6193548387096774,0,26994.415584415583,4.723076923076923,117.75641025641026,0.0
20220401,02,-0.87,1.4872611464968153,79.9171974522293,7.623376623376624,0.19612903225806455,0.6064516129032258,0,26957.66233766234,4.727564102564102,118.01282051282051,0.0
20220401,03,-0.71,1.285987261146497,79.86624203821655,7.5064935064935066,0.1812903225806451,0.5870967741935483,0.0,27272.79220779221,4.880769230769231,124.03846153846153,0.0
20220401,04,-0.5,1.0834394904458604,79.99363057324841,7.474025974025974,0.2038709677419355,0.6129032258064516,0.0,26429.545454545456,5.022435897435898,124.55128205128206,0.0
20220401,05,-0.26,0.8573248407643311,80.03184713375796,7.549019607843137,0.24516129032258063,0.6129032258064516,0.0,26678.376623376622,5.062179487179485,112.88461538461539,5.5
20220401,06,-0.0,0.7038216560509553,79.96178343949045,7.4935064935064934,0.24903225806451615,0.5870967741935483,0.0,26365.909090909092,5.0717948717948715,114.2948717948718,336.75
20220401,07,0.26,0.7783439490445863,79.12101910828025,7.5064935064935066,0.2584415584415584,0.6168831168831169,0.5460526315789473,25279.281045751635,5.209615384615385,107.88461538461539,1646.25
20220401,08,0.5,0.9891719745222929,77.1656050955414,7.461038961038961,0.2176470588235295,0.6013071895424836,2.335526315789474,27412.352941176472,5.369871794871794,105.8974358974359,3385.25
20220401,09,0.71,1.2878980891719738,75.07006369426752,7.522875816993464,0.21830065359477124,0.6078431372549019,3.164473684210526,26263.13725490196,5.588461538461543,105.64102564102564,5281.75
20220401,10,0.87,1.6369426751592364,73.15286624203821,7.5,0.21558441558441566,0.6103896103896104,4.5855263157894735,29395.62091503268,5.770512820512821,103.3974358974359,6937.75
20220401,11,0.97,1.8949044585987258,71.70700636942675,7.51948051948052,0.20389610389610388,0.5909090909090909,7.453947368421052,30316.143790849674,5.868589743589744,104.67948717948718,7995.5
20220401,12,1.0,2.150955414012738,70.54140127388536,7.4935064935064934,0.1896103896103896,0.564935064935065,7.296052631578948,30443.006535947712,6.042307692307691,103.46153846153847,8407.75
20220401,13,0.97,2.2687898089171967,69.94267515923566,7.454545454545454,0.18961038961038962,0.5844155844155844,6.8881578947368425,29574.771241830065,6.109615384615387,103.78205128205128,7988.75
20220401,14,0.87,2.268789808917199,69.45859872611464,7.363636363636363,0.21493506493506495,0.577922077922078,6.3355263157894735,32129.281045751635,6.153205128205125,111.7948717948718,7068.5
20220401,15,0.71,2.152229299363058,70.07643312101911,7.435064935064935,0.2058441558441559,0.5584415584415584,5.440789473684211,30005.49019607843,6.126923076923075,111.66666666666667,5359.0
20220401,16,0.5,1.9012738853503188,70.88535031847134,7.461038961038961,0.23116883116883122,0.5584415584415584,4.092105263157895,30361.56862745098,6.026923076923079,110.83333333333333,3256.5
20220401,17,0.26,1.5847133757961775,72.12101910828025,7.415584415584416,0.2012987012987013,0.5909090909090909,1.2105263157894737,30483.529411764706,5.878205128205128,111.98717948717949,1337.25
20220401,18,0.0,1.2299363057324841,72.95541401273886,7.402597402597403,0.1967532467532468,0.5909090909090909,0.0,30292.81045751634,5.615384615384615,112.11538461538461,180.5
20220401,19,-0.26,0.9617834394904453,73.98726114649682,7.3311688311688314,0.16709677419354843,0.567741935483871,0.0,30386.143790849674,5.381410256410257,110.25641025641026,0.0
20220401,20,-0.5,0.6847133757961787,75.20382165605096,7.457516339869281,0.14580645161290323,0.567741935483871,0.0,30406.644736842107,5.384615384615382,108.46153846153847,0.0
20220401,21,-0.71,0.46305732484076406,75.96815286624204,7.477124183006536,0.1303225806451613,0.5483870967741935,0,31385.592105263157,5.323076923076921,92.24358974358974,0.0
20220401,22,-0.87,0.2592356687898091,76.26114649681529,7.4183006535947715,0.12258064516129032,0.5612903225806452,0,31696.315789473683,5.194871794871795,92.62820512820512,0.0
20220401,23,-0.97,0.034394904458598725,77.0828025477707,7.254901960784314,0.12000000000000001,0.5548387096774193,0,31984.67105263158,5.0448717948717965,88.58974358974359,0.0
20220402,00,-1.0,-0.18917197452229303,77.9171974522293,7.42483660130719,0.12322580645161291,0.5483870967741935,0,31893.026315789473,4.888387096774194,88.45161290322581,0.0
20220402,01,-0.97,-0.4031847133757961,78.87898089171975,7.4183006535947715,0.10967741935483871,0.5419354838709678,0,32928.68421052631,4.781290322580648,85.80645161290323,0.0
20220402,02,-0.87,-0.5834394904458595,79.12738853503184,7.470588235294118,0.10774193548387098,0.5483870967741935,0,32184.736842105263,4.775483870967742,80.25806451612904,0.0
20220402,03,-0.71,-0.7802547770700639,79.828025477707,7.326797385620915,0.10779220779220776,0.525974025974026,0.0,33631.51315789474,4.85290322580645,78.83870967741936,0.0
20220402,04,-0.5,-0.9726114649681528,80.5859872611465,7.333333333333333,0.10903225806451612,0.4838709677419355,0.0,33979.7385620915,4.834193548387097,77.35483870967742,0.0
20220402,05,-0.26,-1.119745222929936,81.171974522293,7.431372549019608,0.11548387096774194,0.4838709677419355,0.0,34006.07843137255,4.768387096774191,85.74193548387096,15.0
20220402,06,-0.0,-0.9834394904458598,80.8407643312102,7.287581699346405,0.10838709677419353,0.5161290322580645,2.013157894736842,33692.22222222222,4.774193548387095,100.7741935483871,557.25
20220402,07,0.26,-0.4745222929936306,78.40127388535032,7.196078431372549,0.10322580645161288,0.49032258064516127,10.526315789473685,33701.37254901961,5.0109677419354846,88.64516129032258,2465.25
20220402,08,0.5,0.10063694267515923,74.93630573248407,6.961038961038961,0.06709677419354838,0.49032258064516127,13.026315789473685,35054.444444444445,5.419354838709675,66.64516129032258,5233.75
20220402,09,0.71,0.7210191082802552,71.19108280254777,6.974025974025974,0.05483870967741934,0.45161290322580644,14.75,36308.56209150327,5.801935483870969,64.51612903225806,7929.75
20220402,10,0.87,1.2165605095541399,67.93630573248407,7.090909090909091,0.05419354838709675,0.432258064516129,16.06578947368421,38947.05882352941,5.967741935483873,59.096774193548384,9618.25
20220402,11,0.97,1.5643312101910827,65.76433121019109,7.136363636363637,0.04129032258064516,0.49032258064516127,16.361842105263158,40903.660130718956,6.013548387096774,59.61290322580645,10633.75
20220402,12,1.0,1.8910828025477713,64.05732484076434,6.941558441558442,0.04387096774193548,0.5096774193548387,14.763157894736842,41624.640522875816,5.970967741935482,75.41935483870968,10969.25
20220402,13,0.97,2.0490445859872612,63.07006369426752,6.863636363636363,0.04838709677419354,0.4838709677419355,13.144736842105264,41931.30718954248,5.909032258064517,73.35483870967742,10744.75
20220402,14,0.87,2.154140127388536,62.89102564102564,6.96078431372549,0.0496774193548387,0.4645161290322581,12.165562913907285,43672.43421052631,5.779354838709672,98.64516129032258,9447.75
20220402,15,0.71,2.0910828025477706,63.166666666666664,6.816993464052287,0.053246753246753244,0.3961038961038961,11.245033112582782,44072.23684210526,5.6096774193548375,111.09677419354838,7275.5
20220402,16,0.5,1.903821656050956,63.62179487179487,6.953947368421052,0.06493506493506493,0.33116883116883117,10.62251655629139,44281.90789473684,5.361290322580645,127.61290322580645,4753.75
20220402,17,0.26,1.5477707006369426,64.97435897435898,6.7368421052631575,0.06038961038961038,0.37012987012987014,11.695364238410596,45875.85526315789,4.8980645161290335,150.1290322580645,2127.75
20220402,18,0.0,0.9560509554140125,67.5448717948718,6.66887417218543,0.06818181818181816,0.33766233766233766,6.158940397350993,45976.31578947369,4.409032258064518,160.0,361.25
20220402,19,-0.26,0.3828025477707006,70.1474358974359,6.598684210526316,0.053896103896103886,0.33116883116883117,0.006622516556291391,44992.03947368421,3.8754838709677415,182.4516129032258,1.0
20220402,20,-0.5,-0.10573248407643311,72.66025641025641,6.701986754966887,0.049350649350649346,0.3181818181818182,0.0,44862.78145695364,3.5529032258064532,223.3548387096774,0.0
20220402,21,-0.71,-0.4554140127388537,73.91025641025641,6.655629139072848,0.0409090909090909,0.3051948051948052,0,44318.94039735099,3.275483870967743,244.0,0.0
20220402,22,-0.87,-0.8724358974358974,75.39102564102564,6.569536423841059,0.024025974025974037,0.2857142857142857,0,43466.82119205298,3.038064516129033,249.93548387096774,0.0
20220402,23,-0.97,-1.2391025641025646,76.83974358974359,6.3881578947368425,0.019480519480519487,0.2922077922077922,0,42368.079470198674,2.8974193548387093,244.32258064516128,0.0
20220403,00,-1.0,-1.5782051282051277,78.06410256410257,6.322368421052632,0.013636363636363637,0.2727272727272727,0,43022.98013245033,2.691612903225808,252.1290322580645,0.0
20220403,01,-0.97,-1.862820512820512,79.05128205128206,6.230263157894737,0.007142857142857142,0.2597402597402597,0,43254.834437086094,2.615483870967742,242.70967741935485,0.0
20220403,02,-0.87,-2.2301282051282043,80.39102564102564,5.901315789473684,0.0058441558441558435,0.24675324675324675,0,43437.41721854304,2.549677419354839,241.5483870967742,0.0
20220403,03,-0.71,-2.432692307692308,81.01282051282051,5.784313725490196,0.006493506493506494,0.2662337662337662,0.0,42985.52631578947,2.549677419354839,243.16129032258064,0.0
20220403,04,-0.5,-2.6358974358974367,81.64102564102564,5.764705882352941,0.006493506493506495,0.22727272727272727,0.0,42613.94736842105,2.5225806451612907,246.0,0.0
20220403,05,-0.26,-2.782051282051282,81.97435897435898,5.895424836601308,0.014935064935064937,0.24025974025974026,0.06,42782.23684210526,2.5058064516129037,241.93548387096774,24.0
20220403,06,-0.0,-2.0935897435897437,79.46794871794872,6.032679738562091,0.0012987012987012987,0.21428571428571427,11.94,42570.46052631579,2.495483870967743,241.41935483870967,1129.5
20220403,07,0.26,-0.7756410256410258,73.75641025641026,5.830065359477124,0.008441558441558443,0.24025974025974026,28.893333333333334,45662.89473684211,2.675483870967743,242.1290322580645,4858.0
20220403,08,0.5,0.6538461538461533,67.21794871794872,5.816993464052287,0.0025974025974025974,0.21428571428571427,35.69798657718121,46396.97368421053,3.112903225806451,220.90322580645162,9512.25
20220403,09,0.71,1.7057692307692294,62.37179487179487,5.823529411764706,0.01168831168831169,0.24675324675324675,38.45637583892618,51338.88157894737,3.587741935483872,225.67741935483872,13659.5
20220403,10,0.87,2.3224358974358954,58.032051282051285,6.150326797385621,0.00392156862745098,0.24183006535947713,33.99333333333333,52292.30263157895,4.0206451612903225,231.67741935483872,15782.75
20220403,11,0.97,2.8916666666666666,56.15384615384615,6.2026143790849675,0.007843137254901962,0.32679738562091504,27.16778523489933,54813.81578947369,4.214838709677419,240.32258064516128,16514.0
20220403,12,1.0,3.276923076923076,55.46153846153846,6.503267973856209,0.015686274509803925,0.32679738562091504,26.563758389261746,55682.10526315789,4.229032258064512,254.1290322580645,17197.25
20220403,13,0.97,3.6243589743589744,55.07692307692308,6.326797385620915,0.01764705882352941,0.3006535947712418,25.040268456375838,55000.0,4.283225806451615,256.258064516129,16210.5
20220403,14,0.87,3.7564102564102573,55.23076923076923,6.764705882352941,0.013725490196078431,0.3006535947712418,23.93959731543624,55643.81578947369,4.365161290322581,260.5806451612903,14364.5
20220403,15,0.71,3.863461538461538,56.26282051282051,6.8431372549019605,0.01568627450980392,0.3333333333333333,21.469798657718123,56876.25,4.331612903225809,262.51612903225805,11686.25
20220403,16,0.5,3.6756410256410255,58.217948717948715,6.9869281045751634,0.009803921568627453,0.3333333333333333,18.953333333333333,57666.44736842105,4.369032258064518,260.4516129032258,7741.75
20220403,17,0.26,3.2083333333333335,62.08974358974359,6.65359477124183,0.014379084967320262,0.30718954248366015,18.695364238410598,56439.34210526316,4.166451612903226,256.3225806451613,3477.25
20220403,18,0.0,2.3935897435897426,66.82051282051282,6.333333333333333,0.00974025974025974,0.2532467532467532,11.573333333333334,56809.14473684211,3.7438709677419335,248.96774193548387,555.0
20220403,19,-0.26,1.666666666666667,71.64102564102564,5.699346405228758,0.006493506493506493,0.2077922077922078,0.0,52504.73684210526,3.305161290322581,238.25806451612902,1.25
20220403,20,-0.5,1.158333333333333,74.9423076923077,5.328947368421052,0.003246753246753247,0.21428571428571427,0.0,50757.54966887417,3.285161290322579,235.09677419354838,0.0
20220403,21,-0.71,0.7820512820512815,76.76923076923077,5.032894736842105,0.0038961038961038965,0.16883116883116883,0,49059.66887417219,3.3761290322580644,228.51612903225808,0.0
20220403,22,-0.87,0.4480769230769228,78.12820512820512,5.032894736842105,0.0019480519480519483,0.14935064935064934,0,47818.27814569537,3.452903225806452,231.93548387096774,0.0
20220403,23,-0.97,0.14935897435897427,79.51923076923077,4.940789473684211,0.003246753246753247,0.11038961038961038,0,46108.807947019865,3.4509677419354836,226.90322580645162,0.0
20220404,00,-1.0,-0.12564102564102564,80.47435897435898,5.151315789473684,0.007189542483660131,0.11764705882352941,0,42936.55629139073,3.545161290322579,221.93548387096774,0.0
20220404,01,-0.97,-0.4282051282051282,81.5448717948718,5.217105263157895,0.004545454545454545,0.11038961038961038,0,41567.21854304636,3.644516129032257,224.06451612903226,0.0
20220404,02,-0.87,-0.6512820512820513,82.08974358974359,5.375,0.0025974025974025974,0.08441558441558442,0,40916.49006622517,3.818064516129032,222.83870967741936,0.0
20220404,03,-0.71,-0.8083333333333332,82.36538461538461,5.717105263157895,0.0,0.05844155844155844,0.0,38372.84768211921,3.9929032258064514,222.1290322580645,0.0
20220404,04,-0.5,-0.9205128205128202,82.26923076923077,6.169934640522876,0.0025974025974025974,0.05844155844155844,0.0,36288.02631578947,4.271612903225805,218.6451612903226,0.0
20220404,05,-0.26,-0.9846153846153846,82.05128205128206,6.405228758169935,0.02077922077922078,0.08441558441558442,0.052980132450331126,34071.05263157895,4.505161290322582,218.70967741935485,27.25
20220404,06,-0.0,-0.3826923076923078,79.53846153846153,6.509803921568627,0.05584415584415584,0.11038961038961038,11.493333333333334,34084.73684210526,4.865806451612904,212.06451612903226,1444.25
20220404,07,0.26,0.8141025641025641,74.8525641025641,6.111111111111111,0.046405228758169936,0.1503267973856209,28.273333333333333,34856.57894736842,5.4309677419354845,214.1290322580645,6001.25
20220404,08,0.5,2.13397435897436,69.76923076923077,6.144736842105263,0.06601307189542484,0.20915032679738563,30.834437086092716,36907.23684210526,6.191612903225807,221.48387096774192,11559.0
20220404,09,0.71,3.2057692307692314,65.23717948717949,6.2026143790849675,0.08758169934640524,0.24836601307189543,31.026490066225165,38734.67105263158,7.29870967741936,228.25806451612902,15980.75
20220404,10,0.87,3.912820512820512,62.97435897435897,6.5359477124183005,0.1281045751633987,0.30718954248366015,28.198675496688743,38515.163398692814,8.199354838709674,231.5483870967742,17948.75
20220404,11,0.97,4.3275641025641045,63.0,6.686274509803922,0.17516339869281047,0.3790849673202614,23.95364238410596,36739.93464052288,8.865161290322575,231.67741935483872,18559.5
20220404,12,1.0,4.536538461538461,64.0448717948718,6.660130718954249,0.2718954248366013,0.43790849673202614,21.47019867549669,34489.54248366013,9.154193548387097,231.93548387096774,18390.75
20220404,13,0.97,4.6525641025641,66.51923076923077,6.686274509803922,0.33398692810457536,0.477124183006536,21.350993377483444,32421.11111111111,9.412903225806451,231.74193548387098,17327.5
20220404,14,0.87,4.6737179487179485,68.78205128205128,6.2745098039215685,0.32679738562091504,0.5620915032679739,17.635761589403973,29681.633986928104,9.441290322580642,232.25806451612902,14124.0
20220404,15,0.71,4.610256410256409,71.77564102564102,6.588235294117647,0.2934640522875817,0.6470588235294118,13.887417218543046,28251.764705882353,9.45870967741935,236.0,10029.5
20220404,16,0.5,4.4608974358974365,74.43589743589743,6.915032679738562,0.255844155844156,0.7012987012987013,9.278145695364238,27089.34640522876,9.241935483870968,238.83870967741936,5560.25
20220404,17,0.26,4.37371794871795,76.12179487179488,7.072368421052632,0.19285714285714287,0.7532467532467533,4.589403973509934,26846.2091503268,8.921290322580646,241.48387096774192,2003.0
20220404,18,0.0,4.203846153846153,78.33333333333333,7.298013245033113,0.1636363636363637,0.7987012987012987,0.3973509933774834,25158.496732026142,8.692258064516126,244.38709677419354,250.75
20220404,19,-0.26,4.142948717948719,80.02564102564102,7.3881578947368425,0.15714285714285717,0.7727272727272727,0.0,24960.58823529412,8.387741935483874,245.2258064516129,0.75
20220404,20,-0.5,4.175641025641027,80.4551282051282,7.1381578947368425,0.14350649350649353,0.7922077922077922,0.0,25047.36842105263,8.185161290322581,246.90322580645162,0.0
20220404,21,-0.71,4.178846153846154,81.30128205128206,7.223684210526316,0.1701298701298702,0.7857142857142857,0,26415.32894736842,8.05290322580645,248.38709677419354,0.0
20220404,22,-0.87,4.194871794871795,81.73076923076923,7.125,0.1850649350649351,0.7337662337662337,0,26254.53947368421,7.876774193548382,248.51612903225808,0.0
20220404,23,-0.97,4.202564102564101,82.19871794871794,7.171052631578948,0.257792207792208,0.6948051948051948,0,25843.61842105263,7.721290322580646,248.83870967741936,0.0
20220405,00,-1.0,4.160256410256411,82.91025641025641,7.269736842105263,0.27077922077922084,0.6883116883116883,0,26293.092105263157,7.501290322580647,248.4516129032258,0.0
20220405,01,-0.97,4.10769230769231,83.6474358974359,7.2894736842105265,0.31623376623376626,0.7012987012987013,0,25221.447368421053,7.410967741935486,249.67741935483872,0.0
20220405,02,-0.87,4.05128205128205,84.07051282051282,7.311258278145695,0.3396103896103897,0.7272727272727273,0,25403.42105263158,7.331612903225807,251.93548387096774,0.0
20220405,03,-0.71,4.013461538461539,84.46794871794872,7.572368421052632,0.38051948051948065,0.7532467532467533,0.0,25245.986842105263,7.097419354838711,254.4516129032258,0.0
20220405,04,-0.5,3.9596153846153848,85.17307692307692,7.549019607843137,0.31493506493506507,0.7532467532467533,0.0,25384.83660130719,6.765806451612907,254.83870967741936,0.0
20220405,05,-0.26,3.8833333333333306,85.93589743589743,7.703947368421052,0.3266233766233767,0.7467532467532467,0.0,26161.764705882353,6.336774193548391,255.74193548387098,25.75
20220405,06,-0.0,4.067948717948718,86.14102564102564,7.480263157894737,0.26753246753246746,0.7272727272727273,1.7880794701986755,25667.516339869282,6.112903225806452,256.0,592.0
20220405,07,0.26,4.4782051282051265,85.57051282051282,7.407894736842105,0.2850649350649351,0.6818181818181818,7.421052631578948,25213.13725490196,6.067096774193554,254.51612903225808,2488.0
20220405,08,0.5,5.011464968152869,83.5732484076433,7.342105263157895,0.2458064516129033,0.7161290322580646,8.342105263157896,27422.33766233766,6.0262820512820525,255.25641025641025,5312.75
20220405,09,0.71,5.513375796178346,81.55414012738854,7.30718954248366,0.21548387096774194,0.7032258064516129,8.763157894736842,29207.532467532466,5.994871794871794,257.05128205128204,7765.0
20220405,10,0.87,6.03312101910828,80.51592356687898,7.4640522875816995,0.19870967741935483,0.7161290322580646,6.934210526315789,30453.506493506495,5.8641025641025655,256.15384615384613,9991.0
20220405,11,0.97,6.530573248407639,80.22292993630573,7.594771241830065,0.1961290322580645,0.7225806451612903,4.993421052631579,29810.584415584417,5.859615384615385,255.44871794871796,10897.25
20220405,12,1.0,6.92420382165605,80.35668789808918,7.6797385620915035,0.16322580645161291,0.7483870967741936,3.5065789473684212,31796.948051948053,5.852564102564101,254.10256410256412,10588.0
20220405,13,0.97,7.3369426751592375,80.51592356687898,7.705882352941177,0.14580645161290323,0.7612903225806451,2.625,31216.03896103896,5.839102564102561,253.2051282051282,9799.25
20220405,14,0.87,7.492356687898091,82.0,7.6797385620915035,0.16322580645161297,0.7870967741935484,2.611842105263158,31439.090909090908,5.712820512820512,253.97435897435898,8188.75
20220405,15,0.71,7.626114649681528,83.03184713375796,7.738562091503268,0.1832258064516129,0.8064516129032258,2.1973684210526314,32143.896103896102,5.456410256410258,252.05128205128204,6004.75
20220405,16,0.5,7.582165605095541,84.63694267515923,7.705882352941177,0.2161290322580646,0.7935483870967742,1.1973684210526316,31260.51948051948,5.260897435897437,250.0,3677.5
20220405,17,0.26,7.507006369426748,86.07643312101911,7.705882352941177,0.22258064516129036,0.8193548387096774,0.5723684210526315,30284.74025974026,4.963461538461537,244.93589743589743,1573.75
20220405,18,0.0,7.321656050955412,87.91082802547771,7.633986928104576,0.23354838709677422,0.8387096774193549,0.006578947368421052,27462.467532467534,4.682692307692309,244.03846153846155,244.0
20220405,19,-0.26,7.198726114649683,89.56687898089172,7.660130718954249,0.2329032258064518,0.8709677419354839,0.0,25522.14285714286,4.490384615384616,241.28205128205127,1.0
20220405,20,-0.5,7.201910828025479,89.80891719745223,7.657894736842105,0.3367741935483872,0.8258064516129032,0.0,25090.78431372549,4.532692307692307,239.03846153846155,0.0
20220405,21,-0.71,7.192993630573246,89.77707006369427,7.6118421052631575,0.2825806451612905,0.7870967741935484,0,23472.418300653593,4.69102564102564,235.0,0.0
20220405,22,-0.87,7.178980891719746,90.14649681528662,7.6158940397351,0.28064516129032274,0.7290322580645161,0,23788.823529411766,4.697435897435896,233.5897435897436,0.0
20220405,23,-0.97,7.232484076433122,90.03184713375796,7.582781456953643,0.18580645161290324,0.7096774193548387,0,24408.366013071896,4.7301282051282065,234.10256410256412,0.0
20220406,00,-1.0,7.233121019108281,89.98726114649682,7.602649006622516,0.15870967741935485,0.6709677419354839,0,24541.04575163399,4.713461538461538,231.21794871794873,0.0
20220406,01,-0.97,7.244585987261147,89.77070063694268,7.456953642384106,0.15225806451612903,0.6709677419354839,0,24445.29411764706,4.758333333333332,229.93589743589743,0.0
20220406,02,-0.87,7.201273885350316,89.90445859872611,7.569536423841059,0.15032258064516124,0.6451612903225806,0,23296.86274509804,4.777564102564106,228.97435897435898,0.0
20220406,03,-0.71,7.211464968152865,89.50955414012739,7.651315789473684,0.1438709677419355,0.5741935483870968,0.0,23404.117647058825,4.863461538461538,226.47435897435898,0.0
20220406,04,-0.5,7.2828025477707055,88.86538461538461,7.6644736842105265,0.14967741935483878,0.5806451612903226,0.0,24638.83116883117,4.9238709677419354,229.29032258064515,0.0
20220406,05,-0.26,7.317834394904458,88.1474358974359,7.625,0.0890322580645161,0.5612903225806452,0.0,25501.68831168831,5.071612903225806,228.25806451612902,28.25
20220406,06,-0.0,7.496815286624205,86.5,7.605263157894737,0.06258064516129032,0.5548387096774193,0.7368421052631579,28208.96103896104,5.279354838709677,229.09677419354838,737.75
20220406,07,0.26,7.922929936305734,84.37820512820512,7.631578947368421,0.0632258064516129,0.4838709677419355,2.138157894736842,30987.66233766234,5.551612903225804,228.83870967741936,3085.75
20220406,08,0.5,8.494904458598732,81.2547770700637,7.6381578947368425,0.0432258064516129,0.3741935483870968,4.315789473684211,35610.32467532468,5.908333333333338,231.47435897435898,6587.5
20220406,09,0.71,9.138853503184716,76.98726114649682,7.607843137254902,0.025806451612903226,0.32903225806451614,5.311258278145695,40383.57142857143,6.342307692307691,235.83333333333334,9818.75
20220406,10,0.87,9.679617834394898,73.72611464968153,7.496732026143791,0.0064516129032258064,0.27741935483870966,6.781456953642384,43291.68831168831,6.743589743589745,237.30769230769232,12585.25
20220406,11,0.97,10.13821656050956,71.09554140127389,7.392156862745098,0.019354838709677424,0.2,8.723684210526315,45502.72727272727,7.017307692307693,237.05128205128204,14754.75
20220406,12,1.0,10.656050955414015,68.77070063694268,7.248366013071895,0.03612903225806452,0.2064516129032258,11.875,46911.168831168834,7.207692307692308,237.24358974358975,16069.0
20220406,13,0.97,11.005095541401273,67.03821656050955,7.228758169934641,0.029677419354838714,0.2064516129032258,13.092105263157896,48949.61038961039,7.212258064516131,239.03225806451613,16363.0
20220406,14,0.87,11.296815286624204,65.71974522292993,7.163398692810458,0.016129032258064516,0.2,15.638157894736842,49079.61038961039,7.146451612903223,239.74193548387098,14912.25
20220406,15,0.71,11.256687898089172,65.71974522292993,7.006535947712418,0.05741935483870967,0.2645161290322581,15.453947368421053,50672.792207792205,6.929032258064516,240.32258064516128,12247.5
20220406,16,0.5,11.06178343949045,66.07643312101911,7.228758169934641,0.0825806451612903,0.3096774193548387,14.006578947368421,50528.57142857143,6.65032258064516,237.8709677419355,8111.25
20220406,17,0.26,10.611464968152864,68.01273885350318,7.169934640522876,0.1774193548387097,0.3032258064516129,9.164473684210526,52823.181818181816,6.1599999999999975,237.2258064516129,3369.75
20220406,18,0.0,9.932051282051281,71.02564102564102,7.197368421052632,0.16623376623376626,0.35714285714285715,4.309210526315789,50860.52287581699,5.651948051948051,230.6451612903226,515.25
20220406,19,-0.26,9.331410256410253,74.2051282051282,7.157894736842105,0.15194805194805194,0.42857142857142855,0.0,48111.96078431373,5.496753246753247,229.54545454545453,1.0
20220406,20,-0.5,9.016025641025644,76.28846153846153,7.046357615894039,0.23766233766233766,0.5,0.0,46753.68421052631,5.414935064935066,223.96103896103895,0.0
20220406,21,-0.71,8.90192307692307,77.16666666666667,7.410596026490066,0.23311688311688303,0.5064935064935064,0,47343.42105263158,5.659740259740256,223.7012987012987,0.0
20220406,22,-0.87,8.812820512820512,77.9423076923077,7.423841059602649,0.162987012987013,0.4675324675324675,0,48285.39473684211,5.873376623376624,224.0909090909091,0.0
20220406,23,-0.97,8.67692307692308,79.07692307692308,7.509933774834437,0.11233766233766236,0.551948051948052,0,48360.46052631579,5.997402597402598,223.1818181818182,0.0
20220407,00,-1.0,8.530128205128209,79.76923076923077,7.443708609271523,0.09870129870129868,0.5064935064935064,0,47690.0,6.040909090909093,224.35064935064935,0.0
20220407,01,-0.97,8.33397435897435,80.6474358974359,7.218543046357616,0.09610389610389608,0.4935064935064935,0,47140.26315789474,6.119480519480519,221.23376623376623,0.0
20220407,02,-0.87,8.18397435897436,81.3974358974359,7.139072847682119,0.13766233766233768,0.551948051948052,0,47164.60526315789,6.1980519480519485,219.80519480519482,0.0
20220407,03,-0.71,8.106410256410259,82.1025641025641,7.258278145695364,0.15259740259740256,0.5844155844155844,0.0,45804.27631578947,6.261688311688314,217.53246753246754,0.0
20220407,04,-0.5,8.05961538461538,81.96794871794872,7.467105263157895,0.1253246753246753,0.6168831168831169,0.0,48181.37254901961,6.53051948051948,217.72727272727272,0.0
20220407,05,-0.26,8.021794871794874,82.07692307692308,7.526315789473684,0.09285714285714282,0.5974025974025974,0.06578947368421052,48413.006535947716,6.848701298701298,213.7012987012987,46.75
20220407,06,-0.0,8.31602564102564,80.81410256410257,7.578947368421052,0.15909090909090912,0.6233766233766234,4.4605263157894735,49890.65359477124,7.22727272727273,213.7012987012987,1384.25
20220407,07,0.26,8.787898089171973,78.71337579617834,7.313725490196078,0.22709677419354848,0.6903225806451613,8.644736842105264,47200.0,7.858709677419357,212.32258064516128,5132.75
20220407,08,0.5,9.314649681528666,76.4267515923567,7.189542483660131,0.4116129032258065,0.6451612903225806,12.276315789473685,47299.09090909091,8.552258064516128,212.90322580645162,9326.75
20220407,09,0.71,9.772611464968152,74.45859872611464,7.163398692810458,0.4748387096774192,0.6129032258064516,12.625,45002.792207792205,9.128387096774198,214.1290322580645,12343.25
20220407,10,0.87,10.08216560509554,73.60509554140127,7.398692810457517,0.5883116883116882,0.6623376623376623,11.210526315789474,42598.181818181816,9.484516129032256,217.5483870967742,13746.25
20220407,11,0.97,10.242675159235672,73.80891719745223,7.477124183006536,0.5545454545454545,0.7857142857142857,8.657894736842104,42445.90909090909,9.811612903225804,220.38709677419354,13880.0
20220407,12,1.0,10.37006369426751,73.07643312101911,7.254901960784314,0.6766233766233766,0.7987012987012987,8.105263157894736,42990.194805194806,9.908387096774193,223.48387096774192,13315.0
20220407,13,0.97,10.127388535031855,73.6687898089172,7.078431372549019,0.7640522875816993,0.8300653594771242,7.730263157894737,45440.64935064935,10.045161290322584,229.8709677419355,11644.25
20220407,14,0.87,10.062420382165605,72.31210191082802,6.96078431372549,0.8398692810457514,0.8235294117647058,11.447368421052632,48194.805194805194,10.085806451612905,234.83870967741936,10540.25
20220407,15,0.71,9.850955414012734,71.07006369426752,6.69281045751634,0.7606451612903226,0.7419354838709677,14.736842105263158,48552.46753246753,9.999354838709682,239.74193548387098,9099.0
20220407,16,0.5,9.553503184713378,70.62420382165605,6.496732026143791,0.5716129032258064,0.6645161290322581,17.05298013245033,51500.71428571428,9.67677419354838,244.58064516129033,6848.0
20220407,17,0.26,8.971974522292989,70.35031847133757,5.954248366013072,0.5509677419354839,0.6193548387096774,19.132450331125828,48622.53246753247,9.509032258064517,246.51612903225808,3397.5
20220407,18,0.0,8.281528662420385,71.80891719745223,6.0588235294117645,0.5045161290322583,0.6064516129032258,10.986754966887418,50943.246753246756,9.094838709677415,247.74193548387098,664.5
20220407,19,-0.26,7.819745222929941,72.22929936305732,6.045751633986928,0.46064516129032274,0.567741935483871,0.059602649006622516,51272.792207792205,8.801935483870967,247.93548387096774,3.75
20220407,20,-0.5,7.300636942675159,73.64331210191082,6.243421052631579,0.35225806451612923,0.6580645161290323,0.0,48690.0,8.823870967741934,249.8709677419355,0.0
20220407,21,-0.71,6.8872611464968125,74.55414012738854,6.118421052631579,0.3012903225806452,0.6645161290322581,0,47670.91503267974,8.809677419354834,252.4516129032258,0.0
20220407,22,-0.87,6.629299363057324,74.51592356687898,6.8355263157894735,0.30064516129032265,0.6129032258064516,0,47002.61437908497,8.814838709677415,255.3548387096774,0.0
20220407,23,-0.97,6.35668789808917,74.68789808917198,7.211920529801325,0.2838709677419356,0.5935483870967742,0,44689.34640522876,8.808387096774188,259.35483870967744,0.0
20220408,00,-1.0,6.119745222929935,74.56687898089172,7.357615894039735,0.21870967741935488,0.6129032258064516,0,44655.62091503268,8.811612903225807,258.19354838709677,0.0
20220408,01,-0.97,5.811464968152867,75.22929936305732,7.4868421052631575,0.20714285714285713,0.577922077922078,0,42926.92810457516,8.728387096774192,260.4516129032258,0.0
20220408,02,-0.87,5.578343949044588,75.09554140127389,7.2631578947368425,0.15844155844155844,0.5584415584415584,0,44895.359477124184,8.485161290322583,262.1290322580645,0.0
20220408,03,-0.71,5.257324840764331,75.85350318471338,7.243421052631579,0.15935483870967745,0.5290322580645161,0.0,43594.640522875816,8.07483870967742,263.16129032258067,0.0
20220408,04,-0.5,4.95923566878981,76.6624203821656,7.496732026143791,0.12838709677419355,0.535483870967742,0.0,44137.66233766234,7.570967741935485,261.61290322580646,0.0
20220408,05,-0.26,4.694904458598725,77.59872611464968,7.281045751633987,0.1290322580645161,0.5225806451612903,0.019867549668874173,42794.155844155845,7.133548387096768,260.7096774193548,48.75
20220408,06,-0.0,4.6700636942675136,77.9171974522293,6.921568627450981,0.1309677419354839,0.5225806451612903,4.456953642384106,42461.103896103894,6.678709677419354,258.51612903225805,1432.75
20220408,07,0.26,5.11783439490446,76.71337579617834,6.470588235294118,0.1174193548387097,0.4774193548387097,14.907284768211921,42559.67532467532,6.423870967741939,251.48387096774192,5136.75
20220408,08,0.5,5.545859872611464,75.11464968152866,6.673202614379085,0.15290322580645158,0.43870967741935485,17.496688741721854,41282.207792207795,6.475483870967741,250.0,9651.0
20220408,09,0.71,6.0057324840764315,72.7515923566879,6.9411764705882355,0.137012987012987,0.512987012987013,17.033112582781456,41832.207792207795,6.521935483870971,247.61290322580646,13188.25
20220408,10,0.87,6.352229299363056,71.38216560509554,6.764705882352941,0.25935483870967735,0.5935483870967742,15.086092715231787,38920.97402597403,6.258064516129035,243.9102564102564,14653.25
20220408,11,0.97,6.540127388535032,71.00636942675159,6.790849673202614,0.3793548387096774,0.5806451612903226,13.496688741721854,37773.7012987013,5.977564102564107,233.84615384615384,13760.25
20220408,12,1.0,6.622929936305735,71.29936305732484,6.882352941176471,0.5574193548387096,0.6451612903225806,11.158940397350994,35464.87012987013,5.707692307692304,230.7051282051282,12688.5
20220408,13,0.97,6.6878980891719735,71.79617834394904,6.915032679738562,0.715483870967742,0.632258064516129,10.427631578947368,37929.09090909091,5.63974358974359,224.80769230769232,11388.0
20220408,14,0.87,6.577070063694266,72.19108280254777,7.183006535947713,0.78,0.6064516129032258,9.828947368421053,36493.37662337662,5.603205128205128,217.82051282051282,9359.5
20220408,15,0.71,6.426751592356694,73.09554140127389,7.163398692810458,0.6754838709677418,0.6129032258064516,8.407894736842104,39182.53246753247,5.467307692307691,216.15384615384616,7049.0
20220408,16,0.5,6.211464968152864,75.0,7.183006535947713,0.5232258064516131,0.6,7.907894736842105,39400.844155844155,5.275641025641027,218.33333333333334,4947.25
20220408,17,0.26,5.826751592356685,76.6687898089172,7.372549019607843,0.567741935483871,0.5741935483870968,7.328947368421052,42413.31168831169,5.125641025641024,216.21794871794873,2643.75
20220408,18,0.0,5.192356687898093,79.43312101910828,7.287581699346405,0.5393548387096776,0.567741935483871,3.5921052631578947,41952.98701298701,4.7762820512820525,221.15384615384616,601.25
20220408,19,-0.26,4.624840764331211,81.50955414012739,7.019607843137255,0.4348387096774195,0.5032258064516129,0.0,43440.90909090909,4.37051282051282,228.97435897435898,3.5
20220408,20,-0.5,4.192993630573249,83.56050955414013,6.827814569536423,0.5122580645161292,0.5612903225806452,0.0,41108.95424836601,4.177564102564103,221.7948717948718,0.0
20220408,21,-0.71,3.855414012738854,85.02547770700637,6.796052631578948,0.4819354838709676,0.5032258064516129,0,41221.04575163399,3.919230769230767,220.89743589743588,0.0
20220408,22,-0.87,3.5095541401273884,86.21019108280255,6.578947368421052,0.56,0.44516129032258067,0,39001.50326797386,4.022435897435897,234.23076923076923,0.0
20220408,23,-0.97,3.171974522292993,86.90445859872611,6.269736842105263,0.54,0.4129032258064516,0,36372.48366013072,4.2801282051282055,258.71794871794873,0.0
20220409,00,-1.0,2.8656050955414005,86.95541401273886,6.328947368421052,0.45032258064516134,0.43870967741935485,0,33317.124183006534,4.476282051282053,269.7435897435897,0.0
20220409,01,-0.97,2.6280254777070065,87.36305732484077,6.243421052631579,0.2632258064516129,0.41935483870967744,0,31529.281045751635,4.801923076923077,275.5769230769231,0.0
20220409,02,-0.87,2.317197452229299,87.4140127388535,6.098684210526316,0.244516129032258,0.4258064516129032,0,30585.555555555555,5.074358974358971,282.05128205128204,0.0
20220409,03,-0.71,2.0828025477707017,87.07006369426752,5.934210526315789,0.10580645161290321,0.44516129032258067,0.0,31089.08496732026,5.199358974358975,281.4102564102564,0.0
20220409,04,-0.5,1.9210191082802546,87.39490445859873,5.869281045751634,0.07677419354838708,0.45161290322580644,0.0,30415.974025974025,5.1910256410256395,276.6666666666667,0.0
20220409,05,-0.26,1.9108280254777077,87.46496815286625,5.764705882352941,0.0593548387096774,0.432258064516129,0.06578947368421052,29509.61038961039,5.2237179487179475,271.85897435897436,64.25
20220409,06,-0.0,2.2235668789808893,86.22929936305732,5.712418300653595,0.06322580645161288,0.44516129032258067,10.861842105263158,28844.155844155845,5.381410256410259,266.21794871794873,1408.5
20220409,07,0.26,2.8770700636942665,83.45222929936305,5.96078431372549,0.053896103896103886,0.44155844155844154,18.480263157894736,31310.38961038961,5.707051282051283,267.2435897435897,5158.75
20220409,08,0.5,3.628662420382166,79.55414012738854,6.26797385620915,0.057792207792207784,0.5,19.611842105263158,33572.207792207795,6.211538461538462,266.53846153846155,9800.75
20220409,09,0.71,4.307006369426753,75.61783439490446,6.57516339869281,0.062337662337662324,0.5844155844155844,19.05921052631579,37928.31168831169,6.6000000000000005,269.03846153846155,13710.75
20220409,10,0.87,4.866242038216561,72.62420382165605,6.392156862745098,0.11096774193548387,0.6451612903225806,22.263157894736842,40445.12987012987,6.765384615384613,273.3333333333333,17510.25
20220409,11,0.97,5.4547770700636935,69.31210191082802,6.032679738562091,0.1201298701298701,0.6558441558441559,28.25657894736842,42396.818181818184,7.055769230769233,274.61538461538464,20878.75
20220409,12,1.0,5.796815286624205,67.19745222929936,5.915032679738562,0.1441558441558442,0.6428571428571429,30.782894736842106,46115.51948051948,7.232692307692305,277.05128205128204,22589.75
20220409,13,0.97,6.1363057324840735,65.36942675159236,5.660130718954249,0.20324675324675323,0.6558441558441559,34.36842105263158,48397.72727272727,7.247435897435897,279.6794871794872,22755.75
20220409,14,0.87,5.953503184713376,66.10191082802548,5.509803921568627,0.18311688311688323,0.6753246753246753,32.64473684210526,48846.55844155844,7.223076923076924,279.1025641025641,20573.5
20220409,15,0.71,6.073248407643313,64.56687898089172,5.3202614379084965,0.14025974025974025,0.6103896103896104,34.18421052631579,51957.857142857145,7.028205128205125,278.65384615384613,16587.25
20220409,16,0.5,5.7356687898089165,65.8407643312102,5.490196078431373,0.10974025974025971,0.5194805194805194,32.078947368421055,52039.61038961039,6.821153846153847,279.1666666666667,10959.75
20220409,17,0.26,5.032484076433123,68.3312101910828,5.287581699346405,0.1512987012987013,0.512987012987013,28.92105263157895,52186.818181818184,6.325641025641024,280.5128205128205,5268.75
20220409,18,0.0,4.1949044585987245,72.53503184713375,4.967320261437909,0.05612903225806452,0.432258064516129,18.611842105263158,51898.63636363636,5.487820512820512,278.20512820512823,1091.25
20220409,19,-0.26,3.3554140127388523,77.36305732484077,4.758169934640523,0.06387096774193549,0.38064516129032255,0.06578947368421052,51369.93506493507,4.799358974358974,271.28205128205127,10.5
20220409,20,-0.5,2.823566878980892,80.04458598726114,4.046052631578948,0.0335483870967742,0.3032258064516129,0.0,49366.143790849674,4.498076923076924,268.52564102564105,0.0
20220409,21,-0.71,2.5184713375796157,81.37579617834395,3.9671052631578947,0.00967741935483871,0.2838709677419355,0,47598.95424836601,4.3999999999999995,256.21794871794873,0.0
20220409,22,-0.87,2.2267515923566883,82.64968152866243,3.9342105263157894,0.013548387096774191,0.2,0,46776.60130718954,4.407051282051281,253.52564102564102,0.0
20220409,23,-0.97,1.992356687898089,83.80891719745223,4.157894736842105,0.01806451612903226,0.23225806451612904,0,44738.49673202614,4.45,258.65384615384613,0.0
20220410,00,-1.0,1.743949044585986,84.54140127388536,4.052631578947368,0.026451612903225803,0.22580645161290322,0,41603.529411764706,4.3544871794871804,252.69230769230768,0.0
20220410,01,-0.97,1.5343949044585983,85.43949044585987,4.217105263157895,0.02129032258064516,0.18064516129032257,0,39723.464052287585,4.403205128205125,252.5,0.0
20220410,02,-0.87,1.3770700636942672,85.70700636942675,4.315789473684211,0.012258064516129031,0.2,0,38585.9477124183,4.458974358974358,255.44871794871796,0.0
20220410,03,-0.71,1.2458598726114647,86.29936305732484,4.671052631578948,0.02193548387096774,0.25161290322580643,0.0,34715.424836601305,4.43397435897436,255.06410256410257,0.0
20220410,04,-0.5,1.1853503184713376,86.29299363057325,5.071895424836601,0.029032258064516123,0.2645161290322581,0.0,34307.5974025974,4.360256410256407,257.37179487179486,0.0
20220410,05,-0.26,1.1203821656050956,86.5031847133758,5.169934640522876,0.021290322580645164,0.2709677419354839,0.006622516556291391,32075.064935064936,4.328846153846155,257.37179487179486,83.0
20220410,06,-0.0,1.6656050955414023,84.59235668789809,5.745098039215686,0.021935483870967745,0.2967741935483871,12.099337748344372,33177.4025974026,4.341025641025641,254.87179487179486,2093.0
20220410,07,0.26,2.564331210191083,80.87898089171975,5.627450980392157,0.018064516129032256,0.3225806451612903,21.655629139072847,35832.4025974026,4.710897435897433,257.43589743589746,7203.0
20220410,08,0.5,3.5547770700636936,75.55414012738854,5.928104575163399,0.01870967741935484,0.3032258064516129,23.635761589403973,39441.103896103894,5.265384615384615,266.53846153846155,13114.5
20220410,09,0.71,4.399363057324842,70.40127388535032,6.006535947712418,0.02709677419354839,0.4,26.04635761589404,42175.25974025974,5.600641025641029,270.06410256410254,17563.5
20220410,10,0.87,5.012101910828026,66.54777070063695,6.228758169934641,0.04838709677419353,0.5806451612903226,25.05298013245033,42827.46753246753,5.849677419354837,272.5,19955.0
20220410,11,0.97,5.492993630573245,64.98089171974522,6.183006535947713,0.05935483870967739,0.6838709677419355,26.735099337748345,44381.55844155844,5.971612903225803,276.19354838709677,21565.75
20220410,12,1.0,5.960509554140129,62.75796178343949,6.150326797385621,0.06623376623376621,0.6363636363636364,29.039735099337747,47470.32467532468,5.941290322580646,273.93548387096774,22579.0
20220410,13,0.97,6.417834394904458,61.203821656050955,5.9411764705882355,0.07806451612903226,0.6580645161290323,29.834437086092716,50536.94805194805,5.930967741935481,278.0,22347.0
20220410,14,0.87,6.60955414012739,60.87261146496815,6.084967320261438,0.02838709677419355,0.5483870967741935,31.52980132450331,51549.48051948052,5.833548387096773,282.96774193548384,19960.25
20220410,15,0.71,6.683439490445858,60.37579617834395,5.764705882352941,0.053896103896103886,0.5974025974025974,30.503311258278146,53735.71428571428,5.549677419354838,283.93548387096774,16564.75
20220410,16,0.5,6.4726114649681525,61.36942675159236,5.437908496732026,0.05225806451612903,0.47096774193548385,30.90066225165563,54962.5974025974,5.230967741935481,275.2258064516129,11433.0
20220410,17,0.26,6.095541401273886,63.48407643312102,5.352941176470588,0.043870967741935496,0.3741935483870968,27.66887417218543,55055.25974025974,4.551612903225808,279.6774193548387,5488.25
20220410,18,0.0,5.084076433121018,68.4968152866242,5.117647058823529,0.03612903225806451,0.2645161290322581,20.85430463576159,56491.03896103896,3.723225806451613,259.93548387096774,1161.5
20220410,19,-0.26,3.947133757961783,73.93630573248407,4.9411764705882355,0.04838709677419355,0.1935483870967742,0.06622516556291391,53499.61038961039,3.1025806451612907,242.83870967741936,8.0
20220410,20,-0.5,3.225477707006369,77.2484076433121,4.743421052631579,0.034193548387096775,0.12903225806451613,0.0,51260.98039215686,2.9509677419354836,221.41935483870967,0.0
20220410,21,-0.71,2.568152866242037,79.96815286624204,5.269736842105263,0.02903225806451613,0.12258064516129032,0,49685.294117647056,2.851612903225806,211.48387096774192,0.0
20220410,22,-0.87,2.1127388535031844,81.80254777070064,5.782894736842105,0.01032258064516129,0.09032258064516129,0,48124.575163398695,2.781290322580645,202.70967741935485,0.0
20220410,23,-0.97,1.722929936305733,83.47770700636943,5.927631578947368,0.008387096774193548,0.1032258064516129,0,46684.313725490196,2.7012903225806464,200.90322580645162,0.0
20220411,00,-1.0,1.316560509554141,84.70063694267516,5.940789473684211,0.01032258064516129,0.07096774193548387,0,43716.27450980392,2.6187096774193557,197.3548387096774,0.0
20220411,01,-0.97,0.9114649681528662,85.7452229299363,5.690789473684211,0.004516129032258064,0.05161290322580645,0,42709.86928104575,2.6141935483870973,190.4516129032258,0.0
20220411,02,-0.87,0.7286624203821658,86.10191082802548,5.618421052631579,0.0,0.06451612903225806,0,41381.83006535948,2.5329032258064523,192.1290322580645,0.0
20220411,03,-0.71,0.5324840764331212,86.36942675159236,5.6644736842105265,0.011612903225806452,0.05806451612903226,0.0,41120.2614379085,2.521290322580646,186.32258064516128,0.0
20220411,04,-0.5,0.3063694267515923,86.80254777070064,5.61437908496732,0.0,0.03870967741935484,0.0,39062.5974025974,2.427741935483871,182.0,0.0
20220411,05,-0.26,0.20318471337579613,87.11464968152866,5.660130718954249,0.003870967741935484,0.012903225806451613,2.1390728476821192,39168.7012987013,2.4006451612903215,173.09677419354838,154.75
20220411,06,-0.0,1.3961783439490452,82.8407643312102,5.4183006535947715,0.0,0.03870967741935484,30.403973509933774,40878.44155844156,2.4096774193548396,178.7741935483871,3138.75
20220411,07,0.26,3.5668789808917225,75.26751592356688,5.450980392156863,0.0032258064516129032,0.03870967741935484,49.54304635761589,46727.207792207795,2.5974193548387094,177.09677419354838,10366.5
20220411,08,0.5,5.740127388535029,66.36305732484077,4.967532467532467,0.0032258064516129032,0.012903225806451613,53.728476821192054,52337.27272727273,3.012258064516127,184.70967741935485,19167.25
20220411,09,0.71,7.439490445859873,58.40764331210191,5.032467532467533,0.0025806451612903226,0.03225806451612903,53.75496688741722,54431.88311688312,3.417307692307691,193.14102564102564,26538.0
20220411,10,0.87,8.650955414012738,51.5796178343949,4.681818181818182,0.0,0.0064516129032258064,53.35761589403973,57950.194805194806,3.644871794871797,198.01282051282053,31229.75
20220411,11,0.97,9.52675159235669,47.92993630573248,4.337662337662338,0.0,0.012903225806451613,52.854304635761586,57821.23376623377,3.6814102564102567,191.4102564102564,33509.25
20220411,12,1.0,10.36687898089172,45.33757961783439,4.467532467532467,0.0,0.0064516129032258064,52.69736842105263,59369.155844155845,3.647435897435897,188.5897435897436,33711.0
20220411,13,0.97,11.064331210191089,43.72611464968153,4.35064935064935,0.0,0.0064516129032258064,54.36842105263158,59425.844155844155,3.532692307692307,191.15384615384616,32592.75
20220411,14,0.87,11.624840764331209,42.210191082802545,4.532467532467533,0.0,0.0,55.94736842105263,60502.46753246753,3.425,186.73076923076923,29167.75
20220411,15,0.71,11.872611464968152,41.77707006369427,5.246753246753247,0.0,0.0,56.94078947368421,61038.57142857143,3.2615384615384615,187.24358974358975,23392.0
20220411,16,0.5,11.844585987261144,42.0828025477707,5.428571428571429,0.0,0.0,58.26315789473684,61692.01298701299,3.159615384615383,175.3846153846154,15598.75
20220411,17,0.26,11.16496815286624,45.12101910828026,5.837662337662338,0.0,0.0,58.14473684210526,62197.27272727273,3.0147435897435884,172.17948717948718,6917.75
20220411,18,0.0,9.329936305732488,52.84076433121019,6.409090909090909,0.0,0.0,31.710526315789473,61324.155844155845,2.7410256410256397,150.06410256410257,1339.5
20220411,19,-0.26,7.55031847133758,59.9171974522293,6.8311688311688314,0.0,0.0,0.09210526315789473,57839.09090909091,2.505128205128205,109.23076923076923,10.25
20220411,20,-0.5,6.438216560509554,64.38853503184713,6.588235294117647,0.0,0.0,0.0,55995.490196078434,2.492948717948718,108.33333333333333,0.0
20220411,21,-0.71,5.647133757961782,67.4267515923567,6.496732026143791,0.0,0.0,0,54740.84967320262,2.4891025641025646,118.46153846153847,0.0
20220411,22,-0.87,4.9503184713375825,70.07643312101911,6.30718954248366,0.0,0.0,0,52785.228758169935,2.4717948717948732,122.75641025641026,0.0
20220411,23,-0.97,4.433757961783439,71.77070063694268,6.509803921568627,0.0,0.0,0,51456.60130718954,2.528205128205129,128.26923076923077,0.0
20220412,00,-1.0,3.936305732484075,73.62420382165605,6.38562091503268,0.0,0.0,0,49902.74509803922,2.4467948717948724,130.0,0.0
20220412,01,-0.97,3.553503184713376,74.90445859872611,6.522875816993464,0.0,0.0,0,50308.62745098039,2.441666666666666,129.87179487179486,0.0
20220412,02,-0.87,3.3471337579617826,75.38216560509554,6.477124183006536,0.0,0.0,0,49111.63398692811,2.4243589743589737,122.3076923076923,0.0
20220412,03,-0.71,3.1687898089171966,75.89171974522293,6.699346405228758,0.0,0.0,0.0,48842.67973856209,2.4685897435897437,133.9102564102564,0.0
20220412,04,-0.5,2.987261146496814,76.37579617834395,6.6688311688311686,0.0,0.0,0.0,48366.168831168834,2.4891025641025655,125.25641025641026,0.0
20220412,05,-0.26,3.0490445859872612,76.07643312101911,6.577922077922078,0.0,0.0,3.5065789473684212,47830.64935064935,2.5339743589743606,127.17948717948718,183.0
20220412,06,-0.0,4.55859872611465,71.0828025477707,6.5816993464052285,0.0,0.0,32.23684210526316,48222.66233766234,2.64551282051282,119.93589743589743,3481.25
20220412,07,0.26,7.0564102564102535,63.717948717948715,6.973856209150327,0.0,0.0,49.00657894736842,51089.80392156863,2.878709677419356,126.12903225806451,10368.25
20220412,08,0.5,9.490384615384617,55.53846153846154,6.836601307189542,0.0,0.0,51.58552631578947,53680.19607843137,3.3767741935483855,130.58064516129033,18413.0
20220412,09,0.71,11.61089743589743,49.51282051282051,6.823529411764706,0.0,0.0,55.828947368421055,54581.37254901961,3.8703225806451633,124.58064516129032,25153.0
20220412,10,0.87,13.33032258064516,45.251612903225805,6.66887417218543,0.0,0.0,57.4635761589404,54839.47712418301,4.371428571428573,130.19354838709677,30016.75
20220412,11,0.97,14.699999999999996,42.3974358974359,6.559210526315789,0.0,0.0,59.033112582781456,54869.41176470588,4.674838709677418,130.7741935483871,32943.5
20220412,12,1.0,15.873076923076932,39.916666666666664,6.467105263157895,0.0,0.0,58.271523178807946,56217.64705882353,4.787741935483869,130.19354838709677,33407.25
20220412,13,0.97,16.717307692307685,38.044871794871796,6.440789473684211,0.0,0.0,58.35761589403973,56629.01315789474,4.823225806451613,128.06451612903226,31023.75
20220412,14,0.87,17.191666666666666,37.42948717948718,6.38562091503268,0.0,0.0,56.033112582781456,55914.771241830065,4.835483870967743,129.09677419354838,26588.75
20220412,15,0.71,17.262820512820515,37.59615384615385,6.823529411764706,0.0,0.0,51.682119205298015,57566.818181818184,4.781290322580646,126.12903225806451,20113.75
20220412,16,0.5,16.931847133757973,38.847133757961785,7.103896103896104,0.0,0.0,43.51315789473684,57311.88311688312,4.719871794871795,124.23076923076923,12585.0
20220412,17,0.26,16.029936305732488,41.57324840764331,7.285714285714286,0.0,0.0,30.894736842105264,58371.103896103894,4.489102564102563,121.85897435897436,5653.25
20220412,18,0.0,14.39617834394904,46.29299363057325,7.5,0.0,0.0,6.375,58508.181818181816,3.925000000000002,115.1923076923077,1237.5
20220412,19,-0.26,12.979617834394908,50.382165605095544,7.616883116883117,0.0,0.0,0.0,56184.09090909091,3.619230769230768,117.43589743589743,11.5
20220412,20,-0.5,12.091082802547769,53.031847133757964,7.562091503267974,0.0,0.0,0.0,55799.67320261438,3.420512820512821,119.35897435897436,0.0
20220412,21,-0.71,11.273885350318476,55.57324840764331,7.34640522875817,0.0,0.0,0,54534.705882352944,3.396153846153845,123.46153846153847,0.0
20220412,22,-0.87,10.628025477706997,57.560509554140125,7.366013071895424,0.0,0.0,0,53949.86928104575,3.203205128205128,128.14102564102564,0.0
20220412,23,-0.97,9.908280254777072,59.98089171974522,7.30718954248366,0.0,0.0,0,52921.8954248366,3.044230769230771,128.14102564102564,0.0
20220413,00,-1.0,9.37070063694267,62.07643312101911,7.372549019607843,0.0,0.0,0,52460.84967320262,2.9737179487179484,130.06410256410257,0.0
20220413,01,-0.97,8.887898089171976,63.80891719745223,7.281045751633987,0.0,0.0,0,51723.006535947716,2.8358974358974356,135.96153846153845,0.0
20220413,02,-0.87,8.460509554140133,65.2547770700637,7.529411764705882,0.0,0.0,0,50522.02614379085,2.6999999999999997,149.87179487179486,0.0
20220413,03,-0.71,7.959872611464967,67.35031847133757,7.34640522875817,0.0,0.0,0.0,49560.19607843137,2.6070512820512826,149.10256410256412,0.0
20220413,04,-0.5,7.542675159235671,68.89808917197452,7.402597402597403,0.0,0.0,0.0,47818.7012987013,2.4769230769230783,146.53846153846155,0.0
20220413,05,-0.26,7.21528662420382,70.22929936305732,7.064935064935065,0.0,0.0,0.625,46348.31168831169,2.3955128205128218,150.83333333333334,178.25
20220413,06,-0.0,8.278343949044585,68.19108280254777,6.2272727272727275,0.0,0.0,12.177631578947368,44948.11688311688,2.368589743589743,147.82051282051282,3080.5
20220413,07,0.26,10.596178343949049,61.71337579617835,6.2272727272727275,0.0,0.0064516129032258064,37.2828947368421,44625.71428571428,2.3769230769230765,150.32051282051282,9247.75
20220413,08,0.5,12.843312101910831,54.8343949044586,6.123376623376624,0.0,0.0064516129032258064,50.67763157894737,45619.93506493507,2.5262820512820507,154.2948717948718,16713.5
20220413,09,0.71,14.824999999999996,50.506410256410255,5.830065359477124,0.0,0.025806451612903226,53.40397350993378,46031.36363636364,2.624999999999999,164.03846153846155,23313.25
20220413,10,0.87,16.457692307692312,47.62179487179487,5.516339869281046,0.0,0.01935483870967742,56.324503311258276,45044.155844155845,2.7225806451612886,170.4516129032258,27570.0
20220413,11,0.97,17.798076923076927,45.21153846153846,5.697368421052632,0.0,0.01935483870967742,56.50666666666667,45765.751633986925,2.83225806451613,169.48387096774192,29577.75
20220413,12,1.0,18.77499999999999,43.6474358974359,5.796052631578948,0.0,0.0,55.4,45263.37662337662,2.958064516129032,173.8709677419355,29705.25
20220413,13,0.97,19.43910256410257,42.76282051282051,6.03921568627451,0.0,0.0064516129032258064,52.7682119205298,45970.844155844155,3.0154838709677416,168.25806451612902,27519.75
20220413,14,0.87,19.684615384615384,42.955128205128204,6.594771241830065,0.0,0.025806451612903226,45.80794701986755,44196.2987012987,3.042580645161289,175.41935483870967,23202.0
20220413,15,0.71,19.655414012738856,43.617834394904456,6.915032679738562,0.0,0.03225806451612903,39.503311258278146,44712.92207792208,3.08,177.03225806451613,17562.0
20220413,16,0.5,19.12484076433122,46.22929936305732,7.084415584415584,0.0,0.04516129032258064,30.960264900662253,45471.03896103896,3.088387096774192,179.2258064516129,11166.25
20220413,17,0.26,18.07707006369426,50.382165605095544,7.090909090909091,0.0006451612903225806,0.07741935483870968,19.56953642384106,44568.896103896106,2.9277419354838714,170.38709677419354,5168.75
20220413,18,0.0,16.596178343949052,54.605095541401276,7.1688311688311686,0.0,0.10967741935483871,5.562913907284768,44663.11688311688,2.5348387096774183,176.25806451612902,1185.5
20220413,19,-0.26,14.833757961783437,61.29936305732484,7.402597402597403,0.005161290322580645,0.0967741935483871,0.0,41052.27272727273,2.31741935483871,182.96774193548387,10.0
20220413,20,-0.5,13.62229299363057,66.39490445859873,7.333333333333333,0.016129032258064516,0.1032258064516129,0.0,39995.294117647056,2.303225806451612,196.70967741935485,0.0
20220413,21,-0.71,12.715923566878987,69.76433121019109,7.30718954248366,0.04193548387096774,0.12903225806451613,0,38449.01960784314,2.210967741935483,197.29032258064515,0.0
20220413,22,-0.87,11.878846153846153,73.68589743589743,7.217105263157895,0.05032258064516128,0.15483870967741936,0,35171.38157894737,2.1851612903225806,210.70967741935485,0.0
20220413,23,-0.97,11.258974358974356,76.39102564102564,7.065789473684211,0.0896103896103896,0.14285714285714285,0,33851.97368421053,2.185714285714286,222.85714285714286,0.0
20220414,00,-1.0,10.782051282051277,78.87179487179488,7.0394736842105265,0.07597402597402596,0.16233766233766234,0,31669.276315789473,2.3558441558441556,220.06493506493507,0.0
20220414,01,-0.97,10.270512820512815,81.83333333333333,6.8355263157894735,0.05584415584415584,0.14285714285714285,0,29476.71052631579,2.4097402597402606,229.2207792207792,0.0
20220414,02,-0.87,9.85128205128205,83.76923076923077,6.934210526315789,0.051298701298701295,0.16883116883116883,0,27288.42105263158,2.4376623376623376,228.5064935064935,0.0
20220414,03,-0.71,9.409615384615382,86.28205128205128,6.967105263157895,0.06688311688311689,0.15584415584415584,0.0,25148.88157894737,2.4032467532467545,230.97402597402598,0.0
20220414,04,-0.5,9.197435897435895,87.48717948717949,6.777777777777778,0.06623376623376624,0.14285714285714285,0.0,23327.581699346407,2.3448051948051956,231.23376623376623,0.0
20220414,05,-0.26,9.05705128205128,88.53846153846153,6.686274509803922,0.0396103896103896,0.16883116883116883,0.5906040268456376,21143.202614379086,2.2584415584415587,219.02597402597402,180.75
20220414,06,-0.0,9.976923076923073,86.40384615384616,6.490196078431373,0.07467532467532467,0.18831168831168832,16.812080536912752,21508.823529411766,2.232467532467534,219.6103896103896,2640.5
20220414,07,0.26,11.425641025641031,82.00641025641026,6.281045751633987,0.09419354838709677,0.2129032258064516,25.76510067114094,23017.581699346407,2.307792207792209,228.5064935064935,7760.75
20220414,08,0.5,12.633974358974362,77.6474358974359,6.315789473684211,0.0832258064516129,0.18064516129032257,29.19463087248322,24188.486842105263,2.585714285714285,233.37662337662337,13957.5
20220414,09,0.71,13.773717948717954,73.80128205128206,6.1644736842105265,0.08709677419354837,0.1935483870967742,32.42953020134228,25873.223684210527,2.86103896103896,237.66233766233765,19644.25
20220414,10,0.87,14.655128205128204,70.33974358974359,6.1381578947368425,0.06064516129032258,0.14838709677419354,33.7248322147651,28562.763157894737,3.1902597402597404,242.07792207792207,23079.25
20220414,11,0.97,15.329936305732485,67.37579617834395,6.422077922077922,0.04967741935483871,0.12903225806451613,32.50666666666667,31731.103896103898,3.430128205128206,244.6153846153846,24490.75
20220414,12,1.0,15.76178343949044,65.56687898089172,6.376623376623376,0.039354838709677424,0.10967741935483871,30.43708609271523,34680.32467532468,3.606410256410255,252.56410256410257,23848.0
20220414,13,0.97,15.972611464968155,64.57961783439491,6.324675324675325,0.023870967741935485,0.15483870967741936,28.39072847682119,37742.98701298701,3.683974358974359,257.62820512820514,21962.25
20220414,14,0.87,16.030573248407652,64.02547770700637,6.324675324675325,0.07935483870967742,0.17419354838709677,27.509933774834437,39020.90909090909,3.757051282051282,261.4102564102564,18977.75
20220414,15,0.71,15.914012738853502,63.65605095541401,6.376623376623376,0.035483870967741936,0.14193548387096774,24.933774834437084,41465.97402597403,3.75,256.28205128205127,14603.5
20220414,16,0.5,15.420382165605092,65.57961783439491,6.512987012987013,0.06258064516129033,0.16774193548387098,22.410596026490065,41782.4025974026,3.73525641025641,268.3974358974359,9439.5
20220414,17,0.26,14.677070063694272,68.68152866242038,6.707792207792208,0.07290322580645162,0.14838709677419354,18.56291390728477,40960.58441558442,3.5256410256410255,263.5897435897436,4533.5
20220414,18,0.0,13.527388535031848,73.02547770700637,6.805194805194805,0.040645161290322585,0.13548387096774195,9.403973509933774,38738.37662337662,3.262179487179487,263.46153846153845,1056.5
20220414,19,-0.26,12.393630573248409,77.49044585987261,6.785714285714286,0.04322580645161289,0.24516129032258063,0.17880794701986755,35494.48051948052,2.9679487179487203,255.96153846153845,19.0
20220414,20,-0.5,11.562420382165602,80.89808917197452,6.431372549019608,0.10580645161290321,0.2129032258064516,0.0,33696.73202614379,2.746153846153846,257.6923076923077,0.0
20220414,21,-0.71,10.85987261146497,83.19745222929936,6.2745098039215685,0.049032258064516124,0.17419354838709677,0,31415.686274509804,2.684615384615384,250.19230769230768,0.0
20220414,22,-0.87,10.34968152866242,85.02547770700637,6.2026143790849675,0.04064516129032258,0.13548387096774195,0,29104.70588235294,2.678846153846153,239.16666666666666,0.0
20220414,23,-0.97,9.837579617834393,86.60509554140127,6.287581699346405,0.029677419354838714,0.12903225806451613,0,26752.614379084967,2.719230769230769,248.01282051282053,0.0
20220415,00,-1.0,9.346496815286624,88.4140127388535,6.026143790849673,0.02258064516129032,0.16774193548387098,0,24142.287581699347,2.6955128205128203,256.9871794871795,0.0
20220415,01,-0.97,8.94585987261147,90.07643312101911,6.0588235294117645,0.07677419354838709,0.15483870967741936,0,21543.725490196077,2.658333333333334,262.56410256410254,0.0
20220415,02,-0.87,8.531210191082799,91.00636942675159,6.313725490196078,0.05161290322580645,0.17419354838709677,0,19131.307189542484,2.6583333333333337,263.5897435897436,0.0
20220415,03,-0.71,8.200636942675164,91.64968152866243,6.490196078431373,0.054838709677419356,0.18064516129032257,0.0,17096.993464052288,2.732051282051282,258.52564102564105,0.0
20220415,04,-0.5,7.880254777070062,92.38216560509554,6.564935064935065,0.04838709677419354,0.2064516129032258,0.0,15292.077922077922,2.7858974358974344,267.6923076923077,0.0
20220415,05,-0.26,7.738216560509555,92.70063694267516,7.0,0.03741935483870967,0.25161290322580643,0.052980132450331126,13962.857142857143,2.853205128205128,261.6025641025641,148.75
20220415,06,-0.0,8.071337579617838,90.9171974522293,6.8441558441558445,0.01806451612903226,0.25161290322580643,7.529801324503311,15909.87012987013,3.0128205128205128,270.06410256410254,1870.75
20220415,07,0.26,8.790445859872614,87.55414012738854,6.8441558441558445,0.02387096774193548,0.25161290322580643,15.549668874172186,18502.85714285714,3.1955128205128216,267.11538461538464,5452.75
20220415,08,0.5,9.513375796178348,82.88535031847134,6.798701298701299,0.019354838709677424,0.22580645161290322,18.68211920529801,23655.974025974025,3.492948717948718,260.38461538461536,10251.5
20220415,09,0.71,10.14458598726114,78.72611464968153,6.811688311688312,0.009032258064516128,0.23225806451612904,20.072847682119207,28567.532467532466,3.6942307692307703,261.47435897435895,14647.25
20220415,10,0.87,10.696815286624195,74.95541401273886,6.863636363636363,0.009032258064516128,0.23870967741935484,18.966887417218544,32313.18181818182,3.8769230769230782,266.53846153846155,17457.25
20220415,11,0.97,11.118471337579615,72.47770700636943,6.8896103896103895,0.014193548387096775,0.16774193548387098,18.350993377483444,34871.23376623377,4.0493589743589755,270.3205128205128,18484.0
20220415,12,1.0,11.41656050955414,70.34394904458598,6.87012987012987,0.018709677419354837,0.16774193548387098,18.894039735099337,37450.77922077922,4.169871794871797,249.03846153846155,18974.0
20220415,13,0.97,11.61656050955414,69.06369426751593,6.9480519480519485,0.01096774193548387,0.16774193548387098,19.874172185430464,39108.31168831169,4.2621794871794885,231.92307692307693,18633.25
20220415,14,0.87,11.71847133757961,68.29299363057325,6.863636363636363,0.0167741935483871,0.17419354838709677,20.205298013245034,40219.805194805194,4.3442307692307685,235.83333333333334,16545.25
20220415,15,0.71,11.612738853503181,68.14649681528662,6.766233766233766,0.023225806451612905,0.16129032258064516,21.8476821192053,41589.35064935065,4.4730769230769205,235.32051282051282,13451.75
20220415,16,0.5,11.229299363057324,68.8343949044586,6.564935064935065,0.014193548387096775,0.14193548387096774,22.033112582781456,42356.168831168834,4.498076923076925,218.78205128205127,9226.25
20220415,17,0.26,10.619108280254778,70.67515923566879,6.2272727272727275,0.02129032258064516,0.12903225806451613,21.516556291390728,42796.103896103894,4.455128205128206,211.28205128205127,4569.0
20220415,18,0.0,9.724203821656051,73.42038216560509,5.863636363636363,0.02516129032258065,0.0967741935483871,19.887417218543046,42431.62337662338,4.2756410256410255,191.98717948717947,1031.5
20220415,19,-0.26,8.757324840764337,76.77707006369427,5.805194805194805,0.021290322580645164,0.09032258064516129,1.1589403973509933,40246.68831168831,4.060897435897439,151.66666666666666,17.0
20220415,20,-0.5,8.005095541401273,78.87898089171975,5.431372549019608,0.024516129032258065,0.12903225806451613,0.0,39741.50326797386,3.9955128205128196,113.14102564102564,0.0
20220415,21,-0.71,7.345222929936306,80.28025477707007,4.928104575163399,0.00967741935483871,0.11612903225806452,0,39215.032679738564,3.991666666666667,100.0,0.0
20220415,22,-0.87,6.69745222929936,81.77707006369427,4.751633986928105,0.005806451612903226,0.10967741935483871,0,38968.75816993464,3.806410256410256,99.61538461538461,0.0
20220415,23,-0.97,6.139490445859876,82.91082802547771,4.934640522875817,0.007741935483870969,0.07741935483870968,0,39943.13725490196,3.6083333333333294,90.51282051282051,0.0
20220416,00,-1.0,5.631210191082804,83.70063694267516,4.647058823529412,0.005161290322580645,0.07741935483870968,0,40166.535947712415,3.496794871794871,106.41025641025641,0.0
20220416,01,-0.97,5.10891719745223,84.70063694267516,4.823529411764706,0.005161290322580645,0.05161290322580645,0,39535.163398692814,3.3923076923076927,115.0,0.0
20220416,02,-0.87,4.662420382165607,85.28025477707007,4.777777777777778,0.001935483870967742,0.05806451612903226,0,38588.95424836601,3.3685897435897427,108.65384615384616,0.0
20220416,03,-0.71,4.25031847133758,86.03184713375796,4.816993464052287,0.0,0.04516129032258064,0.0,37690.32679738562,3.3788461538461547,115.8974358974359,0.0
20220416,04,-0.5,3.8566878980891697,86.46496815286625,4.792207792207792,0.0,0.06451612903225806,0.0,36365.71428571428,3.329487179487181,117.11538461538461,0.0
20220416,05,-0.26,3.6885350318471337,86.14012738853503,4.688311688311688,0.0,0.03870967741935484,3.986754966887417,36786.68831168831,3.2692307692307705,103.91025641025641,215.25
20220416,06,-0.0,4.463694267515926,82.44585987261146,4.461038961038961,0.0,0.01935483870967742,23.264900662251655,40534.61038961039,3.326282051282053,92.17948717948718,2596.0
20220416,07,0.26,5.429299363057322,77.11464968152866,4.597402597402597,0.0,0.03870967741935484,28.735099337748345,45227.01298701299,3.732051282051283,79.67948717948718,7682.5
20220416,08,0.5,6.328025477707008,70.87261146496816,4.435064935064935,0.0,0.05806451612903226,32.384105960264904,50030.64935064935,4.298076923076922,74.55128205128206,13873.5
20220416,09,0.71,7.296815286624205,64.26114649681529,4.2727272727272725,0.0,0.04516129032258064,36.72185430463576,53235.51948051948,4.602564102564102,72.24358974358974,20564.25
20220416,10,0.87,8.174522292993629,59.48407643312102,3.811688311688312,0.0,0.04516129032258064,42.2317880794702,55322.27272727273,4.6839743589743605,72.43589743589743,26288.75
20220416,11,0.97,9.08152866242038,54.64331210191083,3.3701298701298703,0.0,0.012903225806451613,46.370860927152314,56281.55844155844,4.680769230769229,79.93589743589743,30141.0
20220416,12,1.0,9.877707006369429,50.68789808917197,3.0194805194805197,0.011612903225806452,0.01935483870967742,50.384105960264904,59883.246753246756,4.6724358974358955,74.1025641025641,32267.0
20220416,13,0.97,10.542038216560512,47.05095541401274,2.74025974025974,0.003870967741935484,0.0064516129032258064,53.29139072847682,59516.168831168834,4.748076923076924,79.2948717948718,32190.0
20220416,14,0.87,10.959235668789805,44.45859872611465,2.051948051948052,0.0006451612903225806,0.0064516129032258064,54.688741721854306,59794.22077922078,4.745512820512823,83.65384615384616,29908.25
20220416,15,0.71,11.151592356687896,42.69426751592356,1.4935064935064934,0.0,0.0,56.973509933774835,61287.27272727273,4.7724358974359005,81.02564102564102,24858.75
20220416,16,0.5,10.982165605095544,41.78343949044586,1.9935064935064934,0.0012903225806451613,0.012903225806451613,57.311258278145694,62934.545454545456,4.653205128205127,77.82051282051282,17059.0
20220416,17,0.26,10.42420382165605,42.75796178343949,1.7532467532467533,0.001935483870967742,0.0064516129032258064,57.688741721854306,64150.454545454544,4.46025641025641,82.82051282051282,8107.75
20220416,18,0.0,9.034394904458598,47.560509554140125,1.8636363636363635,0.0,0.012903225806451613,52.29801324503311,65339.545454545456,3.8384615384615395,81.28205128205128,1844.0
20220416,19,-0.26,7.207006369426751,54.00636942675159,1.8376623376623376,0.0,0.0064516129032258064,5.682119205298013,62654.48051948052,3.0910256410256407,87.62820512820512,47.75
20220416,20,-0.5,5.996815286624201,58.853503184713375,1.5163398692810457,0.0,0.0,0.0,58043.26797385621,2.8583333333333325,91.7948717948718,0.0
20220416,21,-0.71,5.080891719745222,62.17834394904459,1.673202614379085,0.0,0.0,0,54530.84967320262,2.7788461538461555,105.83333333333333,0.0
20220416,22,-0.87,4.24076433121019,65.34394904458598,1.6601307189542485,0.0,0.0,0,53155.686274509804,2.697435897435897,106.34615384615384,0.0
20220416,23,-0.97,3.3789808917197437,68.86624203821655,1.7058823529411764,0.0,0.0,0,51132.48366013072,2.558974358974359,115.38461538461539,0.0
20220417,00,-1.0,2.6707006369426742,71.88535031847134,1.9411764705882353,0.0,0.0,0,49325.228758169935,2.4897435897435893,121.66666666666667,0.0
20220417,01,-0.97,1.9770700636942673,74.56050955414013,1.6405228758169934,0.0,0.0,0,47583.59477124183,2.4506410256410263,135.76923076923077,0.0
20220417,02,-0.87,1.4121019108280257,76.50955414012739,1.0849673202614378,0.0,0.0,0,46970.13071895425,2.3974358974358987,148.65384615384616,0.0
20220417,03,-0.71,0.9834394904458598,77.94267515923566,1.1633986928104576,0.0,0.0,0.0,46595.62091503268,2.3339743589743582,153.07692307692307,0.0
20220417,04,-0.5,0.6312101910828025,79.04458598726114,1.5649350649350648,0.0,0.0,0.0,45381.23376623377,2.3429487179487185,151.21794871794873,0.0
20220417,05,-0.26,0.6000000000000001,78.94267515923566,1.8311688311688312,0.0,0.0,4.198675496688741,45922.72727272727,2.2589743589743585,143.14102564102564,349.25
20220417,06,-0.0,2.760509554140128,71.36942675159236,2.292207792207792,0.0,0.0,49.06622516556291,47353.44155844156,2.23076923076923,140.19230769230768,4314.75
20220417,07,0.26,5.338853503184713,62.210191082802545,2.6623376623376624,0.0,0.0,55.72185430463576,51826.36363636364,2.4185897435897457,145.89743589743588,12297.0
20220417,08,0.5,7.442675159235669,53.89808917197452,3.2987012987012987,0.0,0.0,57.026490066225165,54032.27272727273,2.963461538461538,142.1153846153846,21051.0
20220417,09,0.71,9.029299363057325,47.29936305732484,3.564935064935065,0.0,0.0,58.264900662251655,56970.90909090909,3.4230769230769225,140.51282051282053,28094.0
20220417,10,0.87,10.156687898089176,43.681528662420384,3.8051948051948052,0.0,0.0,58.19867549668874,57954.67532467532,3.7057692307692296,120.76923076923077,33003.0
20220417,11,0.97,11.208917197452234,40.65605095541401,3.707792207792208,0.0,0.0064516129032258064,58.58940397350993,59136.2987012987,3.8064102564102567,118.14102564102564,35162.25
20220417,12,1.0,12.015286624203826,38.50955414012739,3.7337662337662336,0.0,0.0,58.47019867549669,59715.38961038961,3.9153846153846157,119.48717948717949,35309.75
20220417,13,0.97,12.675159235668787,36.67515923566879,3.220779220779221,0.0,0.0,57.96026490066225,59954.28571428572,3.9237179487179494,110.38461538461539,33218.0
20220417,14,0.87,12.994267515923564,35.038216560509554,2.7012987012987013,0.0,0.0,57.36423841059602,61980.90909090909,3.966025641025642,106.66666666666667,29791.75
20220417,15,0.71,13.087898089171981,34.97452229299363,2.0779220779220777,0.0,0.0,56.93377483443709,62846.94805194805,3.9455128205128207,99.1025641025641,24427.75
20220417,16,0.5,12.890445859872617,35.388535031847134,1.3896103896103895,0.0,0.0,57.026490066225165,63186.03896103896,3.8775641025641017,98.26923076923077,16872.0
20220417,17,0.26,12.236305732484078,37.51592356687898,0.9025974025974026,0.0,0.0,58.00666666666667,63888.37662337662,3.7730769230769234,102.56410256410257,8128.0
20220417,18,0.0,10.768152866242037,42.05732484076433,0.7662337662337663,0.0,0.0,53.68666666666667,65031.103896103894,3.382692307692308,103.33333333333333,1880.75
20220417,19,-0.26,8.72675159235669,49.30573248407644,0.9285714285714286,0.0,0.0,6.52,62294.74025974026,2.8147435897435886,105.7051282051282,51.75
20220417,20,-0.5,7.248407643312103,55.33757961783439,1.0522875816993464,0.0,0.0,0.0,60638.30065359477,2.6089743589743586,109.35897435897436,0.0
20220417,21,-0.71,6.258598726114652,59.07643312101911,1.0457516339869282,0.0,0.0,0,58101.69934640523,2.512820512820512,126.92307692307692,0.0
20220417,22,-0.87,5.308917197452226,62.70700636942675,1.3006535947712419,0.0,0.0,0,56024.705882352944,2.454487179487179,133.78205128205127,0.0
20220417,23,-0.97,4.600000000000001,65.71974522292993,1.673202614379085,0.0,0.0,0,53770.19607843137,2.4217948717948716,130.3846153846154,0.0
20220418,00,-1.0,3.8961783439490443,68.7452229299363,1.2745098039215685,0.0,0.0,0,52494.640522875816,2.305128205128205,132.94871794871796,0.0
20220418,01,-0.97,3.283439490445861,71.12738853503184,1.2810457516339868,0.0,0.0,0,50906.797385620914,2.182692307692307,139.48717948717947,0.0
20220418,02,-0.87,2.7433121019108277,73.09554140127389,1.6339869281045751,0.0,0.0,0,50066.92810457516,2.08525641025641,142.30769230769232,0.0
20220418,03,-0.71,2.1121019108280263,75.70700636942675,1.5555555555555556,0.0,0.0,0.0,48138.88888888889,2.0432258064516144,155.44871794871796,0.0
20220418,04,-0.5,1.578980891719745,77.91082802547771,1.6948051948051948,0.0,0.0,0.0,46577.27272727273,2.003870967741935,142.25806451612902,0.0
20220418,05,-0.26,1.678980891719745,77.4968152866242,1.9415584415584415,0.0,0.0,9.557046979865772,46312.72727272727,1.9116129032258076,149.93548387096774,400.0
20220418,06,-0.0,4.089171974522296,70.40764331210191,2.168831168831169,0.0,0.0,54.87248322147651,47542.4025974026,1.7948387096774203,155.80645161290323,4567.0
20220418,07,0.26,6.826114649681528,61.095541401273884,2.6103896103896105,0.0,0.0,59.16107382550336,49826.2987012987,2.052258064516128,125.35483870967742,12712.25
20220418,08,0.5,8.992356687898091,53.64968152866242,2.896103896103896,0.0,0.0,59.16778523489933,51402.4025974026,2.378064516129033,127.29032258064517,21527.75
20220418,09,0.71,10.679617834394902,47.88535031847134,3.1233766233766236,0.0,0.0,58.42953020134228,54533.76623376623,2.7922580645161283,114.70967741935483,28595.25
20220418,10,0.87,11.76496815286624,43.87261146496815,3.4285714285714284,0.0,0.0,58.09395973154363,56860.25974025974,3.0651612903225813,113.03225806451613,33088.25
20220418,11,0.97,12.56178343949045,40.97452229299363,3.7467532467532467,0.0,0.0,57.63758389261745,58357.857142857145,3.2032258064516133,115.2258064516129,35583.75
20220418,12,1.0,13.29554140127388,38.75796178343949,3.8181818181818183,0.0,0.0,57.691275167785236,58998.76623376623,3.2380645161290333,107.09677419354838,35498.75
20220418,13,0.97,13.83694267515924,37.76433121019108,3.727272727272727,0.0,0.0,57.95973154362416,58196.62337662338,3.2245161290322586,109.74193548387096,33696.25
20220418,14,0.87,14.098726114649688,37.36942675159236,4.1558441558441555,0.0,0.0,57.651006711409394,61099.22077922078,3.215483870967742,107.35483870967742,30039.5
20220418,15,0.71,14.23248407643312,37.35668789808917,4.279220779220779,0.0,0.0,57.81208053691275,61386.103896103894,3.208387096774193,111.87096774193549,24382.25
20220418,16,0.5,13.996815286624203,37.89171974522293,3.857142857142857,0.0,0.0,58.013422818791945,60945.25974025974,3.2412903225806455,119.6774193548387,16390.75
20220418,17,0.26,13.335668789808919,40.13375796178344,4.181818181818182,0.0,0.0,57.04026845637584,62450.38961038961,3.1832258064516155,105.41935483870968,7862.75
20220418,18,0.0,11.84203821656052,44.7515923566879,4.123376623376624,0.0,0.0,45.711409395973156,63354.93506493507,2.856129032258064,91.87096774193549,1935.0
20220418,19,-0.26,9.782165605095539,52.06369426751592,4.415584415584416,0.0,0.0,5.120805369127517,62919.61038961039,2.3561290322580657,103.16129032258064,60.0
20220418,20,-0.5,8.458598726114646,57.02547770700637,4.42483660130719,0.0,0.0,0.0,61607.90849673202,2.191612903225808,117.80645161290323,0.0
20220418,21,-0.71,7.311464968152865,61.34394904458599,4.562091503267974,0.0,0.0,0,59703.660130718956,2.098709677419354,131.03225806451613,0.0
20220418,22,-0.87,6.301910828025478,65.28662420382166,4.790849673202614,0.0,0.0,0,57449.60784313725,1.8812903225806434,140.6451612903226,0.0
20220418,23,-0.97,5.543949044585986,68.05732484076434,4.895424836601308,0.0,0.0,0,57359.67320261438,1.8858064516129036,145.48387096774192,0.0
20220419,00,-1.0,4.7828025477707,71.1592356687898,4.816993464052287,0.0,0.0,0,55881.8954248366,1.8341935483870966,149.29032258064515,0.0
20220419,01,-0.97,4.255414012738851,72.72611464968153,4.660130718954249,0.0,0.0,0,55151.8954248366,1.8083870967741928,162.4516129032258,0.0
20220419,02,-0.87,3.8331210191082787,74.23566878980891,4.967320261437909,0.0,0.0,0,53175.032679738564,1.818709677419357,162.51612903225808,0.0
20220419,03,-0.71,3.5031847133757976,75.61146496815287,5.111111111111111,0.0,0.0,0.0,52958.62745098039,1.8535483870967746,165.3548387096774,0.0
20220419,04,-0.5,3.1324840764331223,76.94267515923566,5.266233766233766,0.0,0.0,0.0,50875.25974025974,1.8864516129032256,160.25806451612902,0.25
20220419,05,-0.26,3.1292993630573247,77.24203821656052,5.246753246753247,0.0,0.0,5.378378378378378,50411.23376623377,1.9038709677419352,163.09677419354838,423.0
20220419,06,-0.0,5.040127388535033,71.05732484076434,4.467532467532467,0.0,0.0,42.682432432432435,51433.57142857143,2.0045161290322584,161.2258064516129,4154.75
20220419,07,0.26,7.364331210191083,61.547770700636946,3.7987012987012987,0.0,0.01935483870967742,53.18120805369127,53366.94805194805,2.3445161290322574,151.2258064516129,11429.25
20220419,08,0.5,9.244585987261145,54.42675159235669,3.4285714285714284,0.0,0.0064516129032258064,54.966442953020135,54989.74025974026,2.8352564102564095,140.44871794871796,19689.25
20220419,09,0.71,10.802547770700643,49.1656050955414,3.6298701298701297,0.0,0.01935483870967742,53.733333333333334,56585.194805194806,3.441025641025642,126.66666666666667,26617.0
20220419,10,0.87,11.795541401273887,45.52229299363057,3.7467532467532467,0.0,0.01935483870967742,54.45333333333333,57180.64935064935,4.037179487179487,122.62820512820512,30942.5
20220419,11,0.97,12.564968152866244,43.00636942675159,3.9220779220779223,0.0,0.012903225806451613,53.67333333333333,56238.7012987013,4.408974358974359,107.37179487179488,32587.0
20220419,12,1.0,13.008280254777072,42.29299363057325,3.4545454545454546,0.0025806451612903226,0.04516129032258064,51.56666666666667,55864.61038961039,4.661538461538461,108.58974358974359,31906.75
20220419,13,0.97,13.362420382165608,41.45859872611465,3.2532467532467533,0.0025806451612903226,0.06451612903225806,49.70666666666666,58844.02597402597,4.796153846153847,119.55128205128206,29867.5
20220419,14,0.87,13.466242038216562,41.27388535031847,3.2337662337662336,0.0,0.06451612903225806,49.52,58369.74025974026,4.918589743589744,111.85897435897436,26134.75
20220419,15,0.71,13.315286624203816,41.554140127388536,3.4025974025974026,0.0,0.04516129032258064,48.96666666666667,60781.88311688312,5.032692307692308,99.74358974358974,20957.5
20220419,16,0.5,12.9343949044586,42.681528662420384,3.487012987012987,0.004516129032258064,0.03870967741935484,48.72666666666667,59508.506493506495,4.968589743589743,95.25641025641026,14217.25
20220419,17,0.26,12.085987261146506,44.7515923566879,3.3051948051948052,0.0012903225806451613,0.06451612903225806,47.986666666666665,59888.96103896104,4.901923076923079,78.71794871794872,7186.25
20220419,18,0.0,10.731210191082802,49.261146496815286,3.7662337662337664,0.0012903225806451613,0.04516129032258064,41.78,61134.545454545456,4.396794871794872,68.33333333333333,1855.5
20220419,19,-0.26,9.142675159235667,54.5859872611465,3.5064935064935066,0.0,0.03225806451612903,3.7866666666666666,61657.4025974026,3.71602564102564,66.73076923076923,57.25
20220419,20,-0.5,7.959872611464966,58.732484076433124,3.3137254901960786,0.0,0.01935483870967742,0.0,59554.705882352944,3.4288461538461537,70.44871794871794,0.0
20220419,21,-0.71,6.976433121019107,62.267515923566876,3.084967320261438,0.0,0.0064516129032258064,0,58990.91503267974,3.243589743589743,79.67948717948718,0.0
20220419,22,-0.87,6.103184713375795,65.23566878980891,2.764705882352941,0.0,0.0,0,57871.43790849673,3.0955128205128206,91.02564102564102,0.0
20220419,23,-0.97,5.305095541401274,68.38853503184713,2.69281045751634,0.0,0.0,0,57063.39869281046,2.9576923076923087,93.84615384615384,0.0
20220420,00,-1.0,4.619745222929938,71.03184713375796,2.764705882352941,0.0,0.0,0,54562.81045751634,2.705128205128205,111.02564102564102,0.0
20220420,01,-0.97,4.014649681528662,73.61146496815287,2.718954248366013,0.0,0.01935483870967742,0,52491.04575163399,2.515384615384615,116.15384615384616,0.0
20220420,02,-0.87,3.505095541401275,75.79617834394904,2.7254901960784315,0.0006451612903225806,0.025806451612903226,0,51578.23529411765,2.4544871794871796,115.76923076923077,0.0
20220420,03,-0.71,3.015286624203822,77.42038216560509,2.738562091503268,0.0,0.012903225806451613,0.0,49761.11111111111,2.4519230769230793,110.12820512820512,0.0
20220420,04,-0.5,2.689808917197453,78.89808917197452,3.0194805194805197,0.0,0.012903225806451613,0.0,47797.01298701299,2.389102564102565,133.46153846153845,0.25
20220420,05,-0.26,2.800000000000001,78.71974522292993,3.0064935064935066,0.0,0.01935483870967742,5.546666666666667,47212.72727272727,2.282051282051284,120.38461538461539,449.0
20220420,06,-0.0,4.40764331210191,73.43949044585987,3.0259740259740258,0.0,0.0,42.513333333333335,48680.38961038961,2.323076923076924,124.55128205128206,4229.25
20220420,07,0.26,6.346496815286624,66.70063694267516,3.155844155844156,0.0,0.0,47.406666666666666,50844.35064935065,2.721794871794872,124.2948717948718,11195.0
20220420,08,0.5,8.05732484076433,59.29936305732484,3.175324675324675,0.0006451612903225806,0.025806451612903226,46.81333333333333,54223.181818181816,3.2262820512820523,108.97435897435898,18786.75
20220420,09,0.71,9.401910828025475,54.140127388535035,3.7662337662337664,0.00967741935483871,0.03225806451612903,46.99333333333333,54763.246753246756,3.7923076923076917,108.91025641025641,25220.25
20220420,10,0.87,10.36496815286624,51.13375796178344,3.8376623376623376,0.003870967741935484,0.06451612903225806,47.10596026490066,55472.142857142855,4.184615384615386,95.96153846153847,29699.5
20220420,11,0.97,11.087898089171977,49.439490445859875,3.5454545454545454,0.012903225806451613,0.08387096774193549,46.45695364238411,54392.01298701299,4.264743589743591,104.55128205128206,31497.25
20220420,12,1.0,11.703821656050957,48.796178343949045,3.987012987012987,0.014193548387096775,0.11612903225806452,44.794701986754966,52970.58441558442,4.299999999999998,106.85897435897436,31040.75
20220420,13,0.97,12.16815286624204,48.64968152866242,4.246753246753247,0.026451612903225803,0.11612903225806452,44.52980132450331,55147.5974025974,4.401923076923074,102.75641025641026,29270.25
20220420,14,0.87,12.476433121019111,48.67515923566879,4.215686274509804,0.026451612903225803,0.1032258064516129,44.158940397350996,54046.62337662338,4.448076923076924,104.1025641025641,26095.25
20220420,15,0.71,12.514649681528663,48.71974522292994,4.61437908496732,0.024516129032258062,0.11612903225806452,42.70860927152318,54715.06493506493,4.577564102564101,109.61538461538461,20775.25
20220420,16,0.5,12.22292993630573,49.681528662420384,4.837662337662338,0.02129032258064516,0.1032258064516129,40.88079470198676,53917.5974025974,4.546794871794871,105.83333333333333,14139.25
20220420,17,0.26,11.649681528662429,51.86624203821656,4.961038961038961,0.014193548387096775,0.1032258064516129,39.05960264900662,54418.506493506495,4.333333333333336,97.62820512820512,6965.0
20220420,18,0.0,10.592993630573249,55.394904458598724,5.318181818181818,0.021290322580645164,0.0967741935483871,34.609271523178805,54260.454545454544,3.951923076923076,99.61538461538461,1922.75
20220420,19,-0.26,9.156050955414017,60.789808917197455,5.324675324675325,0.024516129032258062,0.11612903225806452,5.152317880794702,52723.506493506495,3.351282051282052,82.88461538461539,87.25
20220420,20,-0.5,8.180254777070063,65.03184713375796,5.065359477124183,0.013548387096774191,0.12258064516129032,0.0,52578.75816993464,3.127564102564102,91.66666666666667,0.0
20220420,21,-0.71,7.504458598726116,68.13375796178345,5.248366013071895,0.0038709677419354843,0.14193548387096774,0,50565.816993464054,3.08653846153846,105.1923076923077,0.0
20220420,22,-0.87,6.889808917197453,71.08917197452229,4.666666666666667,0.0006451612903225806,0.10967741935483871,0,49325.555555555555,2.971153846153845,100.96153846153847,0.0
20220420,23,-0.97,6.304458598726113,73.75796178343948,4.65359477124183,0.004516129032258064,0.09032258064516129,0,47593.464052287585,2.7717948717948717,109.42307692307692,0.0
20220421,00,-1.0,5.952866242038215,75.36305732484077,4.816993464052287,0.001935483870967742,0.07096774193548387,0,46304.575163398695,2.674358974358973,118.26923076923077,0.0
20220421,01,-0.97,5.462420382165606,77.8407643312102,4.588235294117647,0.0,0.08387096774193549,0,44527.32026143791,2.516666666666666,116.02564102564102,0.0
20220421,02,-0.87,5.161783439490448,79.29936305732484,4.7254901960784315,0.0006451612903225806,0.07741935483870968,0,43289.28104575163,2.5551282051282054,138.39743589743588,0.0
20220421,03,-0.71,4.835668789808918,81.1656050955414,4.901960784313726,0.0006451612903225806,0.06451612903225806,0.0,41215.555555555555,2.500641025641027,140.25641025641025,0.0
20220421,04,-0.5,4.623566878980893,82.39490445859873,5.1688311688311686,0.0006451612903225806,0.05161290322580645,0.0,39218.57142857143,2.4416666666666664,120.44871794871794,0.25
20220421,05,-0.26,4.75576923076923,82.58974358974359,5.366013071895424,0.0,0.07741935483870968,2.0533333333333332,37862.875816993466,2.425,119.42307692307692,324.25
20220421,06,-0.0,5.892307692307692,78.92948717948718,5.555555555555555,0.0012987012987012987,0.07792207792207792,22.586666666666666,38500.13071895425,2.4606451612903237,109.80645161290323,2923.75
20220421,07,0.26,7.225641025641026,73.68589743589743,5.803921568627451,0.0019480519480519483,0.1038961038961039,27.04,41366.535947712415,2.7993548387096774,98.58064516129032,8185.0
20220421,08,0.5,8.451923076923075,69.35897435897436,5.73202614379085,0.004545454545454545,0.11688311688311688,30.713333333333335,41845.032679738564,3.250322580645162,85.09677419354838,14279.25
20220421,09,0.71,9.482692307692313,65.96794871794872,5.901960784313726,0.008441558441558441,0.12987012987012986,30.066666666666666,43466.71052631579,3.5290322580645177,75.54838709677419,19504.5
20220421,10,0.87,10.451923076923082,63.01282051282051,6.137254901960785,0.005844155844155845,0.14285714285714285,31.286666666666665,44386.71052631579,3.7025806451612904,77.87096774193549,23095.0
20220421,11,0.97,11.234615384615386,61.3974358974359,6.084967320261438,0.0006493506493506494,0.14935064935064934,30.893333333333334,45148.62745098039,3.9187096774193533,80.70967741935483,24947.75
20220421,12,1.0,11.778205128205133,60.416666666666664,6.163398692810458,0.0006493506493506494,0.12337662337662338,29.88,45892.22222222222,4.036129032258064,70.25806451612904,24746.5
20220421,13,0.97,12.19871794871795,60.044871794871796,6.326797385620915,0.005194805194805195,0.1038961038961039,27.386666666666667,45558.95424836601,4.25225806451613,71.09677419354838,22440.0
20220421,14,0.87,12.422435897435886,60.205128205128204,6.607843137254902,0.003246753246753247,0.11688311688311688,24.84,46214.37908496732,4.45290322580645,69.61290322580645,18590.75
20220421,15,0.71,12.301282051282056,61.09615384615385,6.568627450980392,0.003246753246753247,0.12337662337662338,21.546666666666667,45957.38562091503,4.616774193548387,70.3225806451613,14376.75
20220421,16,0.5,12.077564102564102,62.10897435897436,6.549019607843137,0.009090909090909092,0.14285714285714285,20.973333333333333,46058.49673202614,4.659354838709678,64.25806451612904,9533.25
20220421,17,0.26,11.511538461538464,64.41666666666667,6.4640522875816995,0.01298701298701299,0.16233766233766234,18.02,43681.30718954248,4.674193548387095,64.96774193548387,4832.75
20220421,18,0.0,10.673717948717949,67.81410256410257,6.130718954248366,0.012987012987012988,0.16233766233766234,15.966666666666667,43850.06535947712,4.363870967741935,67.03225806451613,1355.5
20220421,19,-0.26,9.695512820512816,72.11538461538461,5.568627450980392,0.015584415584415584,0.13636363636363635,1.6266666666666667,41145.490196078434,4.080000000000001,64.83870967741936,51.25
20220421,20,-0.5,8.946794871794872,75.49358974358974,4.907894736842105,0.007142857142857142,0.15584415584415584,0.0,39202.82894736842,3.8993548387096797,68.19354838709677,0.0
20220421,21,-0.71,8.324358974358976,77.84615384615384,4.342105263157895,0.004545454545454545,0.12987012987012986,0,37234.80263157895,3.838709677419355,76.70967741935483,0.0
20220421,22,-0.87,7.846153846153841,79.9551282051282,4.0394736842105265,0.0019480519480519483,0.11688311688311688,0,34670.59210526316,3.8341935483870966,74.3225806451613,0.0
20220421,23,-0.97,7.380128205128203,81.82051282051282,3.835526315789474,0.0012987012987012987,0.07792207792207792,0,32293.157894736843,3.719354838709675,76.19354838709677,0.0
20220422,00,-1.0,6.935897435897436,83.3076923076923,3.5592105263157894,0.001948051948051948,0.07142857142857142,0,30600.0,3.706451612903226,74.25806451612904,0.0
20220422,01,-0.97,6.487179487179489,84.71794871794872,3.5197368421052633,0.0058441558441558435,0.08441558441558442,0,29033.486842105263,3.6219354838709683,68.70967741935483,0.0
20220422,02,-0.87,6.127564102564102,85.83974358974359,3.4078947368421053,0.004545454545454545,0.045454545454545456,0,27445.46052631579,3.6212903225806454,72.3225806451613,0.0
20220422,03,-0.71,5.832051282051281,86.8974358974359,3.4407894736842106,0.003246753246753247,0.05194805194805195,0.0,25462.697368421053,3.5574193548387103,80.64516129032258,0.0
20220422,04,-0.5,5.516666666666666,87.82692307692308,3.7908496732026142,0.0012987012987012987,0.045454545454545456,0.0,22598.95424836601,3.530322580645162,78.83870967741936,0.75
20220422,05,-0.26,5.58525641025641,87.48076923076923,4.111111111111111,0.0038961038961038965,0.05194805194805195,3.5533333333333332,22503.59477124183,3.4735483870967734,80.64516129032258,426.5
20220422,06,-0.0,6.481528662420383,84.1592356687898,4.532467532467533,0.005161290322580645,0.07741935483870968,26.246666666666666,24004.87012987013,3.589102564102566,73.46153846153847,3462.25
20220422,07,0.26,7.630573248407645,79.65605095541402,4.642857142857143,0.0025806451612903226,0.07741935483870968,31.264900662251655,27317.66233766234,4.130128205128204,66.85897435897436,8879.25
20220422,08,0.5,9.005095541401268,74.24203821656052,4.34640522875817,0.0038709677419354843,0.09032258064516129,33.21854304635762,30657.97385620915,4.435897435897436,62.05128205128205,15222.5
20220422,09,0.71,10.387898089171973,69.37579617834395,4.4640522875816995,0.0025806451612903226,0.08387096774193549,36.145695364238414,31988.30065359477,4.71025641025641,70.57692307692308,21254.5
20220422,10,0.87,11.552229299363061,65.07006369426752,4.577922077922078,0.0006451612903225806,0.07741935483870968,39.317880794701985,36093.11688311688,4.940384615384616,71.73076923076923,25706.75
20220422,11,0.97,12.470700636942668,62.044585987261144,4.662337662337662,0.0,0.06451612903225806,36.89403973509934,36425.454545454544,5.233974358974358,72.17948717948718,27469.5
20220422,12,1.0,13.240764331210189,60.038216560509554,4.935064935064935,0.0,0.06451612903225806,37.96026490066225,37508.506493506495,5.448076923076923,75.0,27311.5
20220422,13,0.97,13.631210191082804,58.6687898089172,5.1103896103896105,0.0006451612903225806,0.06451612903225806,34.86092715231788,37356.103896103894,5.592307692307693,77.43589743589743,24811.75
20220422,14,0.87,13.880254777070059,57.92993630573248,5.12987012987013,0.0025806451612903226,0.07096774193548387,31.52980132450331,40082.53246753247,5.715384615384614,75.51282051282051,20844.5
20220422,15,0.71,13.777707006369424,58.68789808917197,5.538961038961039,0.0012903225806451613,0.06451612903225806,28.357615894039736,39938.57142857143,5.632051282051281,75.12820512820512,16003.75
20220422,16,0.5,13.410191082802548,59.53503184713376,5.6103896103896105,0.0032258064516129032,0.06451612903225806,25.827814569536425,41436.818181818184,5.606410256410257,78.26923076923077,10654.0
20220422,17,0.26,12.83503184713376,61.64968152866242,5.5,0.0070967741935483875,0.07741935483870968,22.662251655629138,41056.818181818184,5.557051282051285,79.35897435897436,5396.5
20220422,18,0.0,11.947133757961781,64.92993630573248,5.538961038961039,0.012258064516129033,0.07096774193548387,19.119205298013245,40265.51948051948,5.250641025641026,78.84615384615384,1635.0
20220422,19,-0.26,10.905095541401275,68.85987261146497,4.987012987012987,0.02193548387096774,0.08387096774193549,2.3443708609271523,37837.53246753247,4.715384615384614,75.83333333333333,81.5
20220422,20,-0.5,10.07770700636943,72.26751592356688,4.640522875816994,0.025806451612903222,0.08387096774193549,0.0,36898.1045751634,4.509615384615385,76.53846153846153,0.0
20220422,21,-0.71,9.453503184713378,74.22292993630573,4.3355263157894735,0.014193548387096775,0.09032258064516129,0,35340.84967320262,4.543589743589743,76.28205128205128,0.0
20220422,22,-0.87,8.907006369426751,76.29299363057325,4.072368421052632,0.0070967741935483875,0.08387096774193549,0,34177.71241830065,4.4737179487179475,77.05128205128206,0.0
20220422,23,-0.97,8.382802547770705,77.96815286624204,3.980392156862745,0.0006451612903225806,0.07741935483870968,0,32139.477124183006,4.34038461538461,78.01282051282051,0.0
20220423,00,-1.0,7.822292993630575,80.22292993630573,3.810457516339869,0.0012903225806451613,0.03225806451612903,0,29761.37254901961,4.2205128205128215,81.02564102564102,0.0
20220423,01,-0.97,7.242675159235669,82.26751592356688,3.588235294117647,0.0032258064516129032,0.01935483870967742,0,26592.614379084967,4.030128205128205,78.78205128205128,0.0
20220423,02,-0.87,6.80191082802548,83.71337579617834,3.418300653594771,0.001935483870967742,0.012903225806451613,0,24860.13071895425,3.946794871794873,73.97435897435898,0.0
20220423,03,-0.71,6.43312101910828,84.75796178343948,3.366013071895425,0.0,0.012903225806451613,0.0,23116.339869281044,3.8262820512820546,78.14102564102564,0.0
20220423,04,-0.5,6.077707006369425,86.01273885350318,3.5194805194805197,0.0,0.0064516129032258064,0.0,20727.85714285714,3.7852564102564097,78.58974358974359,1.5
20220423,05,-0.26,6.228662420382164,85.6624203821656,3.896103896103896,0.0,0.012903225806451613,8.403973509933774,20520.25974025974,3.871794871794871,77.82051282051282,477.0
20220423,06,-0.0,7.412738853503185,80.94267515923566,3.831168831168831,0.0,0.0064516129032258064,30.801324503311257,24159.415584415583,4.033333333333333,84.48717948717949,3731.75
20220423,07,0.26,8.72038216560509,75.40127388535032,3.792207792207792,0.0,0.012987012987012988,35.10596026490066,27886.68831168831,4.529487179487179,88.52564102564102,9451.5
20220423,08,0.5,9.920382165605092,69.86624203821655,3.8051948051948052,0.0,0.012987012987012988,34.966887417218544,32573.636363636364,5.026282051282049,85.25641025641026,15285.25
20220423,09,0.71,10.979617834394906,65.24203821656052,3.720779220779221,0.0,0.01948051948051948,35.503311258278146,35235.844155844155,5.374358974358977,87.37179487179488,20005.25
20220423,10,0.87,11.918471337579616,61.70063694267516,3.668831168831169,0.0,0.012987012987012988,36.728476821192054,38189.155844155845,5.633974358974357,87.56410256410257,23499.75
20220423,11,0.97,12.756050955414016,58.394904458598724,3.948051948051948,0.0,0.025974025974025976,37.0,40071.168831168834,5.765384615384615,88.01282051282051,25419.5
20220423,12,1.0,13.364331210191079,56.038216560509554,4.077922077922078,0.0,0.025974025974025976,35.450331125827816,43392.07792207792,5.752564102564102,88.33333333333333,25935.0
20220423,13,0.97,13.798089171974521,54.210191082802545,4.019607843137255,0.0,0.032467532467532464,37.13907284768212,43554.09090909091,5.797435897435898,85.06410256410257,25074.5
20220423,14,0.87,14.063694267515924,53.05095541401274,4.2745098039215685,0.0,0.025974025974025976,36.40397350993378,44253.831168831166,5.76217948717949,80.76923076923077,22590.5
20220423,15,0.71,14.091719745222942,52.80891719745223,4.326797385620915,0.0,0.032467532467532464,36.728476821192054,45753.57142857143,5.720512820512819,80.96153846153847,18582.0
20220423,16,0.5,13.921656050955422,52.67515923566879,4.65359477124183,0.0,0.012987012987012988,35.317880794701985,47297.66233766234,5.689102564102563,83.01282051282051,12846.75
20220423,17,0.26,13.37707006369427,54.4140127388535,4.908496732026144,0.0006493506493506494,0.032467532467532464,33.16556291390729,47414.35064935065,5.510256410256413,80.12820512820512,6672.0
20220423,18,0.0,12.380254777070066,57.93630573248408,4.895424836601308,0.0,0.01948051948051948,27.13907284768212,47043.506493506495,5.01346153846154,77.88461538461539,2007.0
20220423,19,-0.26,11.099363057324839,62.23566878980892,4.810457516339869,0.0,0.0,4.529801324503311,45908.831168831166,4.381410256410255,72.17948717948718,106.25
20220423,20,-0.5,10.21783439490446,65.40764331210191,4.309210526315789,0.0,0.0,0.0,44823.26797385621,4.29551282051282,69.42307692307692,0.0
20220423,21,-0.71,9.55414012738854,67.8343949044586,3.9407894736842106,0.0,0.0,0,43643.59477124183,4.312179487179486,74.55128205128206,0.0
20220423,22,-0.87,8.92611464968153,70.05732484076434,3.25,0.0,0.006493506493506494,0,43836.013071895424,4.393589743589746,75.32051282051282,0.0
20220423,23,-0.97,8.389171974522297,72.0828025477707,3.401315789473684,0.0,0.0,0,41619.60784313725,4.3032051282051285,75.51282051282051,0.0
20220424,00,-1.0,7.910191082802543,73.64968152866243,2.986842105263158,0.0,0.0,0,41179.54248366013,4.205128205128205,75.8974358974359,0.0
20220424,01,-0.97,7.475159235668789,75.51592356687898,3.9276315789473686,0.0019480519480519483,0.01948051948051948,0,39817.5816993464,4.1814102564102535,76.08974358974359,0.0
20220424,02,-0.87,7.178343949044584,76.52229299363057,4.690789473684211,0.01883116883116883,0.07792207792207792,0,39494.967320261436,4.205128205128203,80.8974358974359,0.0
20220424,03,-0.71,7.008917197452227,77.29299363057325,4.6118421052631575,0.04675324675324675,0.15584415584415584,0.0,37987.18954248366,4.1878205128205135,81.73076923076923,0.0
20220424,04,-0.5,6.596178343949044,79.70700636942675,4.888888888888889,0.15000000000000002,0.21428571428571427,0.0,35304.48051948052,4.141666666666666,88.33333333333333,2.25
20220424,05,-0.26,6.603821656050957,80.56687898089172,5.052287581699346,0.22532467532467534,0.24675324675324675,5.774834437086093,34041.168831168834,4.061538461538462,101.41025641025641,459.0
20220424,06,-0.0,7.316560509554145,78.3312101910828,5.411764705882353,0.309090909090909,0.2727272727272727,22.09933774834437,34427.98701298701,4.255128205128204,106.47435897435898,3043.5
20220424,07,0.26,8.314012738853497,75.12738853503184,5.588235294117647,0.3045161290322581,0.3032258064516129,25.28476821192053,37076.88311688312,4.526923076923076,109.23076923076923,7369.75
20220424,08,0.5,9.297452229299367,71.63694267515923,5.660130718954249,0.2619354838709678,0.2838709677419355,26.4635761589404,37871.42857142857,4.809615384615383,103.2051282051282,12633.0
20220424,09,0.71,10.18407643312102,69.05732484076434,5.699346405228758,0.23483870967741935,0.2967741935483871,27.75496688741722,39807.142857142855,4.990384615384615,106.73076923076923,17137.25
20220424,10,0.87,10.8484076433121,66.76433121019109,5.895424836601308,0.1967741935483871,0.27741935483870966,26.278145695364238,41571.68831168831,5.251282051282051,108.78205128205128,19512.0
20220424,11,0.97,11.294267515923567,65.01273885350318,6.4640522875816995,0.20129032258064514,0.3096774193548387,22.09271523178808,41951.55844155844,5.506410256410255,109.67948717948718,19888.75
20220424,12,1.0,11.485350318471339,64.14012738853503,6.751633986928105,0.17741935483870971,0.3096774193548387,17.47019867549669,41958.63636363636,5.657692307692305,111.08974358974359,18197.75
20220424,13,0.97,11.598089171974522,64.5859872611465,6.784313725490196,0.1554838709677419,0.3870967741935484,15.735099337748345,42361.68831168831,5.548076923076926,113.14102564102564,15671.0
20220424,14,0.87,11.349044585987263,65.95541401273886,6.738562091503268,0.21688311688311687,0.4155844155844156,14.874172185430464,40475.454545454544,5.480769230769232,113.07692307692308,12918.25
20220424,15,0.71,10.990445859872606,68.12738853503184,7.032679738562091,0.23376623376623382,0.487012987012987,12.894039735099337,39264.155844155845,5.3275641025641045,113.52564102564102,9887.0
20220424,16,0.5,10.585350318471338,70.26751592356688,7.03921568627451,0.17631578947368426,0.5592105263157895,11.132450331125828,37447.53246753247,5.004487179487182,110.96153846153847,6610.0
20220424,17,0.26,9.950318471337582,73.94904458598727,7.052287581699346,0.16862745098039217,0.5686274509803921,10.026490066225165,36013.05194805195,4.805128205128206,117.11538461538461,3398.75
20220424,18,0.0,9.243312101910824,77.6624203821656,7.287581699346405,0.16103896103896104,0.5844155844155844,6.1655629139072845,33222.207792207795,4.574999999999998,129.2948717948718,1080.0
20220424,19,-0.26,8.586624203821652,80.80891719745223,7.326797385620915,0.14967320261437908,0.6143790849673203,0.5496688741721855,33296.753246753244,4.192307692307692,128.26923076923077,74.5
20220424,20,-0.5,8.054777070063697,83.73885350318471,7.302631578947368,0.13766233766233768,0.6103896103896104,0.0,30464.96732026144,3.913461538461538,138.26923076923077,0.0
20220424,21,-0.71,7.635668789808919,85.78343949044586,7.256578947368421,0.12532467532467534,0.5714285714285714,0,28312.679738562092,3.7410256410256406,144.55128205128204,0.0
20220424,22,-0.87,7.30254777070064,87.18471337579618,7.243421052631579,0.14415584415584415,0.5584415584415584,0,26945.816993464054,3.6871794871794905,157.5,0.0
20220424,23,-0.97,7.008917197452228,88.3312101910828,7.276315789473684,0.17467532467532473,0.5064935064935064,0,24133.006535947712,3.5891025641025656,167.75641025641025,0.0
20220425,00,-1.0,6.750318471337582,89.26751592356688,6.901315789473684,0.2428571428571428,0.474025974025974,0,23661.04575163399,3.5198717948717966,161.66666666666666,0.0
20220425,01,-0.97,6.564331210191079,89.56687898089172,6.947368421052632,0.1636363636363637,0.45454545454545453,0,23068.562091503267,3.4948717948717953,165.25641025641025,0.0
20220425,02,-0.87,6.359872611464969,89.81528662420382,6.875,0.212987012987013,0.43506493506493504,0,23355.882352941175,3.5403846153846135,163.2051282051282,0.0
20220425,03,-0.71,6.154140127388533,90.38216560509554,6.815789473684211,0.2409090909090909,0.43506493506493504,0.0,23672.483660130718,3.420512820512819,155.12820512820514,0.0
20220425,04,-0.5,5.984076433121021,90.8407643312102,6.96078431372549,0.1701298701298701,0.42207792207792205,0.0,22398.506493506495,3.1974358974358954,162.17948717948718,2.75
20220425,05,-0.26,5.977070063694271,90.6624203821656,6.816993464052287,0.212987012987013,0.42207792207792205,2.8675496688741724,21418.31168831169,3.1461538461538443,149.2948717948718,356.0
20220425,06,-0.0,6.445859872611462,88.95541401273886,6.901960784313726,0.12792207792207794,0.37012987012987014,8.821192052980132,23418.44155844156,3.0730769230769246,142.17948717948718,2217.25
20220425,07,0.26,7.064331210191081,85.75796178343948,6.65359477124183,0.08441558441558442,0.34415584415584416,11.178807947019868,26729.805194805194,3.1506410256410247,140.96153846153845,5633.5
20220425,08,0.5,7.767515923566883,82.50955414012739,6.398692810457517,0.09675324675324676,0.2727272727272727,14.562913907284768,28973.18181818182,3.1333333333333315,130.12820512820514,9572.25
20220425,09,0.71,8.444585987261144,79.45859872611464,6.568627450980392,0.12387096774193553,0.25806451612903225,16.14569536423841,32571.68831168831,3.1012820512820514,137.5,13320.75
20220425,10,0.87,9.213375796178347,76.24203821656052,6.189542483660131,0.14545454545454548,0.3051948051948052,19.09933774834437,35483.11688311688,3.0923076923076933,148.97435897435898,16761.5
20220425,11,0.97,10.029936305732477,72.32484076433121,6.409090909090909,0.07662337662337662,0.24675324675324675,24.105960264900663,40641.62337662338,3.1089743589743604,156.98717948717947,19104.75
20220425,12,1.0,10.62929936305732,69.2547770700637,6.214285714285714,0.05419354838709678,0.2129032258064516,25.033112582781456,42151.23376623377,3.1243589743589726,170.76923076923077,20353.75
20220425,13,0.97,11.119745222929943,67.12738853503184,6.090909090909091,0.06129032258064517,0.2129032258064516,26.417218543046356,45150.25974025974,3.160897435897436,169.74358974358975,20288.5
20220425,14,0.87,11.377707006369423,66.1656050955414,5.922077922077922,0.11161290322580643,0.23225806451612904,28.178807947019866,45183.96103896104,3.1615384615384614,169.67948717948718,18804.0
20220425,15,0.71,11.388461538461542,66.16025641025641,5.803921568627451,0.10967741935483871,0.22580645161290322,28.053333333333335,45324.836601307186,3.182580645161291,162.0,15696.5
20220425,16,0.5,11.217307692307699,66.9423076923077,5.65359477124183,0.1187096774193548,0.2903225806451613,26.153333333333332,46647.38562091503,3.1599999999999993,157.67741935483872,11080.0
20220425,17,0.26,10.706410256410253,69.42307692307692,5.4183006535947715,0.15548387096774194,0.25161290322580643,25.746666666666666,45029.86928104575,3.092258064516128,154.32258064516128,5804.5
20220425,18,0.0,9.650641025641024,75.02564102564102,5.372549019607843,0.18258064516129027,0.22580645161290322,21.42,43052.549019607846,2.819999999999999,143.67741935483872,1777.25
20220425,19,-0.26,8.436538461538463,80.51282051282051,5.2745098039215685,0.08181818181818182,0.22077922077922077,3.433333333333333,38782.1568627451,2.4367741935483878,130.90322580645162,111.75
20220425,20,-0.5,7.598076923076924,84.28846153846153,5.203947368421052,0.05032679738562091,0.20261437908496732,0.0,34403.61842105263,2.1238709677419343,164.96774193548387,0.25
20220425,21,-0.71,6.957692307692307,86.97435897435898,5.282894736842105,0.10261437908496733,0.22875816993464052,0,29782.697368421053,2.032258064516129,160.90322580645162,0.0
20220425,22,-0.87,6.485256410256405,88.69871794871794,5.078947368421052,0.12091503267973853,0.21568627450980393,0,27040.0,1.9451612903225806,162.4516129032258,0.0
20220425,23,-0.97,6.003846153846154,90.21794871794872,4.815789473684211,0.07320261437908497,0.22875816993464052,0,23592.697368421053,1.8670967741935478,154.96774193548387,0.0
20220426,00,-1.0,5.639102564102562,91.21153846153847,5.118421052631579,0.08169934640522875,0.19607843137254902,0,21456.447368421053,1.790967741935484,166.32258064516128,0.0
20220426,01,-0.97,5.2948717948717965,92.71794871794872,5.322368421052632,0.1620915032679739,0.24183006535947713,0,17985.263157894737,1.7406451612903227,163.61290322580646,0.0
20220426,02,-0.87,5.071794871794871,93.21153846153847,5.4144736842105265,0.10129870129870129,0.2532467532467532,0,16513.026315789473,1.7083870967741932,169.48387096774192,0.0
20220426,03,-0.71,4.866666666666668,93.6025641025641,5.730263157894737,0.11428571428571427,0.2792207792207792,0.0,15233.092105263158,1.7587096774193558,169.41935483870967,0.0
20220426,04,-0.5,4.7724358974359,93.87179487179488,5.647058823529412,0.11437908496732029,0.32679738562091504,0.0,13724.771241830065,1.790322580645161,163.74193548387098,5.0
20220426,05,-0.26,5.0980891719745225,92.93630573248407,5.571428571428571,0.18562091503267977,0.3202614379084967,7.513333333333334,14179.09090909091,1.824358974358974,170.19230769230768,543.5
20220426,06,-0.0,6.478343949044588,88.6624203821656,5.428571428571429,0.24509803921568626,0.35947712418300654,21.172185430463575,17525.974025974025,1.9621794871794866,167.05128205128204,3321.75
20220426,07,0.26,7.845859872611463,83.07006369426752,5.2026143790849675,0.24313725490196075,0.35947712418300654,25.37748344370861,23140.844155844155,2.268589743589745,165.76923076923077,7911.75
20220426,08,0.5,8.936942675159237,77.4968152866242,5.01948051948052,0.1986928104575164,0.3202614379084967,27.31788079470199,28418.571428571428,2.487179487179488,172.69230769230768,13126.25
20220426,09,0.71,9.775796178343946,72.97452229299363,5.136363636363637,0.1967320261437909,0.30718954248366015,28.43046357615894,32361.81818181818,2.7660256410256414,177.69230769230768,16917.0
20220426,10,0.87,10.365605095541396,69.60509554140127,5.324675324675325,0.24575163398692806,0.3464052287581699,26.5364238410596,35051.493506493505,2.9974358974358988,177.69230769230768,18819.25
20220426,11,0.97,10.765605095541403,67.47133757961784,5.987012987012987,0.2954545454545455,0.38961038961038963,23.364238410596027,34383.63636363636,3.059615384615385,186.15384615384616,18846.75
20220426,12,1.0,10.996815286624201,66.07006369426752,5.98051948051948,0.3303225806451613,0.4129032258064516,21.397350993377483,37855.77922077922,3.2576923076923086,186.47435897435898,18817.5
20220426,13,0.97,11.147770700636945,65.4267515923567,6.064935064935065,0.23354838709677417,0.44516129032258067,21.43046357615894,41794.22077922078,3.333333333333335,199.23076923076923,18060.0
20220426,14,0.87,11.177707006369426,65.64968152866243,6.045454545454546,0.3219354838709678,0.44516129032258067,19.556291390728475,40593.57142857143,3.4801282051282056,209.03846153846155,16267.0
20220426,15,0.71,11.189808917197452,65.45222929936305,5.805194805194805,0.24322580645161296,0.38064516129032255,19.18,42863.11688311688,3.4608974358974343,210.44871794871796,13518.0
20220426,16,0.5,11.015923566878987,65.828025477707,5.746753246753247,0.1883870967741936,0.34838709677419355,21.393333333333334,43278.246753246756,3.3826923076923086,202.8846153846154,9908.25
20220426,17,0.26,10.512738853503182,68.0828025477707,5.733766233766234,0.23870967741935484,0.36774193548387096,20.453333333333333,44085.51948051948,3.1705128205128195,206.85897435897436,5431.75
20220426,18,0.0,9.678980891719746,72.03184713375796,5.805194805194805,0.1716129032258065,0.32903225806451614,19.313333333333333,42541.23376623377,2.943589743589744,209.87179487179486,1788.25
20220426,19,-0.26,8.581528662420386,76.39490445859873,5.603896103896104,0.1458064516129032,0.3032258064516129,3.8266666666666667,39958.37662337662,2.6102564102564108,202.62820512820514,135.25
20220426,20,-0.5,7.850318471337577,79.94267515923566,6.143790849673203,0.13999999999999999,0.27741935483870966,0.0,35893.59477124183,2.333333333333335,210.51282051282053,0.0
20220426,21,-0.71,7.263694267515927,82.60509554140127,5.849673202614379,0.1761290322580645,0.22580645161290322,0,33414.509803921566,2.2128205128205134,211.4102564102564,0.0
20220426,22,-0.87,6.777707006369428,84.36305732484077,5.42483660130719,0.06451612903225806,0.22580645161290322,0,31098.169934640522,2.0852564102564104,220.7051282051282,0.0
20220426,23,-0.97,6.349044585987262,85.35031847133757,4.980392156862745,0.06258064516129033,0.1870967741935484,0,29527.058823529413,2.0871794871794878,229.74358974358975,0.0
20220427,00,-1.0,5.855414012738852,87.39490445859873,4.594771241830065,0.043225806451612905,0.14838709677419354,0,27064.50980392157,2.066025641025641,223.07692307692307,0.0
20220427,01,-0.97,5.3222929936305725,88.62420382165605,4.34640522875817,0.05225806451612903,0.11612903225806452,0,25006.2091503268,1.9692307692307691,225.51282051282053,0.0
20220427,02,-0.87,4.928025477707006,89.94267515923566,4.111111111111111,0.043870967741935475,0.12258064516129032,0,22868.366013071896,1.8519230769230772,227.8846153846154,0.0
20220427,03,-0.71,4.5114649681528665,91.20382165605096,4.045751633986928,0.03225806451612903,0.12903225806451613,0.0,20036.601307189543,1.8089743589743585,227.37179487179486,0.0
20220427,04,-0.5,4.252866242038218,91.61783439490446,3.961038961038961,0.035483870967741936,0.10967741935483871,0.0,18422.597402597403,1.8025641025641026,233.33333333333334,6.5
20220427,05,-0.26,4.6687898089171975,90.80891719745223,4.318181818181818,0.02709677419354839,0.1032258064516129,8.366666666666667,18144.61038961039,1.7589743589743585,226.34615384615384,627.75
20220427,06,-0.0,6.243312101910828,85.62420382165605,4.785714285714286,0.011612903225806452,0.1032258064516129,25.2,21552.745098039217,1.7384615384615383,211.85897435897436,3928.75
20220427,07,0.26,7.760509554140125,79.35031847133757,4.402597402597403,0.004545454545454546,0.07142857142857142,29.7,27541.307189542484,1.9769230769230772,204.55128205128204,9761.75
20220427,08,0.5,9.247770700636938,72.3375796178344,4.038961038961039,0.0012987012987012987,0.045454545454545456,35.78,33764.509803921566,2.178846153846154,203.78205128205127,16712.0
20220427,09,0.71,10.565605095541395,66.02547770700637,3.9740259740259742,0.0012987012987012987,0.025974025974025976,38.375838926174495,39438.36601307189,2.444871794871796,200.06410256410257,22331.25
20220427,10,0.87,11.652866242038224,60.89808917197452,3.69281045751634,0.0012987012987012987,0.032467532467532464,40.2972972972973,43042.5,2.65741935483871,187.3548387096774,26062.25
20220427,11,0.97,12.276433121019108,57.853503184713375,4.57516339869281,0.0012987012987012987,0.045454545454545456,36.16891891891892,45330.85526315789,2.866451612903226,185.8709677419355,27428.25
20220427,12,1.0,12.92356687898089,55.3312101910828,4.571428571428571,0.0,0.07792207792207792,32.770270270270274,47197.450980392154,3.0602564102564105,178.9102564102564,26337.0
20220427,13,0.97,13.299363057324843,52.89171974522293,4.805194805194805,0.0006493506493506494,0.06493506493506493,33.58389261744966,48878.03921568627,3.1897435897435913,201.4102564102564,24721.5
20220427,14,0.87,13.524203821656055,52.32484076433121,4.896103896103896,0.0006493506493506494,0.045454545454545456,31.686666666666667,49979.28104575163,3.2096153846153856,190.12820512820514,22201.5
20220427,15,0.71,13.603821656050965,51.36942675159236,4.837662337662338,0.0006493506493506494,0.045454545454545456,32.84,50818.03921568627,3.2012820512820515,194.67948717948718,18637.0
20220427,16,0.5,13.425477707006367,51.87261146496815,4.396103896103896,0.0,0.01948051948051948,32.82666666666667,51827.450980392154,3.2160256410256407,196.60256410256412,13414.0
20220427,17,0.26,12.982802547770698,53.554140127388536,3.6233766233766236,0.0006493506493506494,0.006493506493506494,38.38666666666666,51263.92156862745,3.1057692307692304,194.80769230769232,7431.75
20220427,18,0.0,11.871337579617832,58.49044585987261,3.142857142857143,0.0,0.012987012987012988,39.193333333333335,50329.15032679738,2.8365384615384612,183.97435897435898,2424.0
20220427,19,-0.26,10.136942675159238,65.65605095541402,2.7857142857142856,0.0,0.006493506493506494,8.593333333333334,48262.22222222222,2.430769230769231,180.0,199.5
20220427,20,-0.5,8.770063694267513,71.5859872611465,2.588235294117647,0.0,0.006493506493506494,0.0,44713.88157894737,2.191025641025642,171.73076923076923,0.25
20220427,21,-0.71,7.710828025477706,75.57961783439491,2.183006535947712,0.0,0.006493506493506494,0,42080.0,2.1487179487179495,172.30769230769232,0.0
20220427,22,-0.87,6.880891719745225,78.79617834394904,1.934640522875817,0.0,0.0,0,38611.38157894737,2.098717948717948,165.76923076923077,0.0
20220427,23,-0.97,6.147133757961785,81.828025477707,1.9215686274509804,0.0,0.0,0,35289.40789473684,2.0833333333333335,172.5,0.0
20220428,00,-1.0,5.526114649681527,83.91082802547771,1.8366013071895424,0.0,0.0,0,32802.30263157895,1.9544871794871805,195.3846153846154,0.0
20220428,01,-0.97,4.992993630573247,85.48407643312102,1.8366013071895424,0.0,0.0,0,29648.947368421053,1.903846153846153,194.48717948717947,0.0
20220428,02,-0.87,4.459235668789807,87.31847133757962,1.9215686274509804,0.0,0.0,0,27298.947368421053,1.885897435897436,191.02564102564102,0.0
20220428,03,-0.71,4.045222929936306,88.47133757961784,1.9673202614379084,0.0,0.0,0.0,24720.197368421053,1.854487179487178,201.85897435897436,0.0
20220428,04,-0.5,3.705095541401274,89.70063694267516,2.4025974025974026,0.0,0.0,0.0,21679.281045751635,1.844871794871796,205.76923076923077,8.75
20220428,05,-0.26,4.147770700636943,88.71974522292993,2.292207792207792,0.0,0.0,12.613333333333333,22029.155844155845,1.8141025641025634,202.05128205128204,879.0
20220428,06,-0.0,6.327388535031849,81.63057324840764,2.155844155844156,0.0,0.0,46.82,27229.935064935064,1.7397435897435896,201.92307692307693,5300.25
20220428,07,0.26,8.646496815286627,73.31847133757962,2.0259740259740258,0.0,0.0,50.333333333333336,34037.46753246753,2.05448717948718,200.44871794871796,13169.75
20220428,08,0.5,10.510828025477709,65.28662420382166,2.396103896103896,0.0,0.0,51.66,39669.22077922078,2.4993589743589744,201.92307692307693,21982.25
20220428,09,0.71,12.091719745222926,58.5796178343949,2.551948051948052,0.0,0.0,52.77333333333333,42530.97402597403,2.812179487179488,195.7051282051282,28671.5
20220428,10,0.87,13.07006369426752,53.4203821656051,3.0718954248366015,0.0,0.0,49.586666666666666,43448.36601307189,3.100641025641024,200.3846153846154,31850.5
20220428,11,0.97,13.866878980891716,50.267515923566876,2.896103896103896,0.0,0.0,46.72666666666667,45408.56209150327,3.3322580645161284,208.25806451612902,32672.25
20220428,12,1.0,14.473885350318469,48.47770700636943,2.883116883116883,0.0,0.0,47.70666666666666,45544.22077922078,3.42258064516129,216.19354838709677,32938.75
20220428,13,0.97,14.983439490445855,46.67515923566879,2.357142857142857,0.0,0.0,49.52,47100.454545454544,3.4567741935483873,212.70967741935485,32004.0
20220428,14,0.87,15.298089171974523,45.37579617834395,2.175324675324675,0.0,0.0,49.84,47804.09090909091,3.5032051282051295,218.39743589743588,28939.0
20220428,15,0.71,15.379617834394903,44.605095541401276,1.922077922077922,0.0,0.0,51.373333333333335,48919.02597402597,3.5096153846153855,214.23076923076923,24099.0
20220428,16,0.5,15.249044585987255,44.63057324840764,1.6883116883116882,0.0,0.0,53.013333333333335,50665.71428571428,3.4756410256410244,200.57692307692307,16852.5
20220428,17,0.26,14.612738853503183,46.63694267515923,1.2792207792207793,0.0,0.0,53.24,50802.01298701299,3.407051282051283,187.17948717948718,8774.75
20220428,18,0.0,13.30764331210191,51.64331210191083,1.7727272727272727,0.0,0.0,52.71333333333333,50230.71428571428,3.1089743589743586,198.71794871794873,2664.0
20220428,19,-0.26,11.02420382165605,60.32484076433121,1.9870129870129871,0.0,0.0,9.973333333333333,47390.32467532468,2.6448717948717957,182.94871794871796,185.25
20220428,20,-0.5,9.530573248407647,66.40127388535032,2.196078431372549,0.0,0.0,0.0,45093.92156862745,2.349999999999999,172.94871794871796,0.25
20220428,21,-0.71,8.364968152866236,71.10191082802548,2.8366013071895426,0.0,0.0,0,43561.83006535948,2.2108974358974343,189.23076923076923,0.0
20220428,22,-0.87,7.515286624203819,74.63694267515923,3.5294117647058822,0.0,0.0,0,41216.07843137255,2.169230769230769,185.64102564102564,0.0
20220428,23,-0.97,6.775796178343945,77.4267515923567,4.104575163398692,0.0,0.0,0,38577.25490196078,2.1025641025641018,185.19230769230768,0.0
20220429,00,-1.0,6.091719745222929,79.54777070063695,4.34640522875817,0.0,0.0,0,36527.90849673202,2.002564102564102,191.28205128205127,0.0
20220429,01,-0.97,5.430573248407643,82.18471337579618,5.084967320261438,0.0,0.0,0,33735.9477124183,1.9237179487179488,200.96153846153845,0.0
20220429,02,-0.87,4.8681528662420375,84.06369426751593,5.169934640522876,0.0,0.0,0,31466.013071895424,1.8474358974358984,190.83333333333334,0.0
20220429,03,-0.71,4.466878980891722,85.31210191082802,5.745098039215686,0.0,0.0,0.0,28850.980392156864,1.767307692307693,190.25641025641025,0.0
20220429,04,-0.5,4.149681528662421,86.46496815286625,5.954545454545454,0.0,0.0,0.08,27396.2987012987,1.719230769230769,189.67948717948718,12.75
20220429,05,-0.26,4.754777070063694,84.82165605095541,6.402597402597403,0.0,0.0,12.106666666666667,27086.428571428572,1.6032051282051287,191.7948717948718,1127.25
20220429,06,-0.0,6.901273885350318,78.64968152866243,6.597402597402597,0.0,0.0,31.62,31521.428571428572,1.5416666666666667,182.37179487179486,5861.25
20220429,07,0.26,9.071974522292994,70.69426751592357,7.084415584415584,0.0,0.0,38.346666666666664,35435.32467532468,1.6961538461538463,161.02564102564102,12296.75
20220429,08,0.5,11.08343949044587,62.146496815286625,7.012987012987013,0.0,0.0,43.1,39652.72727272727,1.9384615384615387,148.39743589743588,19270.25
20220429,09,0.71,12.584076433121014,56.22292993630573,6.967532467532467,0.0,0.0064516129032258064,44.36666666666667,42791.753246753244,2.3442307692307685,146.0897435897436,24641.0
20220429,10,0.87,13.724840764331205,51.48407643312102,6.9935064935064934,0.0,0.0,44.906666666666666,44462.5974025974,2.660897435897436,158.39743589743588,28229.5
20220429,11,0.97,14.513375796178341,48.17834394904459,6.876623376623376,0.0,0.0,43.70666666666666,47046.493506493505,2.8243589743589745,177.82051282051282,30026.25
20220429,12,1.0,15.032484076433114,46.745222929936304,6.87012987012987,0.0,0.0,42.233333333333334,46848.76623376623,2.929487179487181,170.25641025641025,29887.0
20220429,13,0.97,15.42165605095541,45.853503184713375,6.902597402597403,0.0,0.0,39.54666666666667,47722.92207792208,3.025000000000001,161.21794871794873,27790.0
20220429,14,0.87,15.412738853503189,46.0828025477707,6.811688311688312,0.0,0.0064516129032258064,35.52,48600.12987012987,3.102564102564103,166.21794871794873,23748.75
20220429,15,0.71,15.290445859872616,46.445859872611464,7.084415584415584,0.0,0.012903225806451613,30.85333333333333,48627.07792207792,3.0410256410256418,167.1153846153846,18416.0
20220429,16,0.5,14.918471337579623,48.10191082802548,7.461038961038961,0.0,0.012903225806451613,24.268456375838927,50283.181818181816,3.069871794871795,174.55128205128204,12267.0
20220429,17,0.26,14.210191082802545,50.71337579617835,7.525974025974026,0.0,0.025806451612903226,16.97986577181208,49597.46753246753,3.0044871794871786,169.42307692307693,6385.0
20220429,18,0.0,12.960509554140124,55.254777070063696,7.642857142857143,0.005806451612903226,0.03870967741935484,5.651006711409396,49225.0,2.841025641025641,164.74358974358975,2207.25
20220429,19,-0.26,11.414649681528665,61.80891719745223,7.7727272727272725,0.0,0.03225806451612903,0.33557046979865773,46058.11688311688,2.6102564102564108,159.74358974358975,177.75
20220429,20,-0.5,10.385350318471334,66.07643312101911,7.849673202614379,0.0025806451612903226,0.03225806451612903,0.0,43895.816993464054,2.6147435897435893,198.5897435897436,0.25
20220429,21,-0.71,9.591719745222932,69.4140127388535,7.8431372549019605,0.012903225806451613,0.05806451612903226,0,41132.35294117647,2.582051282051281,193.26923076923077,0.0
20220429,22,-0.87,8.913375796178348,72.63057324840764,7.790849673202614,0.04838709677419355,0.07741935483870968,0,39389.28104575163,2.5634615384615387,198.39743589743588,0.0
20220429,23,-0.97,8.239490445859872,75.40764331210191,7.718954248366013,0.054838709677419356,0.1032258064516129,0,37649.93464052288,2.630128205128206,199.42307692307693,0.0
20220430,00,-1.0,7.801910828025474,77.51592356687898,7.633986928104576,0.08774193548387096,0.14193548387096774,0,36502.1568627451,2.7147435897435908,197.37179487179486,0.0
20220430,01,-0.97,7.317834394904461,79.90445859872611,7.620915032679738,0.0896774193548387,0.14193548387096774,0,34960.39215686275,2.6217948717948736,207.5,0.0
20220430,02,-0.87,6.95095541401274,81.44585987261146,7.411764705882353,0.049032258064516124,0.1935483870967742,0,32824.771241830065,2.540384615384615,207.43589743589743,0.0
20220430,03,-0.71,6.540764331210188,83.5732484076433,7.4640522875816995,0.07612903225806451,0.2,0.0,30394.313725490196,2.5801282051282053,218.5897435897436,0.0
20220430,04,-0.5,6.305732484076432,84.61783439490446,7.4480519480519485,0.06967741935483872,0.1935483870967742,0.0,27407.727272727272,2.610897435897435,217.17948717948718,14.5
20220430,05,-0.26,6.3000000000000025,85.28662420382166,7.461038961038961,0.0632258064516129,0.2,1.7986577181208054,25601.428571428572,2.5397435897435905,223.97435897435898,696.5
20220430,06,-0.0,7.235668789808918,83.36305732484077,7.3441558441558445,0.0806451612903226,0.21935483870967742,8.248322147651006,27491.753246753247,2.4525641025641036,239.16666666666666,3536.0
20220430,07,0.26,8.457324840764336,78.03821656050955,7.292207792207792,0.06709677419354838,0.24516129032258063,14.228187919463087,30725.38961038961,2.585256410256411,233.14102564102564,8163.25
20220430,08,0.5,9.575159235668789,72.86624203821655,7.298701298701299,0.0767741935483871,0.25161290322580643,21.248322147651006,33874.09090909091,2.7858974358974344,223.5897435897436,13372.75
20220430,09,0.71,10.536305732484077,68.55414012738854,6.876623376623376,0.05741935483870968,0.2129032258064516,24.973154362416107,37120.58441558442,2.9435897435897433,233.78205128205127,18334.25
20220430,10,0.87,11.275159235668792,65.828025477707,6.876623376623376,0.06709677419354838,0.1935483870967742,28.328859060402685,37550.12987012987,3.0378205128205136,226.0897435897436,21728.0
20220430,11,0.97,11.924840764331202,63.52866242038217,6.98051948051948,0.07419354838709677,0.1935483870967742,26.449664429530202,39543.896103896106,3.170512820512822,239.67948717948718,22596.75
20220430,12,1.0,12.338853503184717,61.59235668789809,6.961038961038961,0.05741935483870968,0.1935483870967742,24.54,39854.67532467532,3.247435897435899,228.97435897435898,21834.0
20220430,13,0.97,12.557324840764329,60.318471337579616,6.909090909090909,0.09161290322580645,0.2064516129032258,22.926666666666666,41360.194805194806,3.26474358974359,225.25641025641025,20386.0
20220430,14,0.87,12.69745222929937,60.203821656050955,6.733766233766234,0.050322580645161284,0.18064516129032257,22.033333333333335,42643.11688311688,3.3653846153846154,228.01282051282053,17282.25
20220430,15,0.71,12.641401273885345,59.87261146496815,6.883116883116883,0.021935483870967745,0.13548387096774195,17.606666666666666,45348.7012987013,3.4288461538461537,230.44871794871796,13525.25
20220430,16,0.5,12.319745222929942,61.10828025477707,6.909090909090909,0.02838709677419355,0.12903225806451613,17.64,43562.4025974026,3.4243589743589733,229.42307692307693,9456.25
20220430,17,0.26,11.787898089171975,62.98726114649681,6.6103896103896105,0.07612903225806453,0.15483870967741936,17.126666666666665,44028.7012987013,3.4358974358974366,223.5897435897436,5281.0
20220430,18,0.0,10.864968152866245,66.98089171974522,6.4868421052631575,0.07419354838709677,0.15483870967741936,13.22,42414.40789473684,3.2032051282051266,222.37179487179486,1869.0
20220430,19,-0.26,9.817197452229303,71.57961783439491,6.776315789473684,0.09225806451612903,0.15483870967741936,3.68,39529.80263157895,2.9076923076923067,231.85897435897436,175.75
20220430,20,-0.5,9.038853503184717,74.73248407643312,6.342105263157895,0.05032258064516128,0.16129032258064516,0.0,37502.30263157895,2.602564102564102,229.16666666666666,0.25
20220430,21,-0.71,8.451592356687895,77.71974522292993,6.026315789473684,0.027741935483870966,0.15483870967741936,0,34350.65789473684,2.3224358974358967,225.51282051282053,0.0
20220430,22,-0.87,7.943949044585985,79.82165605095541,5.927631578947368,0.04774193548387096,0.12258064516129032,0,32780.85526315789,2.206410256410256,231.66666666666666,0.0
20220430,23,-0.97,7.514649681528662,81.47770700636943,5.730263157894737,0.045806451612903226,0.14193548387096774,0,31309.013157894737,2.124999999999999,235.44871794871796,0.0
20220501,00,-1.0,7.117834394904461,83.21656050955414,5.5,0.044516129032258066,0.13548387096774195,0,29896.38157894737,2.0570512820512827,233.39743589743588,0.0
20220501,01,-0.97,6.7095541401273895,84.7515923566879,5.549668874172186,0.024516129032258065,0.13548387096774195,0,28493.815789473683,2.0173076923076922,231.0897435897436,0.0
20220501,02,-0.87,6.380254777070064,85.92356687898089,5.875,0.012258064516129031,0.1032258064516129,0,27043.552631578947,1.9352564102564094,229.55128205128204,0.0
20220501,03,-0.71,6.134394904458599,86.85987261146497,6.139072847682119,0.015483870967741935,0.11612903225806452,0.0,25372.763157894737,1.8647435897435893,225.0,0.0
20220501,04,-0.5,6.014012738853504,87.34394904458598,6.2781456953642385,0.016129032258064516,0.12903225806451613,0.0,24519.21052631579,1.810897435897436,231.92307692307693,15.5
20220501,05,-0.26,6.33375796178344,86.7515923566879,6.51948051948052,0.023870967741935485,0.12903225806451613,4.34,23800.194805194806,1.7884615384615403,227.37179487179486,628.0
20220501,06,-0.0,7.505732484076434,83.04458598726114,6.6558441558441555,0.023225806451612905,0.12903225806451613,13.886666666666667,26443.636363636364,1.780769230769231,219.55128205128204,3295.75
20220501,07,0.26,8.618471337579619,77.98726114649682,6.62987012987013,0.010967741935483872,0.14193548387096774,18.106666666666666,30431.68831168831,1.9865384615384614,221.60256410256412,7784.0
20220501,08,0.5,9.729936305732481,72.78980891719745,6.453947368421052,0.0032258064516129032,0.13548387096774195,19.786666666666665,35384.14473684211,2.0820512820512826,209.48717948717947,13108.25
20220501,09,0.71,10.777070063694275,67.828025477707,6.631578947368421,0.0025806451612903226,0.10967741935483871,21.866666666666667,38520.32894736842,2.1942307692307685,198.33333333333334,18029.0
20220501,10,0.87,11.754777070063689,62.789808917197455,6.3618421052631575,0.0019354838709677422,0.07741935483870968,23.66,41510.98684210526,2.3333333333333335,197.1153846153846,21331.75
20220501,11,0.97,12.464331210191093,59.745222929936304,6.4144736842105265,0.0006451612903225806,0.05161290322580645,23.72,42849.60526315789,2.491666666666667,195.25641025641025,22358.5
20220501,12,1.0,12.882165605095544,57.617834394904456,6.7105263157894735,0.0012903225806451613,0.03225806451612903,19.466666666666665,43795.32894736842,2.607051282051282,206.21794871794873,22446.5
20220501,13,0.97,13.238853503184714,56.796178343949045,6.644736842105263,0.012903225806451613,0.06451612903225806,19.426666666666666,47140.59210526316,2.6583333333333323,184.16666666666666,21261.25
20220501,14,0.87,13.385350318471335,56.45859872611465,6.7105263157894735,0.0,0.06451612903225806,17.153333333333332,44732.63157894737,2.680769230769231,180.06410256410257,18527.25
20220501,15,0.71,13.398726114649682,56.67515923566879,6.677631578947368,0.0006451612903225806,0.07741935483870968,17.073333333333334,46490.65789473684,2.7794871794871776,182.82051282051282,15120.25
20220501,16,0.5,13.268152866242037,57.07006369426752,6.5855263157894735,0.003870967741935484,0.07096774193548387,16.74,49548.42105263158,2.7724358974358956,176.47435897435898,10839.25
20220501,17,0.26,12.760509554140132,58.80891719745223,6.342105263157895,0.016129032258064516,0.07096774193548387,16.69333333333333,48399.21052631579,2.7660256410256414,167.1153846153846,6083.25
20220501,18,0.0,11.968789808917197,62.847133757961785,6.427631578947368,0.020000000000000004,0.07096774193548387,13.933333333333334,47679.34210526316,2.5782051282051284,158.14102564102564,2173.25
20220501,19,-0.26,10.666878980891722,68.61783439490446,6.546052631578948,0.016129032258064516,0.07096774193548387,3.86,46364.73684210526,2.262179487179487,145.51282051282053,223.5
20220501,20,-0.5,9.672611464968154,73.02547770700637,6.3881578947368425,0.0032258064516129032,0.07741935483870968,0.0,44101.18421052631,2.144871794871794,139.55128205128204,0.5
20220501,21,-0.71,8.990445859872615,76.00636942675159,6.2894736842105265,0.0019354838709677422,0.06451612903225806,0,41628.94736842105,2.055128205128206,142.05128205128204,0.0
20220501,22,-0.87,8.347770700636941,78.91082802547771,6.368421052631579,0.0,0.05161290322580645,0,39501.05263157895,1.9307692307692303,146.73076923076923,0.0
20220501,23,-0.97,7.810828025477707,80.67515923566879,5.967105263157895,0.0,0.06451612903225806,0,37588.35526315789,1.7897435897435907,157.75641025641025,0.0
20220502,00,-1.0,7.294904458598724,82.73885350318471,5.407894736842105,0.0,0.03870967741935484,0,35272.23684210526,1.7217948717948712,156.60256410256412,0.0
20220502,01,-0.97,6.88089171974522,84.0,5.5394736842105265,0.0,0.03870967741935484,0,34026.77631578947,1.7564102564102557,158.46153846153845,0.0
20220502,02,-0.87,6.445222929936306,85.0828025477707,5.526315789473684,0.0006451612903225806,0.012903225806451613,0,31766.644736842107,1.705128205128206,159.6153846153846,0.0
20220502,03,-0.71,6.02101910828025,86.65605095541402,5.276315789473684,0.0,0.04516129032258064,0.0,28647.565789473683,1.59551282051282,152.8846153846154,0.0
20220502,04,-0.5,5.651592356687899,87.64331210191082,5.0855263157894735,0.0006451612903225806,0.03870967741935484,0.03333333333333333,27526.907894736843,1.5980769230769225,153.14102564102564,21.5
20220502,05,-0.26,6.190445859872613,86.4267515923567,4.848684210526316,0.0,0.0064516129032258064,10.066666666666666,28236.71052631579,1.5743589743589732,148.52564102564102,1056.75
20220502,06,-0.0,8.209554140127391,79.31847133757962,4.5,0.0,0.0064516129032258064,34.88666666666666,32038.486842105263,1.5205128205128207,143.78205128205127,5300.0
20220502,07,0.26,10.300636942675158,70.59235668789809,4.203947368421052,0.0,0.012903225806451613,40.66,38460.52631578947,1.7532051282051275,119.16666666666667,12257.75
20220502,08,0.5,12.084713375796179,63.36305732484077,4.065789473684211,0.0,0.0,46.54,42558.94736842105,2.067307692307693,127.56410256410257,20390.25
20220502,09,0.71,13.41847133757962,58.05732484076433,3.7697368421052633,0.0,0.0,49.26,45080.59210526316,2.3923076923076914,117.11538461538461,27247.75
20220502,10,0.87,14.44777070063694,54.203821656050955,3.4802631578947367,0.0,0.0064516129032258064,49.446666666666665,46406.57894736842,2.7230769230769227,128.33333333333334,30875.75
20220502,11,0.97,15.26815286624204,51.738853503184714,3.6776315789473686,0.0,0.012903225806451613,46.9,47716.25,2.9602564102564086,127.62820512820512,31418.75
20220502,12,1.0,15.88343949044585,49.547770700636946,4.256578947368421,0.0012903225806451613,0.01935483870967742,43.21333333333333,47878.61842105263,3.0474358974358995,127.17948717948718,30017.25
20220502,13,0.97,16.260509554140132,48.57324840764331,4.394736842105263,0.012903225806451613,0.04516129032258064,38.61333333333334,49206.84210526316,3.051923076923077,141.98717948717947,27678.25
20220502,14,0.87,16.540764331210195,47.64968152866242,4.644736842105263,0.0019354838709677422,0.05161290322580645,35.11333333333334,51396.25,3.0557692307692297,164.93589743589743,24031.25
20220502,15,0.71,16.439743589743596,47.94871794871795,4.688741721854305,0.010967741935483872,0.08387096774193549,35.48993288590604,48895.76158940397,2.9519230769230766,165.57692307692307,19376.0
20220502,16,0.5,16.189102564102566,48.8525641025641,4.3907284768211925,0.027272727272727275,0.09740259740259741,33.88590604026846,49798.27814569537,2.9651612903225804,180.38709677419354,13761.25
20220502,17,0.26,15.573717948717935,51.57051282051282,4.059602649006623,0.019999999999999997,0.08387096774193549,33.966442953020135,50592.45033112583,2.95225806451613,174.19354838709677,7631.75
20220502,18,0.0,14.378846153846158,56.38461538461539,3.6754966887417218,0.010967741935483872,0.08387096774193549,33.691275167785236,49943.50993377483,2.808387096774194,181.16129032258064,2696.5
20220502,19,-0.26,12.639743589743587,62.993589743589745,3.589403973509934,0.034193548387096775,0.05161290322580645,7.550335570469799,48383.64238410596,2.540000000000001,175.48387096774192,307.0
20220502,20,-0.5,11.320382165605094,68.28025477707007,3.615894039735099,0.11161290322580643,0.05161290322580645,0.0,46804.60526315789,2.367096774193548,173.97435897435898,0.5
20220502,21,-0.71,10.36942675159236,72.35031847133757,4.019736842105263,0.05032258064516129,0.03225806451612903,0,45908.35526315789,2.2185897435897446,181.73076923076923,0.0
20220502,22,-0.87,9.644585987261143,75.3312101910828,4.427631578947368,0.005806451612903226,0.01935483870967742,0,44009.47368421053,2.158974358974359,196.7948717948718,0.0
20220502,23,-0.97,8.942038216560508,78.19745222929936,4.4868421052631575,0.0,0.01935483870967742,0,42078.94736842105,2.1628205128205136,193.5897435897436,0.0
20220503,00,-1.0,8.401273885350319,80.29936305732484,4.467105263157895,0.0,0.012903225806451613,0,38956.84210526316,2.123076923076922,188.14102564102564,0.0
20220503,01,-0.97,7.921656050955408,81.828025477707,4.901315789473684,0.0,0.012903225806451613,0,36475.92105263158,2.12628205128205,205.06410256410257,0.0
20220503,02,-0.87,7.410828025477708,83.5859872611465,4.4868421052631575,0.0,0.0064516129032258064,0,34059.07894736842,2.1012820512820523,217.69230769230768,0.0
20220503,03,-0.71,6.9828025477706985,84.9171974522293,4.2105263157894735,0.0006451612903225806,0.04516129032258064,0.0,30999.605263157893,2.02051282051282,208.26923076923077,0.0
20220503,04,-0.5,6.622292993630571,85.8343949044586,4.4144736842105265,0.0,0.04516129032258064,0.03333333333333333,29185.065789473683,2.0487179487179477,218.33333333333334,25.25
20220503,05,-0.26,7.2203821656050975,83.6687898089172,4.8618421052631575,0.0006451612903225806,0.03225806451612903,12.106666666666667,30949.276315789473,2.075,211.28205128205127,1136.75
20220503,06,-0.0,8.973885350318477,77.70063694267516,5.066225165562914,0.0,0.05161290322580645,27.3,34200.06578947369,2.065384615384615,207.24358974358975,5423.5
20220503,07,0.26,10.782802547770698,70.56050955414013,5.013333333333334,0.0025806451612903226,0.05806451612903226,32.29333333333334,38574.23841059603,2.291666666666665,218.9102564102564,11820.5
20220503,08,0.5,12.256687898089172,64.70700636942675,5.093333333333334,0.0006451612903225806,0.04516129032258064,34.49333333333333,40747.21854304636,2.61474358974359,203.01282051282053,18777.75
20220503,09,0.71,13.552866242038224,60.15923566878981,5.12,0.0006451612903225806,0.03225806451612903,38.08,42874.90066225165,2.805128205128206,197.30769230769232,24921.75
20220503,10,0.87,14.442307692307695,56.85897435897436,4.8389261744966445,0.01741935483870968,0.06451612903225806,40.50335570469799,44965.73333333333,3.02967741935484,203.65384615384616,29083.0
20220503,11,0.97,15.170512820512823,54.55128205128205,4.436241610738255,0.043225806451612905,0.06451612903225806,42.30201342281879,45135.933333333334,3.246451612903226,207.74193548387098,30873.5
20220503,12,1.0,15.671794871794868,52.5,4.446666666666666,0.07419354838709676,0.08387096774193549,39.88513513513514,46197.615894039736,3.337419354838709,217.80645161290323,30087.25
20220503,13,0.97,15.898089171974517,51.681528662420384,4.6490066225165565,0.07999999999999999,0.14193548387096774,37.25,47644.23841059603,3.4750000000000014,217.5,27543.0
20220503,14,0.87,15.980891719745234,51.45859872611465,4.841059602649007,0.17096774193548386,0.12903225806451613,36.85333333333333,48303.708609271525,3.558974358974359,224.80769230769232,24242.25
20220503,15,0.71,15.967515923566873,51.12101910828026,4.6092715231788075,0.026451612903225803,0.12258064516129032,37.66,48052.18543046358,3.5365384615384605,227.1153846153846,19871.25
20220503,16,0.5,15.636305732484077,52.318471337579616,4.76,0.07999999999999999,0.09032258064516129,38.32214765100671,50366.225165562915,3.4883870967741917,240.7741935483871,13976.5
20220503,17,0.26,15.099999999999996,54.038216560509554,4.470198675496689,0.047096774193548394,0.06451612903225806,40.43624161073826,50601.65562913907,3.379487179487179,213.84615384615384,7482.25
20220503,18,0.0,13.871974522292989,58.98726114649681,4.822368421052632,0.03161290322580645,0.05806451612903226,38.75333333333333,48861.38157894737,3.2275641025641026,212.62820512820514,2656.0
20220503,19,-0.26,12.092993630573252,66.71337579617834,4.947019867549669,0.032903225806451615,0.08387096774193549,9.706666666666667,46916.02649006622,2.7352564102564085,190.83333333333334,307.25
20220503,20,-0.5,10.949044585987252,71.47770700636943,5.311258278145695,0.04516129032258064,0.06451612903225806,0.0,43888.67549668874,2.399358974358973,183.01282051282053,0.75
20220503,21,-0.71,10.039490445859876,75.09554140127389,5.14,0.021935483870967745,0.08387096774193549,0,41874.834437086094,2.1741935483870973,173.09677419354838,0.0
20220503,22,-0.87,9.263057324840764,78.26751592356688,4.68,0.04387096774193548,0.09032258064516129,0,39004.76821192053,2.062580645161291,177.29032258064515,0.0
20220503,23,-0.97,8.5828025477707,80.73248407643312,5.093333333333334,0.05548387096774193,0.1032258064516129,0,37655.09933774835,1.994838709677419,189.67741935483872,0.0
20220504,00,-1.0,8.072611464968153,82.73885350318471,5.172185430463577,0.02645161290322581,0.07741935483870968,0,35614.07894736842,1.8593548387096759,191.16129032258064,0.0
20220504,01,-0.97,7.522929936305735,84.4267515923567,5.33112582781457,0.011612903225806452,0.05806451612903226,0,33819.67105263158,1.7754838709677423,203.2258064516129,0.0
20220504,02,-0.87,7.13205128205128,85.57051282051282,5.741721854304636,0.0,0.03870967741935484,0,32219.735099337748,1.7929032258064526,195.74193548387098,0.0
20220504,03,-0.71,6.863461538461538,87.02564102564102,5.728476821192053,0.0064516129032258064,0.05806451612903226,0.0,30253.90728476821,1.7387096774193544,200.25806451612902,0.0
20220504,04,-0.5,6.688387096774193,87.74193548387096,5.82,0.016129032258064516,0.03225806451612903,0.0,28110.264900662252,1.6322580645161289,182.83870967741936,30.5
20220504,05,-0.26,7.327741935483874,86.00645161290322,5.973333333333334,0.008441558441558443,0.07142857142857142,8.75,29569.933333333334,1.5740259740259737,190.84415584415584,1112.25
20220504,06,-0.0,8.924516129032256,80.43225806451613,5.76,0.0025974025974025974,0.11688311688311688,23.5472972972973,33166.26666666667,1.6012987012987019,194.54545454545453,4987.25
20220504,07,0.26,10.707096774193552,72.84516129032258,5.68,0.0013071895424836603,0.10457516339869281,30.243243243243242,38726.13333333333,1.8064935064935064,177.27272727272728,10975.5
20220504,08,0.5,12.150322580645167,66.64516129032258,5.566666666666666,0.0,0.0915032679738562,34.83108108108108,42219.6,1.962337662337663,187.66233766233765,17325.0
20220504,09,0.71,13.368387096774192,61.883870967741935,5.786666666666667,0.00457516339869281,0.09803921568627451,36.054054054054056,44544.26666666667,2.156493506493507,203.7012987012987,22784.0
20220504,10,0.87,14.339999999999993,59.16774193548387,5.846666666666667,0.0869281045751634,0.1503267973856209,36.486486486486484,44028.6,2.2948051948051944,187.7922077922078,26796.25
20220504,11,0.97,14.963870967741938,57.08387096774194,5.8533333333333335,0.05163398692810458,0.1503267973856209,34.932432432432435,43645.26666666667,2.4240259740259753,197.33766233766235,27836.5
20220504,12,1.0,15.435483870967738,56.13548387096774,5.953333333333333,0.1843137254901961,0.21568627450980393,31.483221476510067,44380.53333333333,2.490259740259739,202.27272727272728,26401.75
20220504,13,0.97,15.74774193548387,55.12258064516129,6.18,0.06339869281045753,0.20915032679738563,28.38255033557047,45894.333333333336,2.643506493506492,212.85714285714286,24247.25
20220504,14,0.87,15.94967741935484,54.71612903225807,6.486666666666666,0.3333333333333333,0.2222222222222222,29.885906040268456,44260.402684563756,2.76883116883117,206.42857142857142,21133.5
20220504,15,0.71,15.770322580645162,55.9741935483871,6.54,0.14183006535947712,0.20261437908496732,28.51006711409396,44596.97986577181,2.841558441558442,201.1038961038961,16777.75
20220504,16,0.5,15.25612903225806,58.019354838709674,6.793333333333333,0.21307189542483665,0.24183006535947713,25.08724832214765,45466.066666666666,2.9071428571428584,214.0909090909091,11685.5
20220504,17,0.26,14.65096774193549,60.86451612903226,6.8533333333333335,0.1405228758169935,0.27450980392156865,23.08724832214765,45033.0,2.7305194805194812,211.88311688311688,6380.0
20220504,18,0.0,13.55935483870967,65.6038961038961,6.6066666666666665,0.2673202614379086,0.24183006535947713,21.12751677852349,44201.933333333334,2.573376623376625,211.1038961038961,2349.0
20220504,19,-0.26,12.05677419354839,72.44805194805195,6.746666666666667,0.2019607843137255,0.2222222222222222,5.194630872483222,40677.46666666667,2.3740259740259746,218.11688311688312,296.0
20220504,20,-0.5,11.014193548387096,76.63636363636364,6.493333333333333,0.1215686274509804,0.1830065359477124,0.0,38490.0,2.1753246753246755,208.57142857142858,0.5
20220504,21,-0.71,10.303225806451618,79.8961038961039,6.54,0.14836601307189543,0.17647058823529413,0,36148.46666666667,1.99025974025974,202.53246753246754,0.0
20220504,22,-0.87,9.762580645161288,82.35064935064935,6.673333333333333,0.08169934640522876,0.21568627450980393,0,33703.2,1.8779220779220775,205.7792207792208,0.0
20220504,23,-0.97,9.266451612903223,84.46103896103897,6.306666666666667,0.05686274509803921,0.20915032679738563,0,31298.0,1.8188311688311682,205.97402597402598,0.0
20220505,00,-1.0,8.845806451612896,85.68831168831169,6.6466666666666665,0.027450980392156862,0.16339869281045752,0,29055.6,1.7311688311688314,218.1818181818182,0.0
20220505,01,-0.97,8.470322580645163,87.00649350649351,6.873333333333333,0.049019607843137254,0.20261437908496732,0,26669.466666666667,1.7454545454545458,222.66233766233765,0.0
20220505,02,-0.87,8.198064516129033,87.8896103896104,6.8533333333333335,0.045098039215686274,0.23529411764705882,0,25431.4,1.811688311688313,228.7012987012987,0.0
20220505,03,-0.71,7.900000000000001,88.56493506493507,6.78,0.04444444444444443,0.23529411764705882,0.0,22918.266666666666,1.7792207792207795,225.71428571428572,0.0
20220505,04,-0.5,7.584516129032259,89.6038961038961,6.746666666666667,0.05490196078431374,0.27450980392156865,0.0,21242.866666666665,1.7603896103896102,216.55844155844156,30.75
20220505,05,-0.26,8.008387096774193,89.07142857142857,6.726666666666667,0.0457516339869281,0.22875816993464052,8.85234899328859,21846.4,1.7181818181818183,221.94805194805195,1061.0
20220505,06,-0.0,9.3,85.03896103896103,6.506666666666667,0.03986928104575163,0.22875816993464052,18.523489932885905,24269.0,1.7207792207792205,229.15584415584416,4560.0
20220505,07,0.26,10.632903225806448,79.7987012987013,6.34,0.032467532467532464,0.14935064935064934,24.288590604026847,28239.4,1.8805194805194803,238.24675324675326,9841.75
20220505,08,0.5,11.747741935483873,74.44155844155844,6.513333333333334,0.02922077922077922,0.14935064935064934,26.493243243243242,31062.866666666665,2.0759740259740256,241.1038961038961,15768.75
20220505,09,0.71,12.791025641025644,69.4,6.529801324503311,0.028387096774193547,0.16129032258064516,29.516778523489933,33600.666666666664,2.2296774193548385,249.2258064516129,20735.75
20220505,10,0.87,13.795541401273885,64.28205128205128,6.493421052631579,0.00903225806451613,0.11612903225806452,30.59731543624161,36699.40789473684,2.3525641025641018,240.64102564102564,24483.5
20220505,11,0.97,14.636942675159236,60.71153846153846,6.506578947368421,0.009677419354838712,0.0967741935483871,31.933333333333334,40150.19736842105,2.441666666666667,240.0,26397.25
20220505,12,1.0,15.205095541401267,58.02564102564103,6.5,0.008387096774193548,0.12258064516129032,32.48344370860927,41236.25,2.6115384615384607,228.46153846153845,25947.75
20220505,13,0.97,15.510191082802548,56.493589743589745,6.671052631578948,0.02258064516129032,0.12903225806451613,27.496688741721854,42330.72368421053,2.878205128205129,242.69230769230768,24278.25
20220505,14,0.87,15.776433121019107,55.42948717948718,6.447368421052632,0.052903225806451605,0.10967741935483871,29.132450331125828,44977.82894736842,3.0724358974358985,233.33333333333334,21266.25
20220505,15,0.71,15.773885350318462,55.46153846153846,6.671052631578948,0.02129032258064516,0.13548387096774195,27.556291390728475,44900.46052631579,3.261538461538461,238.2051282051282,16517.75
20220505,16,0.5,15.5547770700637,56.333333333333336,6.342105263157895,0.044516129032258066,0.11612903225806452,26.67549668874172,45415.92105263158,3.332051282051285,245.83333333333334,11484.75
20220505,17,0.26,14.930573248407637,58.743589743589745,5.907894736842105,0.18645161290322582,0.11612903225806452,25.688741721854306,45434.40789473684,3.294871794871797,235.0,6370.0
20220505,18,0.0,14.04649681528663,62.64102564102564,5.5131578947368425,0.13935483870967738,0.12903225806451613,22.602649006622517,44809.93421052631,3.000641025641026,211.28205128205127,2408.0
20220505,19,-0.26,12.55732484076433,68.42307692307692,5.526315789473684,0.21225806451612902,0.1032258064516129,7.947019867549669,42500.13157894737,2.5275641025641016,202.56410256410257,332.75
20220505,20,-0.5,11.33885350318471,73.47435897435898,5.644736842105263,0.08322580645161291,0.13548387096774195,0.0,40537.82894736842,2.1833333333333345,214.03846153846155,0.5
20220505,21,-0.71,10.510828025477704,76.47435897435898,5.296052631578948,0.16193548387096776,0.12258064516129032,0,40425.52631578947,2.1076923076923078,210.64102564102564,0.0
20220505,22,-0.87,9.736942675159234,79.71153846153847,5.065789473684211,0.18645161290322582,0.13548387096774195,0,36139.40789473684,2.021153846153846,203.07692307692307,0.0
20220505,23,-0.97,9.056050955414012,82.33974358974359,5.0131578947368425,0.11935483870967742,0.13548387096774195,0,34619.67105263158,1.9532051282051286,207.24358974358975,0.0
20220506,00,-1.0,8.524840764331213,84.42307692307692,5.125,0.10838709677419353,0.13548387096774195,0,32263.88157894737,1.8205128205128212,206.66666666666666,0.0
20220506,01,-0.97,8.075159235668796,86.01923076923077,4.907894736842105,0.08774193548387098,0.11612903225806452,0,30785.13157894737,1.7782051282051277,213.01282051282053,0.0
20220506,02,-0.87,7.684076433121025,87.17307692307692,4.842105263157895,0.0464516129032258,0.11612903225806452,0,29752.697368421053,1.7538461538461532,215.0,0.0
20220506,03,-0.71,7.379617834394909,87.93589743589743,4.9605263157894735,0.03612903225806451,0.11612903225806452,0.0,27658.157894736843,1.7217948717948712,206.7948717948718,0.0
20220506,04,-0.5,7.1286624203821685,88.61538461538461,4.592105263157895,0.03290322580645161,0.0967741935483871,0.07947019867549669,26204.86842105263,1.7378205128205129,214.55128205128204,44.0
20220506,05,-0.26,7.930573248407643,85.8076923076923,4.427631578947368,0.03999999999999999,0.12903225806451613,16.66887417218543,27872.105263157893,1.7435897435897436,201.02564102564102,1094.0
20220506,06,-0.0,9.764968152866244,79.43589743589743,4.526315789473684,0.0567741935483871,0.12258064516129032,33.63576158940398,30972.302631578947,1.7301282051282039,200.51282051282053,4851.0
20220506,07,0.26,11.508917197452229,72.7051282051282,4.078947368421052,0.04258064516129032,0.1032258064516129,35.735099337748345,34116.51315789474,1.984615384615384,195.19230769230768,10586.75
20220506,08,0.5,13.038216560509545,66.92307692307692,4.092105263157895,0.03096774193548387,0.10967741935483871,39.59602649006622,35100.19736842105,2.293589743589744,184.80769230769232,16613.75
20220506,09,0.71,14.16050955414012,62.33974358974359,4.230263157894737,0.023870967741935485,0.12258064516129032,40.5364238410596,39791.44736842105,2.7480769230769226,176.7948717948718,21692.25
20220506,10,0.87,14.964331210191078,59.44230769230769,4.671052631578948,0.02387096774193549,0.1032258064516129,38.86092715231788,41395.46052631579,3.0705128205128185,157.05128205128204,24633.25
20220506,11,0.97,15.667515923566874,57.032051282051285,5.2368421052631575,0.021290322580645164,0.07741935483870968,35.271523178807946,43949.14473684211,3.132692307692308,159.6153846153846,25466.75
20220506,12,1.0,16.192356687898084,54.98717948717949,5.342105263157895,0.021290322580645164,0.0967741935483871,31.543046357615893,45635.92105263158,3.062179487179487,155.64102564102564,24711.75
20220506,13,0.97,16.510191082802546,54.32692307692308,5.605263157894737,0.05806451612903226,0.1032258064516129,29.649006622516556,45562.43421052631,2.9826923076923073,157.62820512820514,22706.25
20220506,14,0.87,16.84076433121019,53.583333333333336,5.822368421052632,0.04387096774193549,0.12258064516129032,28.05298013245033,48152.56578947369,2.94423076923077,170.7051282051282,19970.75
20220506,15,0.71,16.875159235668796,53.40384615384615,5.881578947368421,0.04774193548387097,0.12258064516129032,25.980132450331126,48990.39473684211,2.933974358974359,161.0897435897436,16388.5
20220506,16,0.5,16.738216560509553,53.80128205128205,5.894736842105263,0.13483870967741937,0.09032258064516129,23.721854304635762,50230.78947368421,2.780769230769232,170.96153846153845,11706.75
20220506,17,0.26,16.429936305732483,55.07692307692308,5.671052631578948,0.044516129032258066,0.06451612903225806,23.357615894039736,50923.88157894737,2.569230769230769,180.57692307692307,6820.75
20220506,18,0.0,15.661783439490431,58.62820512820513,5.5855263157894735,0.021290322580645164,0.07096774193548387,20.90728476821192,50393.22368421053,2.2435897435897423,182.69230769230768,2663.5
20220506,19,-0.26,14.085987261146498,65.10897435897436,5.269736842105263,0.03225806451612903,0.07741935483870968,8.754966887417218,48462.23684210526,1.930769230769231,201.60256410256412,355.5
20220506,20,-0.5,12.767515923566874,70.53205128205128,5.0131578947368425,0.01935483870967742,0.07096774193548387,0.0,46317.03947368421,1.7262820512820507,187.1153846153846,0.5
20220506,21,-0.71,11.82292993630573,74.59615384615384,4.743421052631579,0.03354838709677419,0.0967741935483871,0,44272.10526315789,1.6782051282051287,183.46153846153845,0.0
20220506,22,-0.87,11.033757961783442,78.03205128205128,4.493421052631579,0.045161290322580636,0.08387096774193549,0,41581.90789473684,1.5935483870967746,186.28205128205127,0.0
20220506,23,-0.97,10.402547770700632,80.69871794871794,4.269736842105263,0.03290322580645161,0.0967741935483871,0,38068.42105263158,1.62516129032258,194.70967741935485,0.0
20220507,00,-1.0,9.78917197452229,82.93589743589743,4.375,0.019354838709677424,0.10967741935483871,0,36359.86842105263,1.6238709677419358,195.74193548387098,0.0
20220507,01,-0.97,9.41019108280255,84.25641025641026,4.565789473684211,0.00838709677419355,0.08387096774193549,0,33873.61842105263,1.7044871794871794,202.56410256410257,0.0
20220507,02,-0.87,8.91847133757962,85.96153846153847,4.572368421052632,0.012903225806451613,0.1032258064516129,0,31498.552631578947,1.6967948717948718,194.67948717948718,0.0
20220507,03,-0.71,8.652229299363059,86.86538461538461,5.099337748344371,0.03096774193548387,0.06451612903225806,0.0,29946.57894736842,1.703846153846154,194.55128205128204,0.0
20220507,04,-0.5,8.559872611464968,87.28205128205128,5.266666666666667,0.011612903225806452,0.09032258064516129,0.09271523178807947,28476.513157894737,1.7108974358974354,199.2948717948718,45.75
20220507,05,-0.26,9.299999999999997,85.18589743589743,5.266666666666667,0.01806451612903226,0.1032258064516129,11.927152317880795,28633.486842105263,1.7012820512820515,196.4102564102564,1227.25
20220507,06,-0.0,11.21082802547771,79.01923076923077,5.293333333333333,0.0167741935483871,0.13548387096774195,29.112582781456954,32629.53947368421,1.7006410256410254,201.02564102564102,5179.25
20220507,07,0.26,13.094267515923567,72.12820512820512,5.3509933774834435,0.012903225806451613,0.14193548387096774,34.80794701986755,33733.94736842105,1.907051282051283,195.25641025641025,11070.0
20220507,08,0.5,14.765605095541403,65.76282051282051,5.105960264900662,0.01806451612903226,0.12903225806451613,37.77483443708609,35901.51315789474,2.1717948717948725,202.43589743589743,17429.5
20220507,09,0.71,15.991082802547771,60.666666666666664,5.1655629139072845,0.0296774193548387,0.14193548387096774,38.89403973509934,38340.92105263158,2.4512820512820492,195.32051282051282,22822.0
20220507,10,0.87,16.811464968152865,56.87179487179487,5.7947019867549665,0.032258064516129024,0.14838709677419354,36.83221476510067,42165.32894736842,2.767741935483871,191.0897435897436,25582.5
20220507,11,0.97,17.250955414012733,55.532051282051285,6.072847682119205,0.03096774193548387,0.12903225806451613,29.503355704697988,43596.71052631579,2.9361290322580627,185.44871794871796,25765.5
20220507,12,1.0,17.736305732484073,54.06410256410256,6.132450331125828,0.02387096774193548,0.15483870967741936,29.08053691275168,43834.60526315789,3.08,196.15384615384616,24939.75
20220507,13,0.97,17.85414012738853,54.07051282051282,6.543046357615894,0.06038961038961037,0.18831168831168832,26.51006711409396,45573.09210526316,3.1406451612903235,195.06410256410257,23195.0
20220507,14,0.87,17.801910828025477,53.955128205128204,6.483443708609271,0.0805194805194805,0.2077922077922078,27.773333333333333,48120.92105263158,3.279999999999999,191.28205128205127,20525.75
20220507,15,0.71,17.61082802547771,55.032051282051285,6.099337748344371,0.12272727272727274,0.21428571428571427,28.69333333333333,47605.92105263158,3.445806451612903,200.19230769230768,16489.5
20220507,16,0.5,17.196178343949047,57.26923076923077,6.105960264900662,0.08181818181818182,0.22077922077922077,26.78,48111.77631578947,3.47483870967742,193.01282051282053,11890.5
20220507,17,0.26,16.456050955414007,59.84615384615385,5.947019867549669,0.09741935483870968,0.1870967741935484,28.066666666666666,48608.88157894737,3.3264516129032273,184.10256410256412,6763.5
20220507,18,0.0,15.34458598726115,64.74358974358974,5.880794701986755,0.21753246753246752,0.15584415584415584,25.133333333333333,46558.55263157895,3.185161290322582,182.75641025641025,2614.75
20220507,19,-0.26,13.880891719745218,70.62820512820512,5.960264900662252,0.0948051948051948,0.16883116883116883,9.593333333333334,43817.30263157895,2.77051282051282,200.12820512820514,369.0
20220507,20,-0.5,12.747133757961784,75.2948717948718,6.125827814569536,0.0935483870967742,0.14838709677419354,0.0,40108.42105263158,2.583333333333335,207.56410256410257,1.5
20220507,21,-0.71,11.828025477707001,78.41025641025641,5.993377483443709,0.03870967741935484,0.07741935483870968,0,37907.17105263158,2.5256410256410247,202.94871794871796,0.0
20220507,22,-0.87,11.094267515923567,81.05128205128206,5.66887417218543,0.00838709677419355,0.05806451612903226,0,35760.78947368421,2.498717948717949,205.7051282051282,0.0
20220507,23,-0.97,10.507006369426747,82.96794871794872,5.112582781456954,0.00967741935483871,0.07096774193548387,0,33005.39473684211,2.4737179487179484,205.64102564102564,0.0
20220508,00,-1.0,10.098089171974516,84.11538461538461,4.874172185430464,0.01032258064516129,0.08387096774193549,0,31266.25,2.4660256410256416,198.5897435897436,0.0
20220508,01,-0.97,9.553503184713378,85.3076923076923,5.052980132450331,0.005806451612903226,0.07741935483870968,0,29435.065789473683,2.5371794871794875,203.46153846153845,0.0
20220508,02,-0.87,9.118471337579617,86.58974358974359,5.125827814569536,0.004516129032258064,0.06451612903225806,0,27550.592105263157,2.5166666666666675,196.02564102564102,0.0
20220508,03,-0.71,8.678343949044583,87.66666666666667,5.549668874172186,0.0012903225806451613,0.07096774193548387,0.0,25770.526315789473,2.522435897435898,214.48717948717947,0.0
20220508,04,-0.5,8.308917197452228,88.73717948717949,5.364238410596027,0.014193548387096775,0.0967741935483871,0.07947019867549669,23923.88157894737,2.548717948717948,205.96153846153845,51.0
20220508,05,-0.26,8.67452229299363,87.3076923076923,5.158940397350993,0.0012903225806451613,0.07741935483870968,15.860927152317881,24125.592105263157,2.6288461538461525,203.97435897435898,1223.25
20220508,06,-0.0,9.905095541401275,82.7948717948718,5.251655629139073,0.0012903225806451613,0.05161290322580645,30.178807947019866,27416.315789473683,2.847435897435898,201.92307692307693,4959.25
20220508,07,0.26,11.131847133757965,77.73076923076923,5.112582781456954,0.0006451612903225806,0.06451612903225806,33.602649006622514,28961.052631578947,3.1564102564102563,202.75641025641025,10508.5
20220508,08,0.5,12.421019108280262,72.25,4.821192052980132,0.0,0.06451612903225806,35.00662251655629,33982.10526315789,3.324999999999999,185.12820512820514,16820.25
20220508,09,0.71,13.573885350318474,67.33974358974359,4.470198675496689,0.0,0.04516129032258064,39.437086092715234,37223.94736842105,3.385256410256411,193.01282051282053,22711.25
20220508,10,0.87,14.635668789808918,62.32692307692308,4.337748344370861,0.001935483870967742,0.05161290322580645,40.3,40689.47368421053,3.515483870967741,183.9102564102564,26819.25
20220508,11,0.97,15.429299363057337,58.58974358974359,4.403973509933775,0.0,0.05161290322580645,39.92,42575.72368421053,3.683870967741935,186.98717948717947,28823.75
20220508,12,1.0,15.961783439490446,56.08974358974359,4.026490066225166,0.03483870967741936,0.06451612903225806,39.18666666666667,45355.78947368421,3.7909677419354826,178.78205128205127,28155.5
20220508,13,0.97,16.452229299363058,54.032051282051285,3.986754966887417,0.05806451612903226,0.06451612903225806,40.20666666666666,45923.02631578947,3.912258064516129,173.71794871794873,26719.25
20220508,14,0.87,16.754140127388535,53.166666666666664,4.046357615894039,0.021290322580645164,0.1032258064516129,39.38666666666666,47206.77631578947,3.847741935483871,164.03846153846155,24448.25
20220508,15,0.71,16.711464968152868,52.44871794871795,4.033112582781457,0.08709677419354839,0.11612903225806452,40.406666666666666,48207.36842105263,3.8238709677419367,166.47435897435898,20336.75
20220508,16,0.5,16.531210191082796,52.56410256410256,3.6887417218543046,0.032467532467532464,0.08441558441558442,40.873333333333335,49571.25,3.6909677419354847,159.87179487179486,14781.25
20220508,17,0.26,16.036942675159235,53.94871794871795,3.7019867549668874,0.02922077922077922,0.06493506493506493,41.513333333333335,51006.77631578947,3.5541935483870972,158.5897435897436,8438.75
20220508,18,0.0,14.99681528662421,57.94871794871795,3.3046357615894038,0.024675324675324677,0.03896103896103896,41.14,50665.06578947369,3.2858064516129026,136.92307692307693,3166.5
20220508,19,-0.26,13.319108280254774,64.25,3.2913907284768213,0.00909090909090909,0.032467532467532464,19.533333333333335,48188.75,2.7980645161290325,130.51282051282053,501.25
20220508,20,-0.5,11.736305732484077,70.74358974358974,2.8874172185430464,0.0,0.012903225806451613,0.0,45744.47368421053,2.484615384615384,133.52564102564102,1.5
20220508,21,-0.71,10.815286624203818,74.0448717948718,2.9205298013245033,0.0006451612903225806,0.0064516129032258064,0,44678.09210526316,2.3884615384615366,117.43589743589743,0.0
20220508,22,-0.87,10.042675159235673,76.75,2.7880794701986753,0.0,0.012903225806451613,0,42435.13157894737,2.287820512820513,109.67948717948718,0.0
20220508,23,-0.97,9.356050955414014,79.12179487179488,2.4900662251655628,0.0,0.0064516129032258064,0,41948.75,2.197435897435898,106.98717948717949,0.0
20220509,00,-1.0,8.66687898089172,81.82051282051282,2.403973509933775,0.0,0.0,0,39665.06578947369,2.117948717948718,127.75641025641026,0.0
20220509,01,-0.97,8.107006369426752,84.17307692307692,2.185430463576159,0.0,0.0064516129032258064,0,37686.64473684211,2.034615384615384,125.44871794871794,0.0
20220509,02,-0.87,7.691719745222925,85.18589743589743,1.8741721854304636,0.0,0.0064516129032258064,0,36354.27631578947,2.059615384615385,125.83333333333333,0.0
20220509,03,-0.71,7.19617834394904,86.84615384615384,1.6887417218543046,0.0,0.0,0.0,33341.57894736842,2.0403846153846157,128.07692307692307,0.0
20220509,04,-0.5,6.922292993630573,87.52564102564102,1.6887417218543046,0.0,0.0064516129032258064,0.4966887417218543,32198.223684210527,2.0371794871794866,136.66666666666666,65.0
20220509,05,-0.26,8.10828025477707,83.82051282051282,1.6026490066225165,0.0,0.0,31.04635761589404,33675.19736842105,2.048076923076923,136.53846153846155,1622.0
20220509,06,-0.0,10.365605095541397,76.26282051282051,1.4834437086092715,0.0,0.0,53.42384105960265,37539.47368421053,2.1833333333333327,122.88461538461539,6822.0
20220509,07,0.26,12.50828025477707,68.02564102564102,1.1788079470198676,0.0,0.0,56.437086092715234,41892.23684210526,2.4846153846153842,116.02564102564102,14691.0
20220509,08,0.5,14.5,62.032051282051285,0.9072847682119205,0.0,0.0,57.873333333333335,45703.94736842105,2.6801282051282054,102.82051282051282,23036.75
20220509,09,0.71,16.118471337579617,56.97435897435897,0.9933774834437086,0.0,0.0064516129032258064,57.906666666666666,46108.42105263158,2.7948387096774217,103.3974358974359,29557.75
20220509,10,0.87,17.430573248407644,52.58974358974359,1.3311258278145695,0.01741935483870968,0.0064516129032258064,56.006711409395976,48347.03947368421,3.0232258064516127,104.23076923076923,33248.25
20220509,11,0.97,18.407006369426757,49.12179487179487,1.5629139072847682,0.005806451612903225,0.01935483870967742,54.966442953020135,49548.15789473684,3.2116129032258067,106.98717948717949,34470.25
20220509,12,1.0,19.137579617834398,46.666666666666664,1.6225165562913908,0.01096774193548387,0.025806451612903226,53.78666666666667,50052.10526315789,3.3051282051282045,110.51282051282051,34009.75
20220509,13,0.97,19.62292993630573,45.22435897435897,1.8741721854304636,0.023870967741935485,0.025806451612903226,52.35333333333333,49782.10526315789,3.1935897435897433,106.7948717948718,31991.25
20220509,14,0.87,20.08726114649681,43.6474358974359,1.8543046357615893,0.005161290322580645,0.01935483870967742,51.11333333333334,52493.88157894737,3.0839743589743582,115.76923076923077,28661.0
20220509,15,0.71,20.351592356687902,42.782051282051285,2.185430463576159,0.0,0.03225806451612903,51.82,53161.90789473684,2.935256410256411,117.05128205128206,24042.0
20220509,16,0.5,20.28025477707007,42.88461538461539,2.0264900662251657,0.0,0.012903225806451613,52.31333333333333,53919.14473684211,2.840384615384616,112.82051282051282,17243.0
20220509,17,0.26,19.803184713375796,44.42948717948718,2.052980132450331,0.0,0.0064516129032258064,52.48,54498.22368421053,2.785897435897436,119.23076923076923,9594.5
20220509,18,0.0,18.672611464968156,49.19230769230769,2.0,0.0,0.012903225806451613,53.4,54262.17105263158,2.6487179487179495,122.75641025641026,3360.5
20220509,19,-0.26,16.454140127388534,57.294871794871796,2.198675496688742,0.0,0.012903225806451613,18.596026490066226,52102.10526315789,2.2532051282051273,108.01282051282051,465.5
20220509,20,-0.5,14.664968152866237,63.8974358974359,2.5165562913907285,0.0012903225806451613,0.0064516129032258064,0.0,49790.85526315789,2.1064102564102574,111.85897435897436,1.0
20220509,21,-0.71,13.550955414012735,67.86538461538461,2.615894039735099,0.0,0.0,0,48089.27631578947,2.1064102564102556,125.51282051282051,0.0
20220509,22,-0.87,12.762420382165613,70.84615384615384,2.7019867549668874,0.0,0.0,0,45894.53947368421,2.0974358974358984,136.98717948717947,0.0
20220509,23,-0.97,12.186624203821651,72.6923076923077,3.066225165562914,0.0,0.0,0,45471.77631578947,2.1211538461538453,142.69230769230768,0.0
20220510,00,-1.0,11.660509554140127,74.2948717948718,3.337748344370861,0.0,0.0,0,43033.42105263158,2.086538461538462,154.6153846153846,0.0
20220510,01,-0.97,11.177707006369422,75.91025641025641,3.609271523178808,0.0,0.0,0,41529.14473684211,2.06602564102564,165.19230769230768,0.0
20220510,02,-0.87,10.717197452229293,77.51923076923077,4.456953642384106,0.0,0.0,0,40475.72368421053,2.0705128205128207,158.78205128205127,0.0
20220510,03,-0.71,10.275796178343944,79.08974358974359,4.920529801324503,0.0,0.0,0.0,38637.10526315789,2.0775641025641023,164.10256410256412,0.0
20220510,04,-0.5,10.145222929936308,79.75,5.642384105960265,0.0,0.0,0.3841059602649007,36050.46052631579,2.171153846153845,160.44871794871796,78.25
20220510,05,-0.26,11.175796178343948,76.77564102564102,5.357615894039735,0.0,0.0,21.99337748344371,37424.80263157895,2.147435897435897,170.64102564102564,1818.25
20220510,06,-0.0,13.376433121019105,71.12179487179488,5.3907284768211925,0.0,0.0,40.5364238410596,39463.61842105263,2.1057692307692295,167.5,6823.5
20220510,07,0.26,15.724203821656058,64.67948717948718,5.920529801324503,0.0,0.0,50.13245033112583,43857.63157894737,2.2416666666666667,171.7948717948718,13913.5
20220510,08,0.5,17.911464968152874,58.8525641025641,5.655629139072848,0.0,0.012903225806451613,52.913333333333334,44835.92105263158,2.508974358974359,181.53846153846155,20992.25
20220510,09,0.71,19.770700636942667,53.30573248407644,5.688741721854305,0.0012903225806451613,0.01935483870967742,54.147651006711406,44813.61842105263,2.849999999999999,195.51282051282053,27066.5
20220510,10,0.87,21.03949044585986,48.88535031847134,6.105960264900662,0.0032258064516129032,0.03225806451612903,50.81208053691275,48191.64473684211,3.2769230769230777,197.37179487179486,30669.25
20220510,11,0.97,21.88216560509554,45.8343949044586,6.5364238410596025,0.0070967741935483875,0.03225806451612903,45.86666666666667,48276.31578947369,3.7346153846153833,206.34615384615384,30690.5
20220510,12,1.0,22.46815286624204,43.53503184713376,6.569536423841059,0.011612903225806452,0.05806451612903226,40.45333333333333,49465.19736842105,4.057692307692306,208.14102564102564,29168.0
20220510,13,0.97,22.801273885350316,41.94267515923567,6.880794701986755,0.012258064516129033,0.07741935483870968,37.04,49642.89473684211,4.2435897435897445,211.0897435897436,26567.5
20220510,14,0.87,22.742307692307698,42.12179487179487,7.206666666666667,0.012903225806451613,0.07741935483870968,32.25333333333333,49335.3642384106,4.396129032258065,221.21794871794873,22554.25
20220510,15,0.71,22.433333333333326,43.67948717948718,7.2,0.04193548387096774,0.09032258064516129,24.653333333333332,50329.60264900662,4.421935483870968,222.4516129032258,17271.75
20220510,16,0.5,21.951923076923087,45.23076923076923,7.6066666666666665,0.020129870129870133,0.1038961038961039,19.35333333333333,50361.12582781457,4.3103225806451615,230.83870967741936,11443.0
20220510,17,0.26,21.190384615384612,48.782051282051285,7.626666666666667,0.025974025974025976,0.2077922077922078,13.42,51132.71523178808,4.020645161290323,232.58064516129033,6283.0
20220510,18,0.0,20.032692307692308,53.56410256410256,7.68,0.06274509803921569,0.19607843137254902,7.72,48557.21854304636,3.4883870967741917,235.74193548387098,2512.75
20220510,19,-0.26,18.32628205128204,60.08387096774194,7.553333333333334,0.053289473684210525,0.17763157894736842,3.36,48746.02649006622,2.964516129032258,222.70967741935485,387.5
20220510,20,-0.5,16.952564102564114,65.32903225806452,7.326666666666667,0.032679738562091505,0.17647058823529413,0.0,45843.24503311258,2.6754838709677413,222.58064516129033,1.5
20220510,21,-0.71,16.140384615384615,68.7483870967742,7.373333333333333,0.04052287581699346,0.16993464052287582,0,45011.58940397351,2.616129032258065,215.3548387096774,0.0
20220510,22,-0.87,15.49294871794871,71.28387096774193,7.6066666666666665,0.021935483870967748,0.16129032258064516,0,44107.21854304636,2.618064516129032,219.80645161290323,0.0
20220510,23,-0.97,14.92243589743589,73.66451612903226,7.753333333333333,0.005806451612903226,0.11612903225806452,0,44035.03311258278,2.529677419354838,217.03225806451613,0.0
20220511,00,-1.0,14.504487179487178,75.53548387096774,7.753333333333333,0.0006451612903225806,0.1032258064516129,0,42267.28476821192,2.47483870967742,203.29032258064515,0.0
20220511,01,-0.97,14.166666666666666,77.2258064516129,7.806666666666667,0.0,0.09032258064516129,0,41895.3642384106,2.4722580645161267,201.2258064516129,0.0
20220511,02,-0.87,13.763461538461534,78.60645161290323,7.533333333333333,0.0006451612903225806,0.14838709677419354,0,39565.496688741725,2.495483870967743,188.83870967741936,0.0
20220511,03,-0.71,13.419871794871787,80.2,7.506666666666667,0.007096774193548387,0.16129032258064516,0.0,38180.79470198676,2.4477419354838714,190.4516129032258,0.0
20220511,04,-0.5,13.23205128205128,81.41935483870968,7.466666666666667,0.018064516129032256,0.17419354838709677,0.03333333333333333,35462.98013245033,2.4432258064516135,187.48387096774192,50.75
20220511,05,-0.26,13.839743589743588,79.83225806451613,6.966666666666667,0.016883116883116885,0.16883116883116883,6.42,37026.75496688742,2.5561290322580636,188.4516129032258,1306.75
20220511,06,-0.0,15.299358974358984,75.2516129032258,6.42,0.00909090909090909,0.18181818181818182,21.933333333333334,39627.615894039736,2.724516129032258,180.7741935483871,5144.75
20220511,07,0.26,17.07243589743589,69.24516129032259,5.72,0.011764705882352941,0.1437908496732026,32.513333333333335,41654.23841059603,3.201935483870968,190.32258064516128,11670.25
20220511,08,0.5,18.78717948717948,62.9741935483871,4.651006711409396,0.0012987012987012987,0.09740259740259741,41.10666666666667,44488.333333333336,3.8619354838709685,200.1290322580645,19474.0
20220511,09,0.71,20.285256410256416,57.78064516129032,4.222972972972973,0.0,0.07792207792207792,44.12751677852349,45441.54362416107,4.553246753246752,211.09677419354838,26315.0
20220511,10,0.87,21.606410256410257,52.806451612903224,3.7972972972972974,0.0,0.03896103896103896,46.7248322147651,43484.8322147651,5.259740259740259,218.32258064516128,30565.5
20220511,11,0.97,22.57307692307694,48.57419354838709,4.297297297297297,0.0,0.032467532467532464,46.29530201342282,46220.80536912752,5.911688311688314,230.7741935483871,32322.0
20220511,12,1.0,23.36666666666666,45.16774193548387,4.027027027027027,0.0,0.006493506493506494,48.09395973154363,46400.671140939594,6.360130718954251,233.5483870967742,32103.75
20220511,13,0.97,23.989743589743583,42.535483870967745,3.966442953020134,0.0,0.025974025974025976,47.852348993288594,49094.834437086094,6.5474025974025984,237.27272727272728,30302.25
20220511,14,0.87,24.1852564102564,41.41290322580645,3.8053691275167787,0.0,0.012987012987012988,47.73154362416108,49322.18543046358,6.613636363636363,238.44155844155844,27526.75
20220511,15,0.71,24.18974358974359,40.76129032258064,3.6375838926174495,0.0038961038961038965,0.012987012987012988,45.34228187919463,49120.39735099338,6.494155844155843,242.01298701298703,22751.5
20220511,16,0.5,23.960256410256413,41.019354838709674,3.6266666666666665,0.014935064935064933,0.032467532467532464,47.153333333333336,49823.24503311258,6.2212903225806455,243.29032258064515,16311.5
20220511,17,0.26,23.200000000000003,43.096774193548384,3.6133333333333333,0.026623376623376622,0.045454545454545456,46.85333333333333,51276.55629139073,5.812903225806452,246.38709677419354,9040.25
20220511,18,0.0,21.980769230769223,46.63870967741936,3.68,0.047058823529411764,0.0784313725490196,42.153333333333336,50778.87417218543,4.928387096774193,242.70967741935485,3266.25
20220511,19,-0.26,20.052564102564112,52.94193548387097,4.053333333333334,0.0627450980392157,0.11764705882352941,16.206666666666667,49219.60264900662,3.95741935483871,236.06451612903226,502.25
20220511,20,-0.5,18.67051282051282,57.49032258064516,4.193333333333333,0.05555555555555555,0.12418300653594772,0.006666666666666667,49141.39072847682,3.6000000000000028,234.7741935483871,2.0
20220511,21,-0.71,17.65448717948718,61.05161290322581,4.48,0.15228758169934642,0.1568627450980392,0,46997.08609271523,3.6174193548387072,228.32258064516128,0.0
20220511,22,-0.87,16.993589743589755,63.54838709677419,4.58,0.12171052631578949,0.18421052631578946,0,47851.12582781457,3.689032258064514,227.93548387096774,0.0
20220511,23,-0.97,16.362820512820505,66.38064516129032,4.706666666666667,0.1843137254901961,0.27450980392156865,0,45897.15231788079,3.8516129032258055,229.41935483870967,0.0
20220512,00,-1.0,15.805769230769238,68.49032258064516,4.953333333333333,0.17450980392156862,0.27450980392156865,0,46160.33112582781,4.241935483870969,228.96774193548387,0.0
20220512,01,-0.97,15.289102564102567,70.24516129032259,4.953333333333333,0.11960784313725493,0.2875816993464052,0,45375.82781456954,4.5051612903225795,240.19354838709677,0.0
20220512,02,-0.87,14.7326923076923,72.10322580645162,5.173333333333333,0.12875816993464048,0.32679738562091504,0,46051.52317880795,4.698709677419356,240.7741935483871,0.0
20220512,03,-0.71,14.112820512820516,74.29677419354839,5.086666666666667,0.07777777777777775,0.29411764705882354,0.0,46613.64238410596,4.687096774193549,249.41935483870967,0.0
20220512,04,-0.5,13.595512820512818,75.56129032258065,4.886666666666667,0.10915032679738564,0.1895424836601307,0.16,47015.43046357616,4.764516129032258,254.6451612903226,78.25
20220512,05,-0.26,13.65128205128205,74.85161290322581,4.513333333333334,0.03790849673202614,0.09803921568627451,16.88,49501.39072847682,4.778709677419357,255.48387096774192,1576.5
20220512,06,-0.0,14.294230769230762,71.86451612903225,4.526666666666666,0.0032679738562091504,0.0392156862745098,34.38,49884.30463576159,5.00258064516129,263.93548387096774,5832.75
20220512,07,0.26,15.007051282051284,67.43870967741935,4.5,0.00974025974025974,0.025974025974025976,38.32666666666667,50333.31125827815,5.313548387096773,270.51612903225805,12286.0
20220512,08,0.5,15.765384615384615,63.464516129032255,4.653333333333333,0.0,0.012987012987012988,41.46666666666667,52409.470198675495,5.561935483870967,270.1290322580645,19673.0
20220512,09,0.71,16.596153846153847,59.24516129032258,4.706666666666667,0.0,0.012987012987012988,43.42,53375.82781456954,5.585806451612901,270.1290322580645,25315.25
20220512,10,0.87,17.407692307692308,55.541935483870965,4.72,0.0,0.0,42.64,53430.46666666667,5.625806451612902,264.83870967741933,28402.5
20220512,11,0.97,18.123717948717957,52.438709677419354,4.513333333333334,0.0,0.0,44.17333333333333,55063.97350993378,5.647096774193547,265.93548387096774,30187.5
20220512,12,1.0,18.83846153846154,49.65806451612903,3.993333333333333,0.0,0.006493506493506494,45.28666666666667,54846.55629139073,5.6638709677419365,265.6774193548387,30972.75
20220512,13,0.97,19.37692307692308,47.08387096774194,4.213333333333333,0.0,0.0,46.153333333333336,54732.25165562914,5.6167741935483875,267.48387096774195,30071.25
20220512,14,0.87,19.68397435897436,45.903225806451616,4.773333333333333,0.0,0.01948051948051948,45.86666666666667,58033.5761589404,5.543870967741933,268.96774193548384,26647.5
20220512,15,0.71,19.674358974358974,45.70322580645161,5.253333333333333,0.0,0.0,43.973333333333336,56801.85430463576,5.4090322580645145,268.7741935483871,21174.75
20220512,16,0.5,19.25128205128204,47.26451612903226,5.8933333333333335,0.03376623376623377,0.025974025974025976,41.18666666666667,57289.27152317881,5.06516129032258,275.2258064516129,14657.0
20220512,17,0.26,18.505128205128205,50.23225806451613,6.64,0.05519480519480519,0.045454545454545456,34.946666666666665,56057.28476821192,4.596129032258063,275.2903225806452,8025.75
20220512,18,0.0,17.363461538461543,55.10322580645161,7.08,0.0805194805194805,0.08441558441558442,23.093333333333334,55299.93377483444,3.856129032258065,275.8709677419355,3184.25
20220512,19,-0.26,15.840384615384611,61.41935483870968,7.1466666666666665,0.05194805194805195,0.08441558441558442,7.493333333333333,53775.43046357616,3.12193548387097,265.48387096774195,575.25
20220512,20,-0.5,14.598717948717955,67.10322580645162,6.933333333333334,0.06753246753246754,0.11038961038961038,0.006666666666666667,52762.84768211921,2.6045161290322585,253.2258064516129,5.0
20220512,21,-0.71,13.616025641025653,71.71612903225807,6.586666666666667,0.11688311688311688,0.14935064935064934,0,49439.470198675495,2.4541935483870954,236.83870967741936,0.0
20220512,22,-0.87,12.998717948717951,74.36774193548388,6.36,0.1883116883116883,0.15584415584415584,0,49269.73509933775,2.507096774193549,232.51612903225808,0.0
20220512,23,-0.97,12.392948717948716,76.81935483870967,5.76,0.051298701298701295,0.12337662337662338,0,47692.384105960264,2.5032258064516126,236.1290322580645,0.0
20220513,00,-1.0,11.803205128205127,79.44516129032257,5.66,0.044805194805194806,0.15584415584415584,0,46055.62913907285,2.4522580645161303,234.19354838709677,0.0
20220513,01,-0.97,11.344230769230773,81.4258064516129,5.546666666666667,0.040259740259740266,0.17532467532467533,0,44535.76158940397,2.387096774193549,223.61290322580646,0.0
20220513,02,-0.87,10.922435897435895,83.30322580645161,5.32,0.04545454545454545,0.16233766233766234,0,41557.682119205296,2.356129032258064,226.90322580645162,0.0
20220513,03,-0.71,10.616666666666667,84.45806451612903,5.226666666666667,0.1422077922077922,0.18831168831168832,0.0,39875.562913907284,2.4258064516129028,220.6451612903226,0.0
20220513,04,-0.5,10.50961538461538,84.98709677419355,5.586666666666667,0.0844155844155844,0.21428571428571427,0.25333333333333335,38447.88079470199,2.538709677419353,225.41935483870967,89.75
20220513,05,-0.26,11.280128205128202,82.78709677419354,5.6866666666666665,0.06103896103896103,0.17532467532467533,14.08,39433.97350993378,2.555483870967743,225.80645161290323,1323.5
20220513,06,-0.0,12.563461538461535,77.96129032258065,5.926666666666667,0.10714285714285714,0.22077922077922077,22.253333333333334,39879.20529801324,2.816129032258065,227.03225806451613,4687.25
20220513,07,0.26,13.778205128205123,72.35483870967742,6.206666666666667,0.14322580645161287,0.25806451612903225,22.19333333333333,41520.39735099338,3.3999999999999995,241.67741935483872,9752.75
20220513,08,0.5,14.667307692307691,67.56129032258065,6.32,0.14838709677419354,0.17419354838709677,23.812080536912752,44306.82119205298,4.167741935483869,250.4516129032258,15013.0
20220513,09,0.71,15.349358974358978,63.50322580645161,6.413333333333333,0.17032258064516131,0.1870967741935484,25.812080536912752,44984.56953642384,4.887096774193548,258.06451612903226,19139.5
20220513,10,0.87,15.84294871794872,60.41935483870968,6.406666666666666,0.2348387096774194,0.18064516129032257,26.543624161073826,45479.07284768212,5.3806451612903246,259.35483870967744,21213.25
20220513,11,0.97,16.161538461538463,58.6258064516129,6.066666666666666,0.11677419354838708,0.17419354838709677,26.624161073825505,46431.7880794702,5.676774193548383,263.35483870967744,22791.25
20220513,12,1.0,16.596153846153847,56.79354838709678,6.033333333333333,0.07741935483870968,0.2129032258064516,28.986577181208055,46030.0,5.937419354838709,263.93548387096774,24288.5
20220513,13,0.97,16.960256410256413,55.47096774193548,5.666666666666667,0.044516129032258066,0.17419354838709677,32.395973154362416,49914.834437086094,6.054838709677418,263.16129032258067,24721.0
20220513,14,0.87,17.360256410256415,53.483870967741936,5.753333333333333,0.012258064516129031,0.0967741935483871,36.557046979865774,51285.82781456954,6.0038709677419355,270.64516129032256,23637.0
20220513,15,0.71,17.358598726114643,53.34615384615385,5.96,0.008387096774193548,0.1032258064516129,36.873333333333335,51035.39473684211,5.877419354838709,270.64102564102564,20352.75
20220513,16,0.5,17.28407643312102,52.743589743589745,5.847682119205298,0.0006451612903225806,0.11612903225806452,38.75496688741722,53195.32894736842,5.698717948717948,270.7692307692308,15145.25
20220513,17,0.26,16.922929936305735,53.73717948717949,5.470198675496689,0.0,0.05161290322580645,39.94701986754967,54151.57894736842,5.271794871794873,272.2435897435897,9151.0
20220513,18,0.0,16.16050955414012,56.3974358974359,5.470198675496689,0.0,0.03225806451612903,37.688741721854306,53333.02631578947,4.549358974358973,273.5897435897436,3696.5
20220513,19,-0.26,14.512101910828024,62.8525641025641,5.662251655629139,0.0,0.012903225806451613,16.28476821192053,52627.63157894737,3.6198717948717913,272.6923076923077,665.0
20220513,20,-0.5,13.005732484076432,69.03205128205128,5.635761589403973,0.01096774193548387,0.025806451612903226,0.006622516556291391,49911.18421052631,2.956410256410255,254.6153846153846,4.25
20220513,21,-0.71,12.059235668789805,72.90384615384616,4.887417218543046,0.0032258064516129032,0.025806451612903226,0,48505.06578947369,2.7262820512820505,240.57692307692307,0.0
20220513,22,-0.87,11.171337579617834,76.3076923076923,4.258278145695364,0.08967741935483871,0.01935483870967742,0,45836.97368421053,2.6455128205128204,227.37179487179486,0.0
20220513,23,-0.97,10.538853503184715,78.9423076923077,4.132450331125828,0.00967741935483871,0.025806451612903226,0,44495.98684210526,2.6461538461538465,230.83333333333334,0.0
20220514,00,-1.0,10.09808917197452,80.73717948717949,4.271523178807947,0.0006451612903225806,0.012903225806451613,0,42388.02631578947,2.599358974358976,220.57692307692307,0.0
20220514,01,-0.97,9.682802547770699,82.40384615384616,4.701986754966887,0.0,0.0064516129032258064,0,41480.06578947369,2.648076923076924,215.3846153846154,0.0
20220514,02,-0.87,9.29808917197453,83.87179487179488,4.662251655629139,0.0,0.0,0,39222.30263157895,2.6378205128205123,214.48717948717947,0.0
20220514,03,-0.71,9.134394904458595,84.47435897435898,4.754966887417218,0.0,0.012903225806451613,0.0,38807.17105263158,2.676282051282051,217.5,0.0
20220514,04,-0.5,8.992356687898083,85.1474358974359,4.847682119205298,0.0,0.0,0.18543046357615894,36915.46052631579,2.721794871794871,223.97435897435898,115.25
20220514,05,-0.26,9.9687898089172,82.05128205128206,4.589403973509934,0.0,0.0064516129032258064,20.85430463576159,38666.18421052631,2.775641025641026,217.62820512820514,1863.75
20220514,06,-0.0,11.823566878980895,75.87820512820512,4.357615894039735,0.0,0.0,39.50993377483444,42126.25,2.789102564102565,217.62820512820514,6864.25
20220514,07,0.26,13.656050955414015,69.02564102564102,4.490066225165563,0.0,0.0,45.03973509933775,41575.0,3.1185897435897427,221.4102564102564,14203.25
20220514,08,0.5,15.140127388535031,63.22435897435897,4.251655629139073,0.0,0.0,48.04635761589404,43192.30263157895,3.4237179487179468,229.55128205128204,21668.25
20220514,09,0.71,16.32101910828025,58.1025641025641,4.145695364238411,0.0,0.0064516129032258064,48.88666666666666,43521.18421052631,3.7493589743589766,238.33333333333334,27958.25
20220514,10,0.87,17.343312101910815,53.98717948717949,3.543046357615894,0.0,0.0,49.53333333333333,46468.48684210526,4.0557692307692275,245.96153846153845,31353.75
20220514,11,0.97,18.159872611464966,51.083333333333336,3.5231788079470197,0.0,0.0,48.92666666666667,47417.17105263158,4.380128205128206,257.8205128205128,32714.0
20220514,12,1.0,18.86178343949044,48.6025641025641,3.556291390728477,0.0,0.0,47.86,49915.52631578947,4.494871794871794,262.56410256410254,32492.0
20220514,13,0.97,19.32356687898089,46.19871794871795,3.576158940397351,0.0,0.0,47.526666666666664,50537.5,4.495512820512821,274.4871794871795,30891.5
20220514,14,0.87,19.69745222929935,44.73076923076923,3.6821192052980134,0.0,0.0,48.07333333333333,49408.35526315789,4.378205128205127,285.38461538461536,28073.0
20220514,15,0.71,19.821019108280254,43.80128205128205,3.596026490066225,0.0,0.0,50.413333333333334,51645.59210526316,4.278846153846156,285.70512820512823,23653.5
20220514,16,0.5,19.60509554140127,43.833333333333336,3.728476821192053,0.0,0.0,51.43333333333333,52778.22368421053,4.109615384615386,292.11538461538464,17392.25
20220514,17,0.26,19.08471337579618,45.19871794871795,3.8543046357615895,0.0,0.0,53.346666666666664,52832.82894736842,3.8974358974358982,291.02564102564105,9958.25
20220514,18,0.0,17.97388535031846,49.25,3.5496688741721854,0.0,0.0,56.2,53579.67105263158,3.4839743589743577,285.96153846153845,3816.75
20220514,19,-0.26,15.771974522292986,57.243589743589745,3.6556291390728477,0.0,0.0,31.053333333333335,51171.18421052631,2.737179487179486,258.71794871794873,711.5
20220514,20,-0.5,13.796815286624204,64.91666666666667,3.6026490066225167,0.0,0.0,0.052980132450331126,48803.42105263158,2.3044871794871797,215.0,6.0
20220514,21,-0.71,12.519108280254782,70.2948717948718,3.3509933774834435,0.0,0.0,0,46392.17105263158,2.063461538461538,208.33333333333334,0.0
20220514,22,-0.87,11.500636942675158,74.67948717948718,2.9536423841059603,0.0,0.0,0,43994.60526315789,1.9705128205128193,192.69230769230768,0.0
20220514,23,-0.97,10.750318471337586,77.83974358974359,2.8940397350993377,0.0,0.0,0,42956.51315789474,1.9615384615384612,196.34615384615384,0.0
20220515,00,-1.0,10.01592356687898,80.31410256410257,2.6821192052980134,0.0,0.0,0,40656.57894736842,1.9262820512820515,209.16666666666666,0.0
20220515,01,-0.97,9.337579617834399,82.57051282051282,2.7086092715231787,0.0,0.0,0,38370.0,1.8166666666666653,196.7948717948718,0.0
20220515,02,-0.87,8.785350318471338,84.1923076923077,2.7019867549668874,0.0,0.0,0,35796.44736842105,1.7782051282051277,199.03846153846155,0.0
20220515,03,-0.71,8.192356687898089,85.82051282051282,3.052980132450331,0.0,0.0,0.0,34401.64473684211,1.7416666666666674,182.30769230769232,0.0
20220515,04,-0.5,7.831210191082798,87.26923076923077,3.165562913907285,0.0,0.0,2.5033112582781456,32848.81578947369,1.646794871794872,187.37179487179486,139.75
20220515,05,-0.26,9.54394904458599,81.92948717948718,2.6556291390728477,0.0,0.0,41.88079470198676,35823.42105263158,1.5878205128205132,180.76923076923077,2118.0
20220515,06,-0.0,12.242675159235661,73.26282051282051,2.781456953642384,0.0,0.0,56.920529801324506,40897.56578947369,1.6660256410256409,172.30769230769232,7834.0
20220515,07,0.26,14.465605095541404,64.61538461538461,2.8543046357615895,0.0,0.0,57.65562913907285,44941.05263157895,2.003205128205129,159.6153846153846,15911.25
20220515,08,0.5,16.243312101910824,58.19871794871795,2.615894039735099,0.0,0.0,57.847682119205295,46708.09210526316,2.2544871794871795,142.8846153846154,23819.5
20220515,09,0.71,17.652229299363064,52.72435897435897,2.556291390728477,0.0,0.0,58.59602649006622,48682.43421052631,2.5019230769230756,145.19230769230768,30026.0
20220515,10,0.87,18.811464968152865,48.59615384615385,2.066225165562914,0.0,0.0,58.311258278145694,50560.92105263158,2.704487179487181,142.1153846153846,33964.5
20220515,11,0.97,19.691082802547772,45.55128205128205,2.152317880794702,0.0,0.0,58.503311258278146,51228.15789473684,2.855128205128205,141.7948717948718,35838.5
20220515,12,1.0,20.46242038216561,43.583333333333336,2.3112582781456954,0.0,0.0,58.59602649006622,51439.27631578947,2.830128205128204,138.39743589743588,35812.75
20220515,13,0.97,21.085987261146492,41.87179487179487,2.4966887417218544,0.0,0.0,59.00662251655629,52241.25,2.858333333333332,140.83333333333334,34198.75
20220515,14,0.87,21.45859872611464,40.782051282051285,2.7152317880794703,0.0,0.0,58.57615894039735,53420.72368421053,2.8634615384615394,129.03846153846155,30868.75
20220515,15,0.71,21.661783439490453,40.217948717948715,3.033112582781457,0.0,0.0,57.76158940397351,53829.14473684211,2.8653846153846154,133.07692307692307,25553.5
20220515,16,0.5,21.54458598726115,40.58974358974359,3.4834437086092715,0.0,0.0,58.41059602649007,55158.81578947369,2.9506410256410263,127.11538461538461,18272.0
20220515,17,0.26,20.93821656050955,42.37820512820513,4.013245033112582,0.0,0.0,57.89403973509934,57113.42105263158,3.043589743589744,106.6025641025641,10069.5
20220515,18,0.0,19.699363057324852,46.73717948717949,4.3907284768211925,0.0,0.0,55.0728476821192,55087.5,2.984615384615384,96.02564102564102,3845.75
20220515,19,-0.26,17.50509554140127,54.19230769230769,4.7947019867549665,0.0,0.0,27.91390728476821,53994.01315789474,2.727564102564103,89.1025641025641,748.25
20220515,20,-0.5,15.705732484076423,60.46153846153846,4.602649006622516,0.0,0.0,0.059602649006622516,53551.97368421053,2.585256410256409,92.62820512820512,6.75
20220515,21,-0.71,14.501273885350326,64.6025641025641,4.311258278145695,0.0,0.0,0,53555.06578947369,2.547435897435898,106.92307692307692,0.0
20220515,22,-0.87,13.596815286624203,67.93589743589743,4.543046357615894,0.0,0.0,0,51310.65789473684,2.553846153846154,110.0,0.0
20220515,23,-0.97,12.956050955414009,69.9551282051282,4.370860927152318,0.0,0.01935483870967742,0,50099.86842105263,2.496153846153847,119.87179487179488,0.0
20220516,00,-1.0,12.278980891719742,72.41025641025641,4.317880794701987,0.0032258064516129032,0.025806451612903226,0,50505.85526315789,2.349999999999999,126.98717948717949,0.0
20220516,01,-0.97,11.685350318471341,74.71153846153847,4.052980132450331,0.003870967741935484,0.01935483870967742,0,47832.82894736842,2.3064102564102567,137.62820512820514,0.0
20220516,02,-0.87,11.192993630573246,76.91666666666667,3.6953642384105962,0.0032258064516129032,0.03225806451612903,0,47082.69736842105,2.2423076923076914,135.06410256410257,0.0
20220516,03,-0.71,10.821019108280256,78.3974358974359,4.046357615894039,0.018709677419354837,0.04516129032258064,0.0,44712.76315789474,2.255769230769231,146.28205128205127,0.0
20220516,04,-0.5,10.989808917197456,78.52564102564102,4.364238410596027,0.001935483870967742,0.03225806451612903,3.0860927152317883,44793.22368421053,2.201923076923077,147.82051282051282,160.75
20220516,05,-0.26,12.433757961783439,74.4551282051282,4.662251655629139,0.03870967741935484,0.05806451612903226,31.774834437086092,45580.06578947369,2.208974358974359,141.60256410256412,1989.25
20220516,06,-0.0,14.449044585987256,68.42948717948718,5.079470198675497,0.02903225806451613,0.07096774193548387,40.397350993377486,47170.0,2.442307692307692,142.43589743589743,6535.25
20220516,07,0.26,16.291082802547773,62.6474358974359,5.735099337748345,0.031612903225806455,0.1032258064516129,42.88741721854305,46372.17105263158,2.835256410256411,143.97435897435898,12480.25
20220516,08,0.5,18.00127388535032,58.71153846153846,5.947019867549669,0.04451612903225806,0.14193548387096774,42.211920529801326,46574.60526315789,3.1884615384615387,143.01282051282053,17852.25
20220516,09,0.71,19.30700636942677,56.76923076923077,6.026490066225166,0.06129032258064517,0.16129032258064516,42.384105960264904,47597.56578947369,3.625641025641025,153.33333333333334,22018.25
20220516,10,0.87,20.175159235668787,55.455128205128204,6.450331125827814,0.1238709677419355,0.2064516129032258,38.36423841059602,45912.56578947369,3.949999999999998,156.02564102564102,24823.75
20220516,11,0.97,20.885350318471332,54.3525641025641,6.6066666666666665,0.1438709677419355,0.25161290322580643,36.682119205298015,47680.59210526316,4.171794871794872,166.4102564102564,25771.5
20220516,12,1.0,21.173885350318468,54.64102564102564,6.582781456953643,0.0896774193548387,0.27741935483870966,35.05298013245033,45947.03947368421,4.2576923076923086,173.52564102564102,24966.0
20220516,13,0.97,21.289808917197448,54.455128205128204,6.682119205298013,0.13096774193548388,0.23870967741935484,34.62251655629139,46297.76315789474,4.23525641025641,179.48717948717947,22625.75
20220516,14,0.87,21.054140127388525,56.52564102564103,7.072847682119205,0.2987096774193549,0.27741935483870966,30.980132450331126,47158.22368421053,4.103846153846155,190.3846153846154,18802.75
20220516,15,0.71,20.76114649681528,58.33974358974359,7.125827814569536,0.14967741935483875,0.2709677419354839,27.09271523178808,47285.0,4.001282051282052,187.05128205128204,14903.0
20220516,16,0.5,19.935668789808915,62.10897435897436,7.2052980132450335,0.5458064516129033,0.32903225806451614,21.2317880794702,45549.93421052631,3.9692307692307693,193.9102564102564,10099.75
20220516,17,0.26,19.083439490445855,65.4423076923077,7.317880794701987,0.377922077922078,0.37012987012987014,15.675496688741722,45459.34210526316,3.849999999999999,200.76923076923077,5565.5
20220516,18,0.0,18.033121019108286,70.56410256410257,7.370860927152318,0.33677419354838717,0.3870967741935484,12.158940397350994,43158.42105263158,3.5685897435897447,201.4102564102564,2473.5
20220516,19,-0.26,17.017834394904458,74.46153846153847,7.178807947019868,0.24838709677419354,0.36129032258064514,6.655629139072848,41965.72368421053,3.287179487179486,195.57692307692307,529.75
20220516,20,-0.5,16.102547770700646,78.51282051282051,6.913907284768212,0.17792207792207798,0.3181818181818182,0.013245033112582781,39972.03947368421,3.014743589743588,201.21794871794873,8.25
20220516,21,-0.71,15.45923566878981,81.10897435897436,6.741721854304636,0.14640522875816991,0.28104575163398693,0,37555.98684210526,2.8769230769230782,202.24358974358975,0.0
20220516,22,-0.87,14.942675159235662,83.09615384615384,6.172185430463577,0.20584415584415583,0.35064935064935066,0,36835.06578947369,2.7999999999999994,208.14102564102564,0.0
20220516,23,-0.97,14.389808917197456,85.2051282051282,5.894039735099338,0.2876623376623377,0.3246753246753247,0,34083.88157894737,2.6076923076923073,207.17948717948718,0.0
20220517,00,-1.0,14.036942675159233,86.81410256410257,5.940397350993377,0.18709677419354842,0.3096774193548387,0,30124.407894736843,2.4429487179487173,207.1153846153846,0.0
20220517,01,-0.97,13.682165605095536,88.17307692307692,5.854304635761589,0.16258064516129034,0.33548387096774196,0,27623.75,2.4557692307692314,210.76923076923077,0.0
20220517,02,-0.87,13.181528662420385,89.94871794871794,5.3907284768211925,0.20516129032258065,0.3548387096774194,0,25659.407894736843,2.4314102564102567,206.34615384615384,0.0
20220517,03,-0.71,12.7452229299363,91.06410256410257,5.529801324503311,0.17467532467532465,0.34415584415584416,0.0,22934.21052631579,2.4211538461538455,213.26923076923077,0.0
20220517,04,-0.5,12.496178343949046,91.98717948717949,5.986754966887418,0.24675324675324675,0.37012987012987014,0.07333333333333333,22266.973684210527,2.309615384615385,216.66666666666666,75.0
20220517,05,-0.26,13.011464968152866,90.35897435897436,6.145695364238411,0.2415584415584416,0.3181818181818182,12.44,23711.25,2.233333333333333,206.28205128205127,1384.25
20220517,06,-0.0,14.036305732484076,86.57692307692308,6.490066225165563,0.34285714285714286,0.2727272727272727,24.04,26928.684210526317,2.247435897435898,200.96153846153845,4971.75
20220517,07,0.26,15.19872611464968,82.0,6.781456953642384,0.20454545454545459,0.24025974025974026,27.993333333333332,30331.973684210527,2.408974358974359,210.51282051282053,10224.0
20220517,08,0.5,16.280891719745224,76.4968152866242,7.033333333333333,0.08376623376623374,0.21428571428571427,31.413333333333334,34756.97368421053,2.587820512820512,217.82051282051282,15954.5
20220517,09,0.71,17.292993630573243,71.49044585987261,7.013333333333334,0.06103896103896103,0.14935064935064934,30.38,38302.82894736842,2.670512820512821,226.47435897435898,21052.75
20220517,10,0.87,18.226751592356685,67.14649681528662,6.741721854304636,0.016129032258064516,0.16774193548387098,31.38,41985.92105263158,2.768589743589744,238.07692307692307,24611.75
20220517,11,0.97,18.962420382165593,63.47133757961783,6.635761589403973,0.026623376623376622,0.14935064935064934,31.113333333333333,45034.34210526316,2.7544871794871786,234.55128205128204,26094.0
20220517,12,1.0,19.438853503184717,61.71974522292994,6.708609271523179,0.12838709677419355,0.16129032258064516,29.826666666666668,47132.96052631579,2.80576923076923,213.65384615384616,26125.0
20220517,13,0.97,19.991719745222934,58.955414012738856,6.311258278145695,0.10774193548387098,0.16129032258064516,32.41059602649007,48652.10526315789,2.908974358974359,203.65384615384616,25402.5
20220517,14,0.87,20.272611464968158,57.254777070063696,6.503311258278146,0.032258064516129024,0.15483870967741936,32.76158940397351,49734.47368421053,2.9506410256410267,188.26923076923077,23569.75
20220517,15,0.71,20.357961783439485,57.15923566878981,6.556291390728477,0.025806451612903226,0.10967741935483871,33.03973509933775,50927.23684210526,2.9134615384615374,186.4102564102564,19919.25
20220517,16,0.5,20.27770700636941,57.07643312101911,6.417218543046357,0.02838709677419355,0.10967741935483871,33.158940397350996,52149.73509933775,2.8929487179487188,165.7051282051282,14633.75
20220517,17,0.26,19.898726114649662,58.503184713375795,6.026490066225166,0.005161290322580645,0.07096774193548387,34.158940397350996,52596.225165562915,2.8000000000000007,164.2948717948718,8710.75
20220517,18,0.0,18.95668789808917,62.94904458598726,5.960264900662252,0.0019354838709677422,0.06451612903225806,33.17218543046358,53270.99337748344,2.5762820512820506,159.67948717948718,3616.25
20220517,19,-0.26,17.38343949044586,69.5031847133758,5.933774834437086,0.0,0.05161290322580645,16.357615894039736,51822.649006622516,2.3737179487179496,139.35897435897436,703.0
20220517,20,-0.5,16.091082802547774,74.78343949044586,5.470198675496689,0.0,0.01935483870967742,0.18543046357615894,46192.384105960264,2.2089743589743582,125.57692307692308,5.75
20220517,21,-0.71,15.20955414012739,77.4968152866242,5.218543046357616,0.0,0.01935483870967742,0,45068.34437086093,2.2615384615384597,117.62820512820512,0.0
20220517,22,-0.87,14.594904458598723,78.91082802547771,5.357615894039735,0.0,0.0064516129032258064,0,44220.46357615894,2.2955128205128217,125.44871794871794,0.0
20220517,23,-0.97,14.094904458598732,79.5859872611465,5.304635761589404,0.0,0.03225806451612903,0,43388.94039735099,2.2948717948717956,133.33333333333334,0.0
20220518,00,-1.0,13.642038216560511,80.31847133757962,5.490066225165563,0.0,0.05161290322580645,0,43013.5761589404,2.41602564102564,129.23076923076923,0.0
20220518,01,-0.97,13.24458598726115,80.6687898089172,5.496688741721854,0.0,0.03870967741935484,0,40238.87417218543,2.480769230769231,131.66666666666666,0.0
20220518,02,-0.87,12.869426751592357,80.91082802547771,5.516556291390729,0.0,0.025806451612903226,0,40189.53642384106,2.5314102564102567,128.33333333333334,0.0
20220518,03,-0.71,12.67388535031847,80.94904458598727,5.3509933774834435,0.0,0.012903225806451613,0.0,39649.66887417219,2.578205128205129,123.58974358974359,0.0
20220518,04,-0.5,12.493630573248415,80.89171974522293,5.423841059602649,0.0,0.025806451612903226,2.2119205298013247,38426.75496688742,2.7025641025641027,130.51282051282053,170.5
20220518,05,-0.26,13.342675159235673,77.84713375796179,5.490066225165563,0.0,0.01935483870967742,23.966887417218544,40168.47682119205,2.727564102564103,131.60256410256412,2091.5
20220518,06,-0.0,14.937579617834396,72.48407643312102,5.682119205298013,0.0,0.0,40.19867549668874,42042.98013245033,2.8211538461538472,134.74358974358975,6894.75
20220518,07,0.26,16.836305732484067,66.68789808917198,5.66887417218543,0.0,0.0064516129032258064,47.94701986754967,45451.32450331126,3.082051282051282,138.26923076923077,14161.5
20220518,08,0.5,18.635668789808918,61.45859872611465,5.198675496688741,0.0,0.0,51.78145695364238,47551.7880794702,3.253205128205127,138.14102564102564,22234.25
20220518,09,0.71,20.24140127388535,56.93630573248408,4.430463576158941,0.0,0.0,54.94039735099338,48467.48344370861,3.399999999999999,141.15384615384616,28816.0
20220518,10,0.87,21.626751592356687,52.7515923566879,3.5364238410596025,0.0,0.0,57.28476821192053,49884.70198675497,3.489743589743591,143.5897435897436,33042.5
20220518,11,0.97,22.748407643312092,49.28025477707006,3.026315789473684,0.0,0.0,57.37748344370861,50771.72185430463,3.557692307692307,143.78205128205127,34805.75
20220518,12,1.0,23.456687898089175,46.394904458598724,2.8675496688741724,0.0,0.0064516129032258064,56.56953642384106,52810.933333333334,3.5833333333333335,149.48717948717947,34178.0
20220518,13,0.97,24.120382165605093,44.910828025477706,3.225165562913907,0.0,0.0,55.54304635761589,52148.666666666664,3.5380645161290314,149.03846153846155,32191.5
20220518,14,0.87,24.345859872611467,44.038216560509554,3.8157894736842106,0.0,0.0064516129032258064,53.76158940397351,54184.70198675497,3.523870967741938,154.80769230769232,28469.75
20220518,15,0.71,24.424203821656043,44.01273885350319,4.184210526315789,0.0,0.0064516129032258064,53.13245033112583,52421.72185430463,3.531612903225805,148.14102564102564,23402.0
20220518,16,0.5,24.236942675159227,44.56687898089172,3.9210526315789473,0.004516129032258064,0.0064516129032258064,52.033112582781456,54456.4238410596,3.450967741935486,147.62820512820514,17074.25
20220518,17,0.26,23.683439490445867,46.4140127388535,4.322368421052632,0.003870967741935484,0.0064516129032258064,52.158940397350996,52624.03973509934,3.387741935483871,147.17948717948718,9695.0
20220518,18,0.0,22.445222929936296,50.51592356687898,4.657894736842105,0.0,0.012903225806451613,47.72185430463576,54615.496688741725,3.2470967741935466,142.1153846153846,3747.25
20220518,19,-0.26,20.54968152866241,56.86624203821656,5.144736842105263,0.0,0.0,17.794701986754966,53042.649006622516,2.834193548387096,140.3846153846154,745.0
20220518,20,-0.5,19.030573248407634,61.84076433121019,5.5855263157894735,0.0,0.0,0.0,51856.4238410596,2.799999999999999,137.30769230769232,6.75
20220518,21,-0.71,18.1031847133758,64.38853503184713,5.842105263157895,0.0,0.0064516129032258064,0,50948.81578947369,2.8322580645161275,142.17948717948718,0.0
20220518,22,-0.87,17.326751592356697,66.44585987261146,5.934210526315789,0.0,0.0,0,49148.35526315789,2.8948387096774195,136.4102564102564,0.0
20220518,23,-0.97,16.607643312101906,68.08917197452229,6.453947368421052,0.0,0.0,0,49893.48684210526,2.89102564102564,144.80769230769232,0.0
20220519,00,-1.0,15.950955414012746,69.77707006369427,6.875,0.0,0.0,0,48527.03947368421,2.881410256410258,147.17948717948718,0.0
20220519,01,-0.97,15.298089171974526,71.5732484076433,6.953947368421052,0.0,0.0,0,47806.71052631579,2.773076923076924,150.0,0.0
20220519,02,-0.87,14.78407643312102,72.85350318471338,7.046052631578948,0.0,0.0,0,47286.71052631579,2.7083333333333335,145.83333333333334,0.0
20220519,03,-0.71,14.165605095541402,74.5732484076433,6.9868421052631575,0.0,0.0,0.0,45567.96052631579,2.5980769230769254,144.2948717948718,0.0
20220519,04,-0.5,13.968152866242038,74.80254777070064,7.026315789473684,0.0,0.0,1.8476821192052981,44893.61842105263,2.64102564102564,142.05128205128204,191.25
20220519,05,-0.26,14.999363057324839,71.63694267515923,6.756578947368421,0.0,0.0,23.37748344370861,45974.73684210526,2.5865384615384617,145.44871794871796,2380.0
20220519,06,-0.0,16.928662420382157,65.54777070063695,6.601307189542483,0.0,0.0,45.794701986754966,47149.27631578947,2.6737179487179494,153.14102564102564,7493.25
20220519,07,0.26,19.0611464968153,58.50955414012739,6.315789473684211,0.0,0.0,54.5364238410596,50831.18421052631,2.8647435897435907,161.60256410256412,14843.75
20220519,08,0.5,20.88216560509554,53.35031847133758,5.546052631578948,0.0025806451612903226,0.012903225806451613,55.80794701986755,49874.67105263158,3.25448717948718,173.84615384615384,22024.5
20220519,09,0.71,22.419108280254772,49.833333333333336,5.309210526315789,0.01935483870967742,0.03870967741935484,54.11258278145695,50611.25,3.608974358974359,181.85897435897436,27236.5
20220519,10,0.87,23.739490445859875,47.30128205128205,5.430463576158941,0.012258064516129033,0.05161290322580645,52.89473684210526,51256.4238410596,3.772435897435896,181.85897435897436,30585.5
20220519,11,0.97,24.731210191082795,45.6025641025641,5.073333333333333,0.016774193548387096,0.01935483870967742,52.80263157894737,50850.13157894737,3.85576923076923,183.52564102564102,32069.5
20220519,12,1.0,25.552229299363052,43.67948717948718,5.368421052631579,0.0025806451612903226,0.04516129032258064,52.735099337748345,51743.15789473684,3.8596153846153842,184.23076923076923,31664.5
20220519,13,0.97,26.138853503184727,42.756410256410255,5.921052631578948,0.0,0.012903225806451613,52.40397350993378,52226.25,3.91025641025641,186.85897435897436,29292.75
20220519,14,0.87,26.003184713375795,44.12820512820513,6.298013245033113,0.21225806451612902,0.09032258064516129,47.66887417218543,49686.55629139073,4.042307692307689,193.52564102564102,24497.0
20220519,15,0.71,25.415923566878973,47.41025641025641,6.8355263157894735,0.3948387096774194,0.16129032258064516,43.13907284768212,50400.39473684211,4.053846153846153,203.26923076923077,18510.5
20220519,16,0.5,24.408280254777058,51.85897435897436,7.078947368421052,0.4632258064516129,0.23870967741935484,32.73026315789474,50132.23684210526,3.8320512820512818,210.51282051282053,12201.5
20220519,17,0.26,22.867515923566874,57.96153846153846,7.315789473684211,0.5316129032258065,0.3032258064516129,23.539473684210527,47070.85526315789,3.64551282051282,214.48717948717947,6755.75
20220519,18,0.0,21.001910828025466,66.1474358974359,7.5131578947368425,0.7525974025974027,0.33766233766233766,11.046052631578947,44842.82894736842,3.2820512820512815,212.1153846153846,3021.25
20220519,19,-0.26,19.51538461538462,71.92903225806451,7.264900662251655,0.45882352941176474,0.32679738562091504,6.1655629139072845,43779.403973509936,3.164743589743591,205.06410256410257,731.5
20220519,20,-0.5,18.225641025641018,77.58064516129032,7.006622516556291,0.238562091503268,0.28104575163398693,0.12582781456953643,40945.76158940397,3.271612903225807,207.93548387096774,23.5
20220519,21,-0.71,17.392948717948713,81.27741935483871,6.986754966887418,0.25649350649350655,0.2532467532467532,0,40788.807947019865,3.3309677419354844,217.93548387096774,0.0
20220519,22,-0.87,16.872435897435903,83.53548387096774,7.112582781456954,0.12337662337662338,0.2012987012987013,0,39000.132450331126,3.2199999999999993,221.2258064516129,0.0
20220519,23,-0.97,16.401282051282053,85.38064516129032,6.774834437086093,0.09610389610389608,0.2012987012987013,0,38324.503311258275,3.302580645161292,214.96774193548387,0.0
20220520,00,-1.0,15.901282051282054,87.33548387096774,6.821192052980132,0.04155844155844156,0.14285714285714285,0,35604.37086092715,3.2251612903225797,219.03225806451613,0.0
20220520,01,-0.97,15.493589743589743,88.30967741935484,6.860927152317881,0.016233766233766236,0.16233766233766234,0,33663.046357615895,3.312903225806452,218.25806451612902,0.0
20220520,02,-0.87,15.139743589743597,89.07741935483871,6.966887417218543,0.059090909090909076,0.12337662337662338,0,31501.192052980132,3.2870967741935484,221.3548387096774,0.0
20220520,03,-0.71,14.683974358974352,90.10967741935484,6.602649006622516,0.009740259740259742,0.11038961038961038,0.0,29625.43046357616,3.0451612903225813,211.8709677419355,0.0
20220520,04,-0.5,14.460256410256417,90.6774193548387,6.662251655629139,0.03961038961038962,0.12987012987012986,0.543046357615894,28199.80132450331,2.805806451612904,211.03225806451613,178.75
20220520,05,-0.26,15.082692307692309,88.01290322580645,6.529801324503311,0.02207792207792208,0.09090909090909091,14.887417218543046,30405.827814569537,2.666451612903227,211.2258064516129,2035.0
20220520,06,-0.0,16.0948717948718,83.45161290322581,6.562913907284768,0.09350649350649352,0.13636363636363635,24.13907284768212,33531.53333333333,2.8270967741935507,206.90322580645162,6148.25
20220520,07,0.26,17.191025641025643,78.0,6.19205298013245,0.05194805194805195,0.07792207792207792,31.370860927152318,37295.6,2.939999999999998,204.38709677419354,12005.75
20220520,08,0.5,18.460897435897433,72.46451612903226,6.086092715231788,0.022727272727272728,0.05194805194805195,36.29139072847682,40877.333333333336,2.9380645161290317,204.83870967741936,18593.0
20220520,09,0.71,19.707692307692316,67.5741935483871,5.688741721854305,0.018181818181818184,0.05194805194805195,40.19205298013245,43433.86666666667,3.0606451612903234,206.58064516129033,24466.75
20220520,10,0.87,20.840384615384618,63.10322580645161,5.225165562913907,0.0019480519480519483,0.032467532467532464,43.83443708609271,45000.4,3.210967741935484,207.29032258064515,28807.25
20220520,11,0.97,21.813461538461542,59.52258064516129,4.960264900662252,0.00974025974025974,0.045454545454545456,44.75496688741722,46811.8,3.2767741935483876,212.6451612903226,30804.25
20220520,12,1.0,22.67307692307693,56.67741935483871,5.052980132450331,0.004545454545454545,0.06493506493506493,45.12582781456954,47642.86666666667,3.3348387096774186,209.80645161290323,31279.75
20220520,13,0.97,23.292948717948732,55.25806451612903,5.225165562913907,0.03051948051948052,0.1038961038961039,45.10596026490066,47690.066666666666,3.5419354838709687,210.58064516129033,29046.5
20220520,14,0.87,23.47051282051281,55.4,6.072847682119205,0.07857142857142857,0.18831168831168832,38.556291390728475,48874.333333333336,3.5638709677419347,197.16129032258064,23522.75
20220520,15,0.71,23.11089743589744,57.81290322580645,6.258278145695364,0.298051948051948,0.2857142857142857,30.456953642384107,46077.46666666667,3.518064516129032,193.8709677419355,16956.25
20220520,16,0.5,22.58709677419356,60.31818181818182,6.593333333333334,0.41513157894736846,0.3815789473684211,25.506666666666668,44582.01342281879,3.620779220779221,190.6451612903226,11271.75
20220520,17,0.26,21.43612903225805,65.53246753246754,6.751677852348993,0.5809210526315788,0.40131578947368424,17.14666666666667,41700.469798657716,3.75,178.96103896103895,5789.0
20220520,18,0.0,19.887096774193548,72.77922077922078,7.355704697986577,0.9592105263157892,0.5197368421052632,7.566666666666666,38994.22818791946,3.8376623376623376,187.27272727272728,2209.0
20220520,19,-0.26,18.51354838709677,77.42207792207792,7.342281879194631,0.7815789473684209,0.5657894736842105,2.2266666666666666,36848.18791946309,4.188961038961039,198.57142857142858,526.0
20220520,20,-0.5,17.525641025641022,80.32903225806452,7.597315436241611,0.6941176470588234,0.5686274509803921,0.0,35960.402684563756,4.514838709677421,212.38709677419354,15.0
20220520,21,-0.71,16.683333333333334,81.6258064516129,7.375838926174497,0.4130718954248366,0.5490196078431373,0,36018.92617449664,4.927096774193548,227.2258064516129,0.0
20220520,22,-0.87,15.920512820512817,82.2516129032258,7.060402684563758,0.35098039215686283,0.5686274509803921,0,37176.8,5.203870967741937,243.2258064516129,0.0
20220520,23,-0.97,15.2525641025641,82.29677419354839,6.530201342281879,0.2973856209150326,0.49019607843137253,0,39514.933333333334,5.549677419354836,254.83870967741936,0.0
20220521,00,-1.0,14.448717948717954,82.54838709677419,6.261744966442953,0.2176470588235295,0.4117647058823529,0,40041.26666666667,5.8083870967741955,264.7741935483871,0.0
20220521,01,-0.97,13.517307692307694,82.85161290322581,5.342281879194631,0.19607843137254902,0.3137254901960784,0,41743.53333333333,5.889032258064516,269.8709677419355,0.0
20220521,02,-0.87,12.774999999999999,83.3225806451613,5.577181208053691,0.17712418300653593,0.2222222222222222,0,40932.333333333336,5.756774193548388,274.38709677419354,0.0
20220521,03,-0.71,12.128846153846156,83.98709677419355,5.228187919463087,0.13464052287581701,0.19607843137254902,0.0,41471.26666666667,5.565806451612904,269.4193548387097,0.0
20220521,04,-0.5,11.729487179487181,84.03870967741935,5.1655629139072845,0.06558441558441558,0.18831168831168832,0.8013245033112583,40003.046357615895,5.176129032258067,261.03225806451616,174.5
20220521,05,-0.26,11.835256410256408,82.70322580645161,5.324503311258278,0.09870129870129869,0.19480519480519481,18.04635761589404,40644.37086092715,5.067096774193546,255.93548387096774,1867.5
20220521,06,-0.0,12.283974358974357,80.01935483870967,5.76,0.07516339869281047,0.1895424836601307,22.973509933774835,41270.132450331126,5.296774193548385,254.90322580645162,6034.0
20220521,07,0.26,12.944871794871794,76.16774193548387,6.026490066225166,0.0542483660130719,0.1895424836601307,24.00662251655629,44820.26490066225,5.533548387096774,258.1290322580645,11934.0
20220521,08,0.5,13.701923076923075,73.31612903225806,6.18,0.11830065359477122,0.2222222222222222,24.450331125827816,47391.192052980135,5.599999999999996,261.61290322580646,17685.5
20220521,09,0.71,14.628205128205131,69.15483870967742,6.039735099337748,0.06928104575163398,0.23529411764705882,26.23841059602649,50290.33112582781,5.805161290322581,258.3225806451613,21825.75
20220521,10,0.87,15.348076923076924,66.06451612903226,5.953642384105961,0.06862745098039215,0.3202614379084967,28.32450331125828,50254.03973509934,6.043870967741934,259.2903225806452,24952.5
20220521,11,0.97,16.046153846153842,62.83870967741935,5.6866666666666665,0.03137254901960785,0.27450980392156865,30.781456953642383,52555.96026490066,6.24193548387097,260.38709677419354,26629.5
20220521,12,1.0,16.685897435897445,59.81935483870968,5.74,0.07254901960784313,0.24836601307189543,31.821192052980134,53355.496688741725,6.3019354838709685,266.0,26962.75
20220521,13,0.97,17.103205128205122,58.12903225806452,5.754966887417218,0.10324675324675321,0.17532467532467533,33.87417218543046,54310.198675496686,6.3451612903225785,271.61290322580646,26004.5
20220521,14,0.87,17.342307692307692,56.43225806451613,6.133333333333334,0.033116883116883114,0.14285714285714285,33.88079470198676,54615.2,6.283225806451611,270.0,23979.0
20220521,15,0.71,17.398717948717938,55.883870967741935,6.346666666666667,0.03311688311688312,0.12987012987012986,33.41721854304636,54761.73333333333,6.042580645161286,274.4516129032258,20125.0
20220521,16,0.5,17.14322580645161,56.26623376623377,6.503355704697986,0.016339869281045753,0.16339869281045752,33.333333333333336,55742.95302013423,5.727922077922079,278.961038961039,14770.25
20220521,17,0.26,16.76967741935483,57.25974025974026,6.594594594594595,0.008496732026143792,0.13071895424836602,31.953333333333333,57063.154362416106,5.185064935064933,284.4155844155844,9065.75
20220521,18,0.0,16.013548387096776,60.05194805194805,6.557046979865772,0.0013071895424836603,0.0784313725490196,27.64,56763.75838926175,4.570129870129872,283.1818181818182,3966.5
20220521,19,-0.26,14.702580645161294,65.7987012987013,6.256756756756757,0.0006535947712418301,0.10457516339869281,15.24,56034.63087248322,3.7779220779220752,279.35064935064935,896.0
20220521,20,-0.5,13.452903225806454,71.16883116883118,5.831081081081081,0.0006535947712418301,0.06535947712418301,0.12,53628.25503355705,3.1370129870129877,270.45454545454544,17.25
20220521,21,-0.71,12.581935483870964,74.72727272727273,5.10738255033557,0.0196078431372549,0.0392156862745098,0,51843.78378378379,2.822727272727273,252.53246753246754,0.0
20220521,22,-0.87,11.822580645161288,78.31168831168831,4.5,0.00457516339869281,0.0457516339869281,0,49933.71621621621,2.6759740259740266,242.46753246753246,0.0
20220521,23,-0.97,11.129032258064521,81.2012987012987,4.641891891891892,0.00457516339869281,0.026143790849673203,0,48167.56756756757,2.448701298701299,238.1818181818182,0.0
20220522,00,-1.0,10.492258064516118,84.07142857142857,4.966216216216216,0.0013071895424836603,0.026143790849673203,0,44854.18918918919,2.2402597402597397,219.2207792207792,0.0
20220522,01,-0.97,10.053548387096768,86.01948051948052,5.256756756756757,0.005228758169934641,0.0196078431372549,0,41572.63513513513,2.112337662337661,229.6103896103896,0.0
20220522,02,-0.87,9.600000000000001,87.57142857142857,5.831081081081081,0.0026143790849673205,0.0196078431372549,0,39694.89932885906,2.062337662337662,215.19480519480518,0.0
20220522,03,-0.71,9.263870967741942,88.66883116883118,5.45945945945946,0.0006535947712418301,0.013071895424836602,0.0,36704.96644295302,1.972727272727272,213.24675324675326,0.0
20220522,04,-0.5,9.021935483870967,89.56493506493507,5.328859060402684,0.0,0.006535947712418301,0.9324324324324325,34336.666666666664,1.9175324675324683,210.32467532467533,228.25
20220522,05,-0.26,10.294193548387103,85.47402597402598,5.2885906040268456,0.0,0.006535947712418301,25.89864864864865,37664.26666666667,1.8967532467532473,214.80519480519482,2444.0
20220522,06,-0.0,12.210967741935487,78.3051948051948,4.583892617449664,0.0,0.006535947712418301,43.439189189189186,42398.066666666666,1.9396103896103902,215.32467532467533,7615.5
20220522,07,0.26,13.847096774193547,70.73376623376623,4.6375838926174495,0.0,0.006535947712418301,45.060810810810814,46560.8,2.087012987012987,210.12987012987014,15045.75
20220522,08,0.5,15.136774193548392,64.22077922077922,4.449664429530201,0.0,0.026143790849673203,45.141891891891895,48461.8,2.2149350649350654,220.5194805194805,22096.75
20220522,09,0.71,15.955483870967738,59.66233766233766,4.758389261744966,0.0019607843137254906,0.0457516339869281,43.0,51103.2,2.372727272727271,232.27272727272728,26624.75
20220522,10,0.87,16.823870967741936,55.857142857142854,4.677852348993288,0.0,0.05228758169934641,41.770270270270274,53121.46666666667,2.5344155844155836,247.01298701298703,29548.0
20220522,11,0.97,17.64258064516129,52.72077922077922,4.684563758389261,0.0032679738562091504,0.0392156862745098,43.108108108108105,55239.46666666667,2.670779220779221,255.32467532467533,31448.0
20220522,12,1.0,18.282580645161282,50.422077922077925,4.348993288590604,0.0013071895424836603,0.0196078431372549,43.87162162162162,56478.4,2.65909090909091,250.58441558441558,32165.0
20220522,13,0.97,18.848387096774207,48.35064935064935,4.154362416107382,0.0,0.013071895424836602,44.87162162162162,56180.6,2.6584415584415577,230.32467532467533,31377.75
20220522,14,0.87,19.210322580645165,47.201298701298704,4.256756756756757,0.0,0.0,44.682432432432435,56451.409395973154,2.5597402597402605,220.12987012987014,28282.0
20220522,15,0.71,19.321935483870973,46.79220779220779,4.70945945945946,0.0006535947712418301,0.0196078431372549,44.310810810810814,58266.44295302014,2.4110389610389604,216.6883116883117,22891.25
20220522,16,0.5,19.071612903225805,48.0,5.503355704697986,0.0,0.026143790849673203,41.36486486486486,60446.040268456374,2.385714285714286,195.25974025974025,16018.0
20220522,17,0.26,18.652903225806444,49.85064935064935,6.20945945945946,0.0,0.05228758169934641,39.08783783783784,61109.39189189189,2.3162337662337666,166.62337662337663,9079.25
20220522,18,0.0,17.71032258064516,54.883116883116884,6.25,0.0,0.05228758169934641,35.25675675675676,61874.25675675676,2.3000000000000003,145.7792207792208,3855.75
20220522,19,-0.26,15.983870967741936,62.34415584415584,6.533783783783784,0.00980392156862745,0.0915032679738562,17.506756756756758,60320.74324324324,2.1623376623376624,111.23376623376623,911.25
20220522,20,-0.5,14.501935483870971,68.41558441558442,6.79054054054054,0.0032679738562091504,0.0718954248366013,0.16216216216216217,58234.66216216216,2.0766233766233753,106.94805194805195,18.0
20220522,21,-0.71,13.523225806451613,72.50649350649351,6.662162162162162,0.0006535947712418301,0.0457516339869281,0,57223.71621621621,2.1292207792207787,109.22077922077922,0.0
20220522,22,-0.87,12.845806451612908,75.03896103896103,6.581081081081081,0.0032679738562091504,0.0457516339869281,0,55068.10810810811,2.131168831168832,107.40259740259741,0.0
20220522,23,-0.97,12.26774193548387,77.14285714285714,6.824324324324325,0.00457516339869281,0.032679738562091505,0,52946.75675675676,2.2129870129870115,115.84415584415585,0.0
20220523,00,-1.0,11.923870967741934,78.20779220779221,6.878378378378378,0.0019607843137254906,0.0392156862745098,0,52204.18918918919,2.3279220779220773,117.46753246753246,0.0
20220523,01,-0.97,11.669032258064513,79.07792207792208,6.771812080536913,0.0,0.058823529411764705,0,51205.13513513513,2.4298701298701277,121.55844155844156,0.0
20220523,02,-0.87,11.448387096774198,79.74675324675324,6.79054054054054,0.0,0.0457516339869281,0,48868.85135135135,2.4240259740259744,121.75324675324676,0.0
20220523,03,-0.71,11.267096774193556,80.47402597402598,6.97972972972973,0.027450980392156862,0.10457516339869281,0.0,47203.44594594595,2.4285714285714297,135.64935064935065,0.0
20220523,04,-0.5,11.404516129032258,81.07792207792208,6.845637583892618,0.07777777777777779,0.1437908496732026,4.02013422818792,45544.36241610738,2.3766233766233773,132.5974025974026,234.5
20220523,05,-0.26,12.457419354838704,78.18181818181819,6.6866666666666665,0.1045751633986928,0.1830065359477124,20.120805369127517,46634.29530201342,2.594805194805194,137.46753246753246,2078.75
20220523,06,-0.0,13.796129032258062,74.0909090909091,6.590604026845638,0.1156862745098039,0.20915032679738563,22.107382550335572,47500.13422818792,2.9435064935064923,128.24675324675326,5822.5
20220523,07,0.26,15.102580645161291,69.90259740259741,6.36,0.061437908496732016,0.1895424836601307,25.677852348993287,50765.57046979866,3.378571428571427,135.32467532467533,10694.75
20220523,08,0.5,16.48645161290322,65.74675324675324,6.322147651006712,0.044444444444444446,0.1830065359477124,30.375838926174495,50727.24832214765,3.720129870129867,133.57142857142858,15996.0
20220523,09,0.71,17.89225806451613,61.74025974025974,6.114093959731544,0.013725490196078431,0.16339869281045752,35.328859060402685,52461.94630872483,3.9967532467532467,131.4935064935065,21376.25
20220523,10,0.87,19.098064516129025,58.44805194805195,6.112582781456954,0.02792207792207792,0.14285714285714285,39.604026845637584,51525.1677852349,4.406493506493504,131.62337662337663,26175.75
20220523,11,0.97,19.919999999999995,56.935064935064936,6.139072847682119,0.11103896103896105,0.18831168831168832,39.060810810810814,50386.30872483221,4.7590909090909115,139.67532467532467,28295.25
20220523,12,1.0,20.484615384615388,56.18709677419355,6.4144736842105265,0.1281045751633987,0.24183006535947713,36.17567567567568,51706.8,4.916774193548386,149.80645161290323,26842.5
20220523,13,0.97,20.902564102564092,55.78709677419355,6.258278145695364,0.10584415584415582,0.24675324675324675,33.682432432432435,52196.333333333336,4.901290322580645,151.5483870967742,24851.5
20220523,14,0.87,21.024999999999984,56.49677419354839,6.246666666666667,0.06797385620915032,0.20915032679738563,31.91216216216216,51042.41610738255,4.9341935483870945,154.83870967741936,21450.0
20220523,15,0.71,21.087820512820507,56.774193548387096,6.553333333333334,0.05947712418300653,0.20261437908496732,29.738255033557046,52629.395973154365,4.859999999999999,150.51612903225808,16660.25
20220523,16,0.5,20.614102564102556,59.23870967741936,6.6066666666666665,0.3411764705882353,0.21568627450980393,24.583892617449663,50313.82550335571,4.902580645161287,150.70967741935485,11077.25
20220523,17,0.26,19.82499999999998,62.58064516129032,6.766666666666667,0.29542483660130736,0.3006535947712418,20.013422818791945,49404.36241610738,4.930967741935485,153.74193548387098,6067.25
20220523,18,0.0,18.836538461538474,66.61290322580645,6.966666666666667,0.6222222222222222,0.33986928104575165,12.832214765100671,49130.20134228188,4.989677419354838,153.2258064516129,2517.5
20220523,19,-0.26,17.763461538461538,71.03225806451613,7.406666666666666,0.537012987012987,0.44155844155844154,4.147651006711409,46767.38255033557,4.949032258064517,158.4516129032258,572.75
20220523,20,-0.5,16.87307692307693,75.16774193548387,7.54,0.5571428571428573,0.4805194805194805,0.06711409395973154,43963.4899328859,4.899354838709677,164.6451612903226,12.5
20220523,21,-0.71,16.334615384615386,77.53548387096774,7.56,0.4720779220779221,0.4935064935064935,0,43930.469798657716,4.850967741935483,171.41935483870967,0.0
20220523,22,-0.87,15.932051282051292,79.01935483870967,7.453333333333333,0.30519480519480524,0.487012987012987,0,43779.26174496644,4.791612903225802,176.58064516129033,0.0
20220523,23,-0.97,15.598076923076928,80.16129032258064,7.54,0.24285714285714288,0.525974025974026,0,42324.4966442953,4.888387096774195,184.25806451612902,0.0
20220524,00,-1.0,15.15897435897436,81.98709677419355,7.62,0.27058823529411763,0.48366013071895425,0,38115.27027027027,4.719354838709678,192.7741935483871,0.0
20220524,01,-0.97,14.847435897435902,83.30967741935484,7.6866666666666665,0.27615894039735106,0.5298013245033113,0,36800.40540540541,4.483766233766236,200.19480519480518,0.0
20220524,02,-0.87,14.48205128205128,84.95483870967742,7.6066666666666665,0.16887417218543044,0.5761589403973509,0,34138.78378378379,4.331168831168831,200.19480519480518,0.0
20220524,03,-0.71,14.156410256410263,86.35483870967742,7.58,0.14238410596026493,0.5761589403973509,0.0,33778.31081081081,3.9610389610389594,207.53246753246754,0.0
20220524,04,-0.5,13.878205128205131,87.81290322580645,7.543046357615894,0.13399999999999998,0.5066666666666667,0.17006802721088435,32584.4966442953,3.846103896103895,210.7792207792208,127.75
20220524,05,-0.26,13.869230769230768,87.8,7.569536423841059,0.2526315789473685,0.4934210526315789,1.7959183673469388,31925.36912751678,3.7844155844155836,210.64935064935065,1258.0
20220524,06,-0.0,14.116666666666669,86.05806451612904,7.52317880794702,0.24768211920529815,0.543046357615894,5.482993197278912,33820.3355704698,4.046103896103897,219.0909090909091,3452.75
20220524,07,0.26,14.373076923076924,84.52903225806452,7.450331125827814,0.31655629139072855,0.5364238410596026,6.217687074829932,35795.1677852349,4.250649350649351,228.8961038961039,6166.0
20220524,08,0.5,14.614743589743593,82.09032258064516,7.368421052631579,0.3197368421052634,0.5526315789473685,8.183673469387756,41880.26666666667,4.609032258064516,231.67741935483872,9396.0
20220524,09,0.71,14.949358974358983,78.72903225806452,7.243421052631579,0.305921052631579,0.4934210526315789,9.425675675675675,46899.4,4.823225806451611,237.93548387096774,12762.0
20220524,10,0.87,15.234615384615386,75.80645161290323,7.078947368421052,0.34671052631578947,0.5789473684210527,11.871621621621621,48605.5033557047,4.891612903225808,242.38709677419354,15948.0
20220524,11,0.97,15.656410256410249,72.20645161290322,6.756578947368421,0.296,0.54,15.77027027027027,51255.6,5.00258064516129,245.80645161290323,18615.0
20220524,12,1.0,16.004487179487178,69.06451612903226,6.7105263157894735,0.24701986754966895,0.4503311258278146,18.027027027027028,53123.933333333334,5.075483870967742,248.83870967741936,20010.0
20220524,13,0.97,16.20769230769231,67.18064516129033,6.526315789473684,0.19271523178807953,0.4768211920529801,18.864864864864863,53464.333333333336,5.034838709677417,250.1290322580645,20141.75
20220524,14,0.87,16.465384615384608,65.17532467532467,6.293333333333333,0.2483443708609272,0.41721854304635764,22.73469387755102,56271.89189189189,4.880645161290324,248.96774193548387,19163.75
20220524,15,0.71,16.425641025641028,63.98701298701299,6.333333333333333,0.13618421052631577,0.34868421052631576,25.367346938775512,58297.43243243243,4.774193548387097,246.1290322580645,16499.0
20220524,16,0.5,16.225641025641032,63.94805194805195,6.1866666666666665,0.10584415584415585,0.3181818181818182,25.07482993197279,58504.05405405405,4.547096774193547,244.83870967741936,12638.5
20220524,17,0.26,15.871794871794878,64.76129032258065,6.337748344370861,0.07207792207792207,0.24675324675324675,23.448979591836736,60958.05369127517,4.252903225806452,245.67741935483872,7803.5
20220524,18,0.0,15.228846153846156,66.9483870967742,6.086092715231788,0.02337662337662338,0.23376623376623376,23.93918918918919,61185.03355704698,3.7361290322580634,249.93548387096774,3553.5
20220524,19,-0.26,13.992948717948716,72.0,6.0198675496688745,0.03660130718954248,0.19607843137254902,16.844594594594593,59259.73154362416,2.9864516129032257,248.90322580645162,936.5
20220524,20,-0.5,12.764102564102558,77.10967741935484,5.602649006622516,0.06233766233766234,0.19480519480519481,0.9256756756756757,57840.536912751675,2.4858064516129037,239.8709677419355,36.25
20220524,21,-0.71,11.939743589743593,80.65161290322581,5.370860927152318,0.007189542483660131,0.1568627450980392,0,57228.12080536913,2.3141935483870966,226.7741935483871,0.0
20220524,22,-0.87,11.273717948717952,83.41935483870968,5.2052980132450335,0.047712418300653585,0.13071895424836602,0,54847.91946308725,2.205806451612902,221.2258064516129,0.0
20220524,23,-0.97,10.902564102564108,84.70967741935483,5.410596026490066,0.007843137254901962,0.13071895424836602,0,55536.778523489935,2.109677419354839,213.80645161290323,0.0
20220525,00,-1.0,10.419871794871797,86.97419354838709,5.701986754966887,0.010457516339869282,0.13725490196078433,0,50886.91275167785,2.0348387096774196,217.2258064516129,0.0
20220525,01,-0.97,10.105128205128207,87.86451612903225,6.066225165562914,0.019736842105263164,0.14473684210526316,0,48882.01342281879,2.02516129032258,223.5483870967742,0.0
20220525,02,-0.87,9.743589743589737,89.12903225806451,6.039735099337748,0.025,0.15789473684210525,0,45710.0,2.0174193548387085,214.4516129032258,0.0
20220525,03,-0.71,9.496794871794872,90.0,5.874172185430464,0.06184210526315791,0.14473684210526316,0.0,42187.852348993285,1.8812903225806457,218.25806451612902,0.5
20220525,04,-0.5,9.428846153846152,90.4258064516129,5.4868421052631575,0.0756578947368421,0.17105263157894737,1.6979865771812082,39553.8,1.8335483870967735,219.93548387096774,211.0
20220525,05,-0.26,10.376923076923072,87.26451612903226,4.901315789473684,0.12499999999999997,0.18421052631578946,20.375838926174495,41911.13333333333,1.9161290322580644,230.0,1697.25
20220525,06,-0.0,11.752564102564103,82.06451612903226,4.0131578947368425,0.14444444444444446,0.1830065359477124,34.81208053691275,44581.2,2.124516129032259,230.7741935483871,5366.5
20220525,07,0.26,13.048076923076913,76.4,3.7828947368421053,0.17712418300653598,0.19607843137254902,38.53020134228188,47586.53333333333,2.6070967741935487,236.83870967741936,11408.0
20220525,08,0.5,14.12756410256411,70.21935483870968,4.105263157894737,0.13766233766233765,0.18181818181818182,38.74496644295302,51247.6,3.074838709677419,236.0,17872.0
20220525,09,0.71,15.017197452229304,64.7051282051282,4.594771241830065,0.04052287581699347,0.17647058823529413,36.64,56346.82119205298,3.5525641025641037,244.35897435897436,22846.5
20220525,10,0.87,15.878980891719737,59.76923076923077,5.045751633986928,0.014935064935064933,0.15584415584415584,36.49664429530201,59617.01986754967,3.870512820512821,241.02564102564102,25960.5
20220525,11,0.97,16.62993630573249,56.01923076923077,5.470588235294118,0.007741935483870969,0.12903225806451613,34.147651006711406,59193.31125827815,4.196794871794872,242.8846153846154,27561.0
20220525,12,1.0,17.07070063694267,53.205128205128204,5.450980392156863,0.03935483870967742,0.17419354838709677,33.5945945945946,60223.50993377483,4.415384615384614,246.28205128205127,27693.75
20220525,13,0.97,17.569426751592367,51.01282051282051,5.450980392156863,0.03354838709677419,0.1935483870967742,34.77181208053691,62488.741721854305,4.546794871794874,247.82051282051282,26522.5
20220525,14,0.87,17.75031847133757,50.35031847133758,5.7894736842105265,0.03419354838709677,0.17419354838709677,33.60666666666667,62495.6,4.665384615384616,248.46153846153845,24277.0
20220525,15,0.71,17.911464968152867,49.34394904458599,5.6118421052631575,0.030322580645161287,0.14193548387096774,32.64,62861.933333333334,4.701923076923074,246.02564102564102,20297.5
20220525,16,0.5,17.699999999999992,49.968152866242036,6.019736842105263,0.02207792207792208,0.15584415584415584,29.906666666666666,63940.46666666667,4.74679487179487,246.85897435897436,14698.75
20220525,17,0.26,17.389808917197456,51.37579617834395,5.901315789473684,0.030322580645161298,0.13548387096774195,27.973333333333333,63491.6,4.5115384615384615,249.42307692307693,8829.25
20220525,18,0.0,16.589171974522287,54.64331210191083,6.0,0.02012987012987013,0.12987012987012986,25.92,63713.2,4.212820512820513,245.64102564102564,3787.5
20220525,19,-0.26,15.234394904458597,60.64968152866242,6.2368421052631575,0.045454545454545456,0.15584415584415584,12.246666666666666,62727.4,3.6314102564102564,247.69230769230768,861.5
20220525,20,-0.5,13.987898089171969,66.70700636942675,6.184210526315789,0.0487012987012987,0.17532467532467533,0.0,60007.73333333333,3.1410256410256423,237.8846153846154,13.5
20220525,21,-0.71,13.334394904458598,69.77070063694268,6.592105263157895,0.03594771241830065,0.19607843137254902,0,59200.066666666666,3.1461538461538465,232.8846153846154,0.0
20220525,22,-0.87,12.885987261146502,72.03184713375796,6.6644736842105265,0.052597402597402594,0.2077922077922078,0,58597.53333333333,3.308333333333334,227.5,0.0
20220525,23,-0.97,12.679617834394906,72.97452229299363,6.9144736842105265,0.03766233766233766,0.17532467532467533,0,57912.8,3.469230769230769,223.5897435897436,0.0
20220526,00,-1.0,12.557961783439497,73.54140127388536,6.894736842105263,0.07597402597402597,0.12987012987012986,0,58351.86666666667,3.6801282051282045,225.76923076923077,0.0
20220526,01,-0.97,12.440764331210186,74.23566878980891,6.828947368421052,0.01883116883116883,0.14935064935064934,0,57369.6,3.8307692307692296,226.60256410256412,0.0
20220526,02,-0.87,12.387261146496819,74.65605095541402,6.7894736842105265,0.011038961038961041,0.11688311688311688,0,57810.4,4.001923076923079,229.23076923076923,0.0
20220526,03,-0.71,12.21910828025478,75.72611464968153,6.3881578947368425,0.01032258064516129,0.12258064516129032,0.0,54966.53333333333,4.1288461538461565,232.94871794871796,0.25
20220526,04,-0.5,12.170700636942671,76.68152866242038,6.084967320261438,0.012903225806451613,0.14838709677419354,0.5364238410596026,53179.403973509936,4.133974358974357,238.26923076923077,201.5
20220526,05,-0.26,12.754777070063698,76.06369426751593,6.091503267973856,0.02064516129032258,0.14838709677419354,13.304635761589404,52334.503311258275,4.2730769230769186,238.26923076923077,2082.25
20220526,06,-0.0,13.585350318471338,74.15286624203821,6.130718954248366,0.029677419354838707,0.12258064516129032,18.549668874172184,53003.5761589404,4.61602564102564,243.97435897435898,6166.75
20220526,07,0.26,14.429299363057332,70.96178343949045,6.339869281045751,0.010967741935483872,0.11612903225806452,19.7682119205298,53275.562913907284,5.133333333333333,250.32051282051282,11430.0
20220526,08,0.5,15.163694267515922,67.35668789808918,6.1568627450980395,0.00903225806451613,0.10967741935483871,22.079470198675498,55398.54304635762,5.682692307692307,257.43589743589746,16916.0
20220526,09,0.71,15.866878980891725,63.62420382165605,6.34640522875817,0.0032258064516129032,0.16129032258064516,23.198675496688743,56018.013245033115,5.89679487179487,257.37179487179486,20161.5
20220526,10,0.87,16.468789808917197,60.51592356687898,6.359477124183006,0.0012903225806451613,0.14193548387096774,23.072847682119207,57787.350993377484,6.123076923076922,257.7564102564103,21142.5
20220526,11,0.97,16.928025477707006,58.17197452229299,6.496732026143791,0.0,0.07096774193548387,21.86,57853.44370860927,6.277564102564104,259.4871794871795,21389.25
20220526,12,1.0,17.329936305732495,56.12101910828026,6.503267973856209,0.0,0.03225806451612903,21.573333333333334,57891.192052980135,6.329487179487181,261.9230769230769,20725.25
20220526,13,0.97,17.599999999999998,54.904458598726116,6.457516339869281,0.0,0.025806451612903226,20.68,58384.37086092715,6.344871794871797,264.35897435897436,20303.75
20220526,14,0.87,17.803184713375796,54.30573248407644,6.4605263157894735,0.0,0.012903225806451613,20.86,59377.8,6.292307692307692,265.5769230769231,19026.0
20220526,15,0.71,17.817834394904466,54.45859872611465,6.328947368421052,0.0006451612903225806,0.01935483870967742,20.38,59755.26666666667,6.1102564102564045,265.8974358974359,16804.0
20220526,16,0.5,17.646496815286632,55.71337579617835,6.427631578947368,0.00903225806451613,0.05806451612903226,19.986666666666668,58110.8,5.828846153846153,263.65384615384613,12825.75
20220526,17,0.26,17.258598726114656,57.503184713375795,6.276315789473684,0.022727272727272728,0.09740259740259741,19.766666666666666,59461.86666666667,5.460897435897435,263.52564102564105,7811.75
20220526,18,0.0,16.65796178343949,60.738853503184714,6.256578947368421,0.011688311688311689,0.16883116883116883,15.793333333333333,58257.2,5.013461538461535,262.8205128205128,3155.75
20220526,19,-0.26,15.724203821656058,65.78343949044586,6.315789473684211,0.033116883116883114,0.19480519480519481,9.293333333333333,56304.2,4.309615384615384,260.1923076923077,636.5
20220526,20,-0.5,14.79617834394905,71.0,6.2105263157894735,0.09545454545454544,0.24025974025974026,0.006666666666666667,52978.2,3.9826923076923104,253.26923076923077,10.25
20220526,21,-0.71,14.23885350318472,74.65605095541402,6.1381578947368425,0.13051948051948054,0.2727272727272727,0,50521.26666666667,4.025641025641024,243.78205128205127,0.0
20220526,22,-0.87,13.79363057324841,77.38216560509554,6.092105263157895,0.14350649350649353,0.2857142857142857,0,48528.6,4.155128205128204,241.60256410256412,0.0
20220526,23,-0.97,13.438216560509556,79.64968152866243,6.25,0.10324675324675321,0.2597402597402597,0,46856.933333333334,4.28076923076923,237.5,0.0
20220527,00,-1.0,13.170700636942676,81.03821656050955,6.269736842105263,0.0714285714285714,0.2922077922077922,0,45320.4,4.340384615384615,240.06410256410257,0.0
20220527,01,-0.97,12.800636942675162,82.77707006369427,6.2368421052631575,0.10387096774193547,0.2838709677419355,0,43889.0,4.435897435897435,247.62820512820514,0.0
20220527,02,-0.87,12.505732484076436,83.87261146496816,6.230263157894737,0.18051948051948055,0.2662337662337662,0,43063.4,4.485897435897436,244.6153846153846,0.0
20220527,03,-0.71,12.339490445859871,84.3375796178344,6.572368421052632,0.10709677419354838,0.25806451612903225,0.0,40636.26666666667,4.530128205128207,248.5897435897436,0.5
20220527,04,-0.5,12.11847133757962,84.98726114649682,6.313725490196078,0.2,0.2645161290322581,1.6533333333333333,39291.32450331126,4.635256410256409,251.0897435897436,178.0
20220527,05,-0.26,12.379617834394905,83.04458598726114,5.901960784313726,0.19612903225806455,0.2967741935483871,15.253333333333334,40147.94701986755,4.6307692307692285,253.84615384615384,1619.0
20220527,06,-0.0,12.80063694267516,80.92356687898089,5.882352941176471,0.1558441558441559,0.2987012987012987,18.766666666666666,41262.05298013245,4.918589743589744,255.83333333333334,4846.75
20220527,07,0.26,13.319745222929932,77.12738853503184,5.9411764705882355,0.1503267973856209,0.3333333333333333,19.66,42688.2119205298,5.378846153846151,261.53846153846155,9396.25
20220527,08,0.5,13.701910828025474,74.00636942675159,6.130718954248366,0.14248366013071895,0.3137254901960784,20.633333333333333,43398.60927152318,5.919230769230772,265.06410256410254,13849.0
20220527,09,0.71,14.087261146496814,71.5031847133758,6.2026143790849675,0.1392156862745098,0.35294117647058826,20.536912751677853,41674.23841059603,6.278846153846153,268.0128205128205,17547.5
20220527,10,0.87,14.61794871794872,69.07692307692308,6.328947368421052,0.1169934640522876,0.35294117647058826,23.0472972972973,44908.2119205298,6.58525641025641,268.14102564102564,21262.5
20220527,11,0.97,15.073717948717952,66.22435897435898,5.934210526315789,0.1558441558441558,0.38961038961038963,24.97972972972973,46001.7880794702,6.903205128205127,271.6666666666667,23983.0
20220527,12,1.0,15.521153846153847,63.8525641025641,5.572368421052632,0.16688311688311688,0.37662337662337664,28.695945945945947,47820.596026490064,7.137419354838706,272.3225806451613,24945.25
20220527,13,0.97,15.594871794871793,63.06410256410256,5.690789473684211,0.25779220779220785,0.42857142857142855,28.89864864864865,48117.28476821192,7.319999999999998,277.16129032258067,24842.25
20220527,14,0.87,15.787261146496817,60.77070063694268,5.421052631578948,0.13116883116883116,0.38311688311688313,30.14189189189189,49109.93377483444,7.312820512820511,278.20512820512823,23196.0
20220527,15,0.71,15.698726114649684,60.203821656050955,5.282894736842105,0.13870967741935483,0.4,31.140939597315437,51287.54966887417,7.406410256410256,282.37179487179486,19142.25
20220527,16,0.5,15.431847133757966,59.554140127388536,5.296052631578948,0.08322580645161289,0.36774193548387096,30.604026845637584,51784.56953642384,7.206410256410258,285.8974358974359,14118.5
20220527,17,0.26,14.886624203821652,59.87261146496815,5.223684210526316,0.0664516129032258,0.3548387096774194,30.966442953020135,51921.32450331126,7.000641025641026,288.14102564102564,8758.25
20220527,18,0.0,14.00318471337579,61.738853503184714,4.6381578947368425,0.11548387096774194,0.27741935483870966,32.241610738255034,53097.350993377484,6.564102564102564,290.3205128205128,3930.0
20220527,19,-0.26,12.872611464968156,65.64331210191082,4.572368421052632,0.10774193548387097,0.25806451612903225,22.87248322147651,51790.06622516556,6.001923076923072,288.3974358974359,1029.5
20220527,20,-0.5,11.824203821656052,69.71974522292993,4.105960264900662,0.053548387096774196,0.2709677419354839,1.1812080536912752,51484.4,5.2673076923076945,283.9102564102564,37.25
20220527,21,-0.71,11.066242038216561,72.56687898089172,3.774834437086093,0.07999999999999999,0.23225806451612904,0,49135.73333333333,5.026923076923081,279.61538461538464,0.0
20220527,22,-0.87,10.410191082802541,74.97452229299363,3.6490066225165565,0.06193548387096774,0.2709677419354839,0,46736.666666666664,4.8762820512820495,277.37179487179486,0.0
20220527,23,-0.97,9.885987261146498,76.56687898089172,3.966887417218543,0.08451612903225804,0.2967741935483871,0,45359.933333333334,5.000641025641026,272.5,0.0
20220528,00,-1.0,9.326114649681527,78.62420382165605,4.317880794701987,0.13290322580645164,0.36129032258064514,0,43252.6,4.965384615384614,267.43589743589746,0.0
20220528,01,-0.97,8.888535031847134,80.171974522293,4.437086092715232,0.1929032258064516,0.2967741935483871,0,42999.666666666664,4.80576923076923,264.55128205128204,0.0
20220528,02,-0.87,8.534394904458601,80.81528662420382,4.562913907284768,0.15870967741935488,0.2903225806451613,0,42622.066666666666,4.849358974358976,264.7435897435897,0.0
20220528,03,-0.71,8.156687898089173,81.9171974522293,4.953642384105961,0.09677419354838708,0.2967741935483871,0.0,41576.8,4.817307692307693,270.96153846153845,0.5
20220528,04,-0.5,8.064331210191085,81.76433121019109,5.104575163398692,0.07548387096774194,0.24516129032258063,2.248322147651007,42992.82894736842,4.847435897435896,266.21794871794873,279.5
20220528,05,-0.26,8.616560509554143,79.64331210191082,5.483660130718954,0.04709677419354839,0.3225806451612903,23.375838926174495,42253.48684210526,5.062179487179485,269.29487179487177,2282.0
20220528,06,-0.0,9.450955414012743,76.11464968152866,5.549019607843137,0.0496774193548387,0.2838709677419355,29.06040268456376,43090.13157894737,5.474358974358975,277.11538461538464,6839.25
20220528,07,0.26,10.270700636942674,71.55414012738854,5.980392156862745,0.047402597402597405,0.2857142857142857,28.671140939597315,45454.80263157895,5.8999999999999995,280.5128205128205,13172.0
20220528,08,0.5,11.066242038216561,66.828025477707,6.281045751633987,0.053246753246753244,0.23376623376623376,28.13422818791946,46934.07894736842,6.237820512820513,286.85897435897436,18394.5
20220528,09,0.71,11.802547770700633,62.92356687898089,6.281045751633987,0.031168831168831172,0.3116883116883117,27.536912751677853,47308.88157894737,6.362179487179488,294.4871794871795,21912.75
20220528,10,0.87,12.422929936305728,59.81528662420382,6.176470588235294,0.031168831168831162,0.3116883116883117,27.993288590604028,50133.61842105263,6.429487179487176,289.87179487179486,24439.25
20220528,11,0.97,12.994904458598727,57.24203821656051,5.993464052287582,0.02142857142857143,0.34415584415584416,27.369127516778523,49786.84210526316,6.4256410256410215,292.56410256410254,25708.25
20220528,12,1.0,13.538853503184718,55.19108280254777,5.973684210526316,0.02337662337662338,0.2987012987012987,28.543624161073826,53020.132450331126,6.391666666666668,288.78205128205127,25643.5
20220528,13,0.97,13.654777070063687,54.53503184713376,6.243421052631579,0.02077922077922078,0.33116883116883117,27.29530201342282,52067.81456953642,6.314743589743588,286.47435897435895,24093.0
20220528,14,0.87,13.799363057324832,53.30573248407644,6.139072847682119,0.01870967741935484,0.33548387096774196,26.61744966442953,52580.4,6.124999999999998,284.8076923076923,21834.5
20220528,15,0.71,13.746496815286626,53.961783439490446,6.119205298013245,0.03870967741935482,0.33548387096774196,25.375838926174495,52935.333333333336,6.033333333333333,284.2307692307692,19122.75
20220528,16,0.5,13.542675159235673,54.36305732484077,6.059602649006623,0.022580645161290325,0.27741935483870966,26.63758389261745,54743.333333333336,5.803846153846154,284.1666666666667,14391.75
20220528,17,0.26,13.208280254777073,55.35668789808917,5.6490066225165565,0.03831168831168831,0.2532467532467532,24.436241610738254,55246.6,5.468589743589744,290.96153846153845,9094.25
20220528,18,0.0,12.573885350318474,57.5859872611465,5.364238410596027,0.021290322580645164,0.22580645161290322,23.630872483221477,54358.86666666667,4.931410256410256,293.3333333333333,4169.0
20220528,19,-0.26,11.447770700636942,62.617834394904456,4.556291390728477,0.013636363636363637,0.2012987012987013,19.973154362416107,53457.86666666667,4.296153846153846,293.3974358974359,1072.75
20220528,20,-0.5,10.074522292993633,69.5859872611465,4.410596026490066,0.02064516129032258,0.2064516129032258,0.4966442953020134,51544.73333333333,3.63076923076923,280.06410256410254,35.25
20220528,21,-0.71,9.268789808917202,73.05732484076434,4.105960264900662,0.02129032258064516,0.17419354838709677,0,51582.73333333333,3.397435897435897,252.37179487179486,0.0
20220528,22,-0.87,8.594904458598725,76.78343949044586,4.503311258278146,0.02258064516129032,0.15483870967741936,0,48297.13333333333,3.188461538461539,245.0,0.0
20220528,23,-0.97,8.05668789808917,78.85350318471338,4.3509933774834435,0.003870967741935484,0.16129032258064516,0,46860.333333333336,3.0012820512820513,238.65384615384616,0.0
20220529,00,-1.0,7.631847133757962,80.94904458598727,4.662251655629139,0.0064516129032258064,0.14193548387096774,0,44175.26666666667,2.9820512820512812,226.53846153846155,0.0
20220529,01,-0.97,7.2541401273885295,82.73885350318471,5.19205298013245,0.005806451612903225,0.16774193548387098,0,42833.4,2.9211538461538455,218.65384615384616,0.0
20220529,02,-0.87,6.922292993630575,84.56050955414013,5.298013245033113,0.005806451612903226,0.22580645161290322,0,40490.73333333333,2.8025641025641024,220.25641025641025,0.0
20220529,03,-0.71,6.7242038216560545,85.53503184713375,5.47682119205298,0.005161290322580645,0.2,0.0,39347.53333333333,2.833333333333334,225.96153846153845,0.75
20220529,04,-0.5,6.695541401273887,86.1656050955414,5.483660130718954,0.011612903225806452,0.1870967741935484,2.8993288590604025,37918.55263157895,2.800641025641027,214.74358974358975,265.75
20220529,05,-0.26,7.652866242038214,83.91082802547771,5.509803921568627,0.039999999999999994,0.24516129032258063,19.12751677852349,37719.27631578947,2.7544871794871795,222.8846153846154,2216.5
20220529,06,-0.0,8.696178343949045,79.77070063694268,5.372549019607843,0.052903225806451605,0.3161290322580645,22.93288590604027,39448.35526315789,2.968589743589745,224.42307692307693,6312.5
20220529,07,0.26,9.626751592356683,75.68152866242038,5.888888888888889,0.024516129032258065,0.3032258064516129,20.114093959731544,43536.38157894737,3.220512820512822,238.01282051282053,10947.0
20220529,08,0.5,10.391082802547766,71.5859872611465,6.450980392156863,0.02387096774193549,0.3032258064516129,18.322147651006713,45529.80263157895,3.344871794871793,228.01282051282053,15095.5
20220529,09,0.71,11.054140127388536,68.59235668789809,6.7973856209150325,0.07161290322580643,0.3419354838709677,15.885906040268456,45349.14473684211,3.33525641025641,221.7948717948718,17987.5
20220529,10,0.87,11.403184713375795,66.43949044585987,6.836601307189542,0.07077922077922076,0.44155844155844154,13.577181208053691,47110.06578947369,3.5230769230769226,231.7948717948718,19483.5
20220529,11,0.97,11.921019108280252,63.24203821656051,6.888888888888889,0.11038961038961038,0.4155844155844156,15.12751677852349,48897.76315789474,3.5038461538461534,243.14102564102564,20951.25
20220529,12,1.0,12.184076433121028,62.87898089171974,6.967105263157895,0.07483870967741935,0.45806451612903226,17.20805369127517,50132.78145695364,3.5961538461538476,253.52564102564102,21076.5
20220529,13,0.97,12.422292993630576,62.31210191082803,6.842105263157895,0.10193548387096775,0.4064516129032258,17.76510067114094,52435.69536423841,3.6865384615384618,255.7051282051282,20240.25
20220529,14,0.87,12.510191082802546,61.77707006369427,6.880794701986755,0.09935483870967741,0.3741935483870968,17.71812080536913,53711.933333333334,3.7243589743589722,247.56410256410257,18506.5
20220529,15,0.71,12.405732484076442,62.53503184713376,6.867549668874172,0.10259740259740259,0.37662337662337664,19.114093959731544,55105.0,3.674999999999998,248.33333333333334,15881.25
20220529,16,0.5,12.152866242038211,64.08917197452229,6.801324503311259,0.27337662337662333,0.38311688311688313,19.268456375838927,54745.933333333334,3.5820512820512826,241.73076923076923,12229.25
20220529,17,0.26,11.636305732484082,66.69426751592357,6.7218543046357615,0.15064935064935067,0.38961038961038963,15.416107382550335,54906.066666666666,3.4019230769230786,247.94871794871796,7723.25
20220529,18,0.0,11.0,70.08917197452229,6.754966887417218,0.08246753246753244,0.3961038961038961,14.395973154362416,56225.2,3.073076923076922,235.76923076923077,3637.5
20220529,19,-0.26,9.96624203821656,76.10191082802548,6.370860927152318,0.07337662337662339,0.3051948051948052,11.06711409395973,55024.333333333336,2.762820512820513,243.65384615384616,977.25
20220529,20,-0.5,9.046496815286623,80.61783439490446,6.112582781456954,0.06103896103896103,0.2727272727272727,0.697986577181208,52520.4,2.4820512820512826,235.51282051282053,31.5
20220529,21,-0.71,8.442038216560507,83.07006369426752,6.052980132450331,0.05354838709677419,0.2645161290322581,0,49483.46666666667,2.3602564102564094,229.80769230769232,0.0
20220529,22,-0.87,7.930573248407643,85.65605095541402,5.9801324503311255,0.043225806451612905,0.24516129032258063,0,45963.53333333333,2.1775641025641033,229.48717948717947,0.0
20220529,23,-0.97,7.499999999999998,86.63694267515923,5.940397350993377,0.041935483870967745,0.1935483870967742,0,44323.933333333334,2.090384615384614,223.33333333333334,0.0
20220530,00,-1.0,7.053503184713376,88.50955414012739,5.801324503311259,0.05649350649350649,0.23376623376623376,0,41094.066666666666,1.9666666666666663,225.06410256410257,0.0
20220530,01,-0.97,6.701273885350318,89.64331210191082,5.728476821192053,0.0487012987012987,0.2077922077922078,0,38332.73333333333,1.9679487179487187,219.74358974358975,0.0
20220530,02,-0.87,6.329936305732485,90.92356687898089,5.629139072847682,0.03506493506493506,0.2012987012987013,0,34720.53333333333,1.9256410256410261,219.48717948717947,0.0
20220530,03,-0.71,6.115923566878982,91.27388535031847,5.735099337748345,0.04838709677419354,0.2064516129032258,0.0,33014.0,1.9230769230769227,218.78205128205127,0.75
20220530,04,-0.5,6.085987261146498,91.5031847133758,5.7973856209150325,0.049032258064516124,0.18064516129032257,1.523489932885906,32408.42105263158,1.9134615384615388,211.85897435897436,279.75
20220530,05,-0.26,7.046496815286621,88.45859872611464,5.745098039215686,0.031612903225806455,0.21935483870967742,15.516778523489933,34237.56578947369,1.851282051282051,210.19230769230768,2317.25
20220530,06,-0.0,8.325477707006367,83.4267515923567,5.549019607843137,0.05225806451612904,0.1870967741935484,23.22818791946309,38776.05263157895,2.0032051282051286,212.75641025641025,6735.25
20220530,07,0.26,9.554140127388528,77.18471337579618,5.457516339869281,0.03354838709677419,0.14838709677419354,25.355704697986578,44802.5,2.195512820512821,212.05128205128204,13123.25
20220530,08,0.5,10.611464968152866,70.94267515923566,5.605263157894737,0.013548387096774191,0.12903225806451613,27.033333333333335,49233.09210526316,2.3499999999999988,217.62820512820514,19297.5
20220530,09,0.71,11.395541401273887,65.80891719745223,5.803921568627451,0.025806451612903226,0.2129032258064516,25.133333333333333,54658.42105263158,2.413461538461538,218.9102564102564,22447.0
20220530,10,0.87,12.063057324840766,62.152866242038215,5.849673202614379,0.038064516129032264,0.2645161290322581,23.106666666666666,55842.23684210526,2.5858974358974356,230.96153846153845,23411.0
20220530,11,0.97,12.650955414012737,59.318471337579616,6.006578947368421,0.03483870967741935,0.24516129032258063,22.453333333333333,57040.19736842105,2.7000000000000015,241.85897435897436,24001.25
20220530,12,1.0,13.11592356687898,57.10828025477707,6.039735099337748,0.02064516129032258,0.2838709677419355,22.473333333333333,57534.105960264904,2.780128205128205,248.65384615384616,24784.75
20220530,13,0.97,13.52929936305733,55.853503184713375,6.1644736842105265,0.08516129032258064,0.2129032258064516,22.906666666666666,58270.39735099338,2.8737179487179496,257.7564102564103,24231.75
20220530,14,0.87,13.794904458598719,54.611464968152866,6.271523178807947,0.03612903225806452,0.1870967741935484,22.313333333333333,59678.73333333333,2.9333333333333327,264.93589743589746,22342.25
20220530,15,0.71,13.958598726114655,53.64968152866242,5.8344370860927155,0.06129032258064516,0.14193548387096774,24.0,60758.73333333333,2.9480769230769237,259.93589743589746,19200.25
20220530,16,0.5,13.927388535031852,54.17834394904459,5.629139072847682,0.1064516129032258,0.12258064516129032,25.846666666666668,61233.6,2.9187096774193533,257.61290322580646,15182.5
20220530,17,0.26,13.700636942675157,54.69426751592356,4.880794701986755,0.01741935483870968,0.10967741935483871,28.206666666666667,61465.0,2.7199999999999998,247.61290322580646,9761.0
20220530,18,0.0,13.204458598726116,57.0828025477707,4.582781456953643,0.009032258064516128,0.1032258064516129,33.833333333333336,64558.26666666667,2.4393548387096766,236.70967741935485,4434.75
20220530,19,-0.26,11.656050955414015,64.95541401273886,4.19205298013245,0.007741935483870968,0.05806451612903226,27.513333333333332,64708.13333333333,2.1154838709677417,199.93548387096774,1104.75
20220530,20,-0.5,10.116560509554143,72.20382165605096,4.397350993377484,0.0,0.03870967741935484,0.9,61419.666666666664,1.9690322580645163,169.8709677419355,39.75
20220530,21,-0.71,9.043949044585984,77.12738853503184,4.304635761589404,0.0032258064516129032,0.01935483870967742,0,59166.6,1.8864516129032256,160.7741935483871,0.0
20220530,22,-0.87,8.317834394904457,80.21019108280255,4.503311258278146,0.0006451612903225806,0.01935483870967742,0,56580.0,1.8432258064516125,169.8709677419355,0.0
20220530,23,-0.97,7.733757961783437,82.4968152866242,5.0198675496688745,0.0,0.012903225806451613,0,53623.26666666667,1.8587096774193546,170.51612903225808,0.0
20220531,00,-1.0,7.194904458598727,84.42038216560509,5.357615894039735,0.001935483870967742,0.012903225806451613,0,50212.333333333336,1.878064516129031,172.0,0.0
20220531,01,-0.97,6.839490445859875,85.52229299363057,5.688741721854305,0.0,0.0064516129032258064,0,47137.86666666667,1.8838709677419354,173.41935483870967,0.0
20220531,02,-0.87,6.5222929936305745,86.61146496815287,5.933774834437086,0.0,0.01935483870967742,0,46220.666666666664,1.8619354838709683,161.3548387096774,0.0
20220531,03,-0.71,6.101273885350316,87.78343949044586,6.23841059602649,0.013548387096774195,0.01935483870967742,0.0,43175.26666666667,1.7580645161290327,160.96774193548387,1.5
20220531,04,-0.5,6.315286624203821,87.57961783439491,6.045751633986928,0.0,0.012903225806451613,4.293333333333333,43485.26315789474,1.704516129032258,159.16129032258064,372.0
20220531,05,-0.26,7.912101910828029,82.71337579617834,5.699346405228758,0.0,0.01935483870967742,28.446666666666665,47587.03947368421,1.66258064516129,158.4516129032258,2742.0
20220531,06,-0.0,10.141401273885348,75.06369426751593,5.333333333333333,0.0006451612903225806,0.03225806451612903,39.64,52916.71052631579,1.7551282051282056,160.12820512820514,7819.0
20220531,07,0.26,12.084713375796177,67.29936305732484,5.294117647058823,0.0006451612903225806,0.03870967741935484,40.00666666666667,55705.78947368421,2.090384615384615,162.43589743589743,14786.5
20220531,08,0.5,13.723566878980897,60.503184713375795,5.294117647058823,0.005161290322580645,0.03870967741935484,44.74666666666667,58195.92105263158,2.4403846153846143,160.51282051282053,22028.75
20220531,09,0.71,15.12611464968153,54.82165605095541,5.144736842105263,0.0006451612903225806,0.04516129032258064,46.68666666666667,57921.31578947369,2.6608974358974344,162.94871794871796,27134.25
20220531,10,0.87,16.135668789808914,50.802547770700635,5.25,0.0025806451612903226,0.03870967741935484,43.266666666666666,59364.60526315789,2.7217948717948732,169.87179487179486,30050.0
20220531,11,0.97,16.896178343949053,47.64968152866242,5.735099337748345,0.005806451612903226,0.06451612903225806,39.87919463087248,59595.96026490066,2.829487179487181,175.89743589743588,30135.25
20220531,12,1.0,17.435031847133757,45.87261146496815,6.119205298013245,0.009032258064516128,0.10967741935483871,35.43624161073826,59601.986754966885,2.960256410256411,187.05128205128204,27840.5
20220531,13,0.97,17.657961783439497,45.32484076433121,6.708609271523179,0.012903225806451613,0.18064516129032257,29.7682119205298,58727.88079470199,3.0583333333333327,189.35897435897436,24139.25
20220531,14,0.87,17.571974522292983,46.10828025477707,7.0,0.1032258064516129,0.24516129032258063,24.370860927152318,58608.86666666667,3.0564102564102567,204.48717948717947,19776.25
20220531,15,0.71,17.291719745222935,48.382165605095544,6.735099337748345,0.07548387096774194,0.3161290322580645,23.13907284768212,59486.933333333334,3.072435897435898,209.6153846153846,15492.0
20220531,16,0.5,16.78152866242039,51.47133757961783,6.576158940397351,0.09999999999999999,0.3741935483870968,22.225165562913908,60214.53333333333,3.0147435897435897,204.67948717948718,11082.75
20220531,17,0.26,16.185350318471333,55.27388535031847,6.397350993377484,0.18838709677419355,0.2838709677419355,22.960264900662253,59170.26666666667,2.8237179487179493,209.48717948717947,7305.0
20220531,18,0.0,15.286624203821647,60.89171974522293,6.178807947019868,0.17741935483870966,0.33548387096774196,22.688741721854306,57873.73333333333,2.6198717948717944,189.16666666666666,3560.0
20220531,19,-0.26,13.946496815286618,67.99363057324841,5.806666666666667,0.1335483870967742,0.33548387096774196,19.013245033112582,56642.41610738255,2.525000000000001,184.42307692307693,957.0
20220531,20,-0.5,12.457961783439494,74.85987261146497,5.8,0.1735483870967742,0.3419354838709677,1.6821192052980132,53170.13422818792,2.2051282051282053,185.57692307692307,39.75
20220531,21,-0.71,11.542675159235671,80.19108280254777,5.691275167785235,0.1419354838709677,0.3225806451612903,0,51941.94630872483,2.07051282051282,180.51282051282053,0.0
20220531,22,-0.87,10.743949044585989,83.19745222929936,5.214765100671141,0.1619354838709678,0.21935483870967742,0,49394.161073825504,2.0141025641025636,189.6153846153846,0.0
20220531,23,-0.97,10.125477707006372,85.80891719745223,4.919463087248322,0.03483870967741936,0.21935483870967742,0,45192.01342281879,1.9314102564102558,185.51282051282053,0.0
20220601,00,-1.0,9.791719745222927,86.92993630573248,5.3133333333333335,0.03161290322580645,0.1935483870967742,0,41196.57718120806,1.8788461538461536,185.7051282051282,0.0
20220601,01,-0.97,9.515286624203824,87.85350318471338,5.58,0.02387096774193549,0.2129032258064516,0,39417.31543624161,1.9230769230769231,188.07692307692307,0.0
20220601,02,-0.87,9.165605095541403,89.14012738853503,5.3,0.029677419354838707,0.18064516129032257,0,36988.791946308724,1.9737179487179486,192.05128205128204,0.0
20220601,03,-0.71,8.896178343949048,90.2484076433121,5.526666666666666,0.06580645161290323,0.16774193548387098,0.0,33157.38255033557,1.9256410256410261,184.16666666666666,1.25
20220601,04,-0.5,8.927388535031849,89.91082802547771,5.473333333333334,0.05806451612903226,0.22580645161290322,2.7019867549668874,32983.221476510065,1.9685897435897453,193.33333333333334,314.0
20220601,05,-0.26,10.043949044585984,86.53503184713375,4.833333333333333,0.054838709677419356,0.17419354838709677,22.443708609271525,36377.58389261745,2.0237179487179486,194.42307692307693,2543.75
20220601,06,-0.0,11.623566878980888,80.4968152866242,4.30718954248366,0.038064516129032264,0.14838709677419354,34.12582781456954,43210.72368421053,2.1051282051282056,190.64102564102564,7403.0
20220601,07,0.26,13.166878980891713,73.70063694267516,4.169934640522876,0.038064516129032264,0.16774193548387098,38.82781456953642,48190.0,2.40448717948718,202.30769230769232,14044.75
20220601,08,0.5,14.363057324840753,66.98726114649682,4.12,0.04516129032258064,0.15483870967741936,40.437086092715234,51680.06711409396,2.8846153846153855,223.5897435897436,20651.25
20220601,09,0.71,15.41273885350318,61.31210191082803,4.626666666666667,0.03225806451612903,0.12903225806451613,39.609271523178805,55525.30201342282,3.2134615384615395,230.19230769230768,25167.0
20220601,10,0.87,16.119108280254785,57.49044585987261,5.58,0.06193548387096775,0.18064516129032257,37.324503311258276,55638.05369127517,3.590384615384617,235.3846153846154,27155.0
20220601,11,0.97,16.684713375796182,54.205128205128204,5.516778523489933,0.10903225806451612,0.22580645161290322,34.348684210526315,59499.32432432433,3.9679487179487163,242.8846153846154,27462.5
20220601,12,1.0,16.991082802547776,53.36942675159236,5.826666666666667,0.09225806451612904,0.2967741935483871,32.296052631578945,58437.718120805366,4.398717948717948,249.48717948717947,26859.25
20220601,13,0.97,17.13312101910828,52.89808917197452,6.153333333333333,0.11290322580645161,0.3161290322580645,32.28947368421053,56876.44295302014,4.58974358974359,247.24358974358975,25296.75
20220601,14,0.87,17.054777070063693,53.4140127388535,6.208053691275167,0.2387096774193549,0.36774193548387096,29.43046357615894,55532.95302013423,4.598076923076927,257.7564102564103,21794.75
20220601,15,0.71,16.86178343949044,54.54140127388535,6.0,0.1496774193548387,0.3741935483870968,27.24503311258278,58968.51351351351,4.407741935483871,258.65384615384613,17472.0
20220601,16,0.5,16.371337579617826,57.318471337579616,6.429530201342282,0.22129032258064518,0.34838709677419355,23.6158940397351,58091.61073825503,4.141935483870967,267.05128205128204,12904.25
20220601,17,0.26,15.66496815286624,60.34394904458599,6.1610738255033555,0.22516129032258064,0.36129032258064514,22.29139072847682,58363.55704697986,3.97051282051282,269.61538461538464,7972.25
20220601,18,0.0,14.785350318471348,64.171974522293,5.785234899328859,0.10645161290322579,0.3225806451612903,21.388157894736842,58551.275167785236,3.6653846153846135,269.29487179487177,3913.75
20220601,19,-0.26,13.549681528662418,70.02547770700637,5.671140939597316,0.1270967741935484,0.2903225806451613,16.513157894736842,55825.70469798658,3.241666666666669,268.78205128205127,1155.25
20220601,20,-0.5,12.279617834394912,75.828025477707,5.583892617449664,0.0729032258064516,0.2967741935483871,2.223684210526316,52201.74496644295,2.8243589743589754,261.9230769230769,65.0
20220601,21,-0.71,11.436305732484083,79.21019108280255,5.476510067114094,0.038709677419354833,0.24516129032258063,0,49848.791946308724,2.6141025641025633,247.75641025641025,0.0
20220601,22,-0.87,10.77388535031847,81.51592356687898,4.946308724832215,0.0167741935483871,0.14193548387096774,0,48179.12751677852,2.56923076923077,228.71794871794873,0.0
20220601,23,-0.97,10.157961783439495,83.4140127388535,4.147651006711409,0.012258064516129034,0.14838709677419354,0,43980.3355704698,2.5288461538461537,231.98717948717947,0.0
20220602,00,-1.0,9.662420382165609,85.09554140127389,3.87248322147651,0.016129032258064516,0.1032258064516129,0,41098.85906040268,2.4333333333333336,228.78205128205127,0.0
20220602,01,-0.97,9.090445859872613,86.93630573248407,3.302013422818792,0.021935483870967738,0.12258064516129032,0,37110.0,2.448076923076923,230.7051282051282,0.0
20220602,02,-0.87,8.571974522292996,88.31847133757962,3.2348993288590604,0.02064516129032258,0.10967741935483871,0,34001.208053691276,2.4205128205128204,223.01282051282053,0.0
20220602,03,-0.71,8.157324840764328,89.45222929936305,2.912751677852349,0.014838709677419354,0.1032258064516129,0.0,30855.771812080537,2.410897435897437,215.64102564102564,2.25
20220602,04,-0.5,8.13630573248408,89.50955414012739,3.4966442953020134,0.007741935483870968,0.07741935483870968,5.921052631578948,30702.55033557047,2.370512820512821,224.23076923076923,377.0
20220602,05,-0.26,9.436305732484074,85.4140127388535,3.2751677852348995,0.01032258064516129,0.08387096774193549,35.026315789473685,33325.1677852349,2.367307692307693,218.39743589743588,2798.25
20220602,06,-0.0,11.059235668789801,78.75796178343948,3.1946308724832213,0.0006451612903225806,0.07741935483870968,41.39473684210526,40585.36912751678,2.6166666666666676,216.0897435897436,8441.5
20220602,07,0.26,12.499999999999996,72.4968152866242,3.1140939597315436,0.0019354838709677422,0.06451612903225806,44.901315789473685,44518.25503355705,2.992948717948718,219.2948717948718,15950.25
20220602,08,0.5,13.749044585987258,66.43949044585987,3.791946308724832,0.007741935483870968,0.05806451612903226,44.00657894736842,49089.597315436244,3.3006410256410255,216.85897435897436,22542.25
20220602,09,0.71,14.803821656050951,61.48407643312102,4.516778523489933,0.0019354838709677422,0.06451612903225806,41.91447368421053,55066.24161073825,3.345512820512821,210.57692307692307,27466.25
20220602,10,0.87,15.662420382165605,57.2484076433121,4.926666666666667,0.0006451612903225806,0.08387096774193549,41.88815789473684,56782.214765100674,3.4499999999999997,201.47435897435898,30385.75
20220602,11,0.97,16.585987261146492,53.87261146496815,5.013333333333334,0.0006451612903225806,0.07741935483870968,39.68421052631579,57402.68456375839,3.535256410256409,212.05128205128204,31592.75
20220602,12,1.0,17.258598726114645,51.605095541401276,5.326666666666667,0.005161290322580645,0.09032258064516129,38.92763157894737,58523.355704697984,3.6403846153846158,208.84615384615384,31032.5
20220602,13,0.97,17.685987261146497,50.267515923566876,5.66,0.023225806451612905,0.07096774193548387,39.5,58734.36241610738,3.5993589743589767,197.94871794871796,29111.75
20220602,14,0.87,18.117834394904452,49.496815286624205,5.84,0.01806451612903226,0.09032258064516129,39.98684210526316,58189.73154362416,3.53974358974359,185.57692307692307,26247.5
20220602,15,0.71,18.25859872611465,48.92993630573248,5.673333333333333,0.01806451612903226,0.05161290322580645,40.48684210526316,58790.402684563756,3.497435897435897,180.89743589743588,22426.75
20220602,16,0.5,18.26687898089171,48.82165605095541,5.666666666666667,0.0006451612903225806,0.04516129032258064,41.41447368421053,61801.208053691276,3.3147435897435886,194.93589743589743,17118.5
20220602,17,0.26,18.028025477707008,49.8343949044586,5.3,0.0,0.07741935483870968,43.49342105263158,63380.93959731544,3.1711538461538464,178.78205128205127,10776.0
20220602,18,0.0,17.353503184713382,52.77070063694268,4.766666666666667,0.0,0.05806451612903226,45.26315789473684,62789.73154362416,2.9967948717948723,175.96153846153845,4918.75
20220602,19,-0.26,15.77452229299363,59.19108280254777,3.8066666666666666,0.0,0.03870967741935484,41.56578947368421,62619.06040268456,2.6391025641025636,164.80769230769232,1390.0
20220602,20,-0.5,13.880891719745213,66.97452229299363,3.6466666666666665,0.0,0.025806451612903226,5.401315789473684,60887.852348993285,2.351282051282052,154.23076923076923,74.5
20220602,21,-0.71,12.598089171974525,71.82165605095541,3.36,0.0,0.012903225806451613,0,58200.0,2.2596153846153855,141.60256410256412,0.0
20220602,22,-0.87,11.69426751592357,75.29299363057325,2.8533333333333335,0.0,0.0,0,55213.154362416106,2.2435897435897423,155.44871794871796,0.0
20220602,23,-0.97,11.005095541401277,77.92356687898089,2.2133333333333334,0.0,0.0,0,52240.536912751675,2.192307692307692,136.28205128205127,0.0
20220603,00,-1.0,10.407643312101916,79.59235668789809,2.473333333333333,0.0,0.0,0,49305.5033557047,2.1903846153846165,140.89743589743588,0.0
20220603,01,-0.97,9.887898089171973,81.15286624203821,2.1933333333333334,0.0,0.0,0,46397.04697986577,2.1961538461538463,145.76923076923077,0.0
20220603,02,-0.87,9.3656050955414,82.63694267515923,2.3733333333333335,0.0,0.0,0,43697.04697986577,2.09423076923077,142.69230769230768,0.0
20220603,03,-0.71,9.05732484076433,83.45859872611464,2.8266666666666667,0.0,0.0,0.0,42501.0067114094,2.0423076923076917,146.98717948717947,3.0
20220603,04,-0.5,9.345859872611467,82.94904458598727,2.74,0.0,0.0,11.717105263157896,42358.92617449664,2.0230769230769234,144.87179487179486,412.75
20220603,05,-0.26,11.411464968152865,76.75796178343948,2.96,0.0,0.0064516129032258064,45.25657894736842,46381.342281879195,1.9615384615384608,136.98717948717947,2987.5
20220603,06,-0.0,13.738853503184716,69.49044585987261,3.1066666666666665,0.0,0.012903225806451613,52.74342105263158,51020.06711409396,2.1198717948717953,128.9102564102564,8747.5
20220603,07,0.26,15.762420382165601,63.095541401273884,3.76,0.0,0.0,53.63157894736842,54336.44295302014,2.4525641025641036,130.3846153846154,16550.75
20220603,08,0.5,17.603184713375796,57.52229299363057,3.3533333333333335,0.0,0.0,55.9078947368421,56602.88590604027,2.719230769230769,127.05128205128206,24082.25
20220603,09,0.71,19.193630573248406,53.254777070063696,3.2066666666666666,0.0,0.0,57.57236842105263,57583.02013422819,2.8730769230769235,127.3076923076923,30230.25
20220603,10,0.87,20.358598726114657,50.64968152866242,2.8322147651006713,0.0012903225806451613,0.012903225806451613,56.908496732026144,57100.80536912752,3.0493589743589755,116.85897435897436,34110.75
20220603,11,0.97,21.336305732484078,48.75796178343949,2.9,0.01032258064516129,0.03225806451612903,54.928104575163395,58163.69127516779,3.1570512820512837,124.03846153846153,34880.5
20220603,12,1.0,21.97070063694267,47.77707006369427,3.3266666666666667,0.008387096774193548,0.03870967741935484,51.04575163398693,60234.69798657718,3.2160256410256407,123.65384615384616,33107.25
20220603,13,0.97,22.324203821656063,48.11464968152866,4.253333333333333,0.016129032258064516,0.0967741935483871,46.052287581699346,57353.82550335571,3.122435897435897,131.60256410256412,28931.0
20220603,14,0.87,22.40318471337579,48.51592356687898,4.746666666666667,0.060000000000000005,0.13548387096774195,40.87581699346405,55979.463087248325,3.097435897435898,135.89743589743588,23588.5
20220603,15,0.71,22.12229299363057,50.21656050955414,5.366666666666666,0.03225806451612904,0.17419354838709677,34.254901960784316,57701.87919463087,3.064102564102566,140.0,17495.75
20220603,16,0.5,21.597452229299368,53.75796178343949,5.68,0.39419354838709675,0.2129032258064516,28.986928104575163,55502.41610738255,2.991025641025642,140.19230769230768,11822.0
20220603,17,0.26,20.73503184713376,57.210191082802545,5.966666666666667,0.3374193548387097,0.23225806451612904,24.49673202614379,55773.355704697984,3.0500000000000003,137.94871794871796,7216.5
20220603,18,0.0,19.688535031847135,61.5859872611465,6.453333333333333,0.2780645161290323,0.23870967741935484,22.091503267973856,53552.01342281879,3.142307692307693,139.2948717948718,3393.75
20220603,19,-0.26,18.16624203821656,68.71337579617834,6.373333333333333,0.33612903225806445,0.3032258064516129,15.797385620915033,48649.93288590604,3.0730769230769246,129.16666666666666,1034.25
20220603,20,-0.5,16.916560509554145,73.97452229299363,6.453333333333333,0.30903225806451623,0.3096774193548387,3.6666666666666665,47084.026845637585,2.8153846153846156,126.34615384615384,69.0
20220603,21,-0.71,16.067515923566894,77.57961783439491,6.78,0.09870967741935484,0.2903225806451613,0,43333.221476510065,2.6653846153846152,122.11538461538461,0.0
20220603,22,-0.87,15.392993630573258,79.82165605095541,6.6866666666666665,0.06838709677419355,0.24516129032258063,0,42288.12080536913,2.474999999999999,138.9102564102564,0.0
20220603,23,-0.97,14.790445859872616,81.80254777070064,6.613333333333333,0.03161290322580645,0.2064516129032258,0,39556.97986577181,2.410256410256411,122.5,0.0
20220604,00,-1.0,14.215923566878981,83.73885350318471,6.36,0.03290322580645161,0.1935483870967742,0,37249.79865771812,2.362820512820513,133.9102564102564,0.0
20220604,01,-0.97,13.742038216560507,84.96815286624204,6.026666666666666,0.03161290322580645,0.13548387096774195,0,37016.845637583894,2.2442307692307706,130.83333333333334,0.0
20220604,02,-0.87,13.299363057324841,86.68152866242038,5.973333333333334,0.029032258064516123,0.13548387096774195,0,32458.791946308724,2.124358974358974,134.16666666666666,0.0
20220604,03,-0.71,12.906369426751596,87.96178343949045,6.0,0.04451612903225805,0.17419354838709677,0.0,30320.268456375838,2.1339743589743585,157.62820512820514,2.5
20220604,04,-0.5,12.879617834394905,87.7452229299363,6.193333333333333,0.016129032258064516,0.15483870967741936,4.130718954248366,29755.637583892618,2.136538461538461,149.67948717948718,367.25
20220604,05,-0.26,13.753503184713377,85.10191082802548,6.1066666666666665,0.04451612903225806,0.16774193548387098,22.163398692810457,33064.026845637585,2.278205128205127,153.9102564102564,2587.25
20220604,06,-0.0,14.929299363057329,80.48407643312102,6.253333333333333,0.09419354838709677,0.11612903225806452,28.392156862745097,37403.4899328859,2.400641025641025,149.55128205128204,6545.75
20220604,07,0.26,16.129936305732496,76.21019108280255,6.066666666666666,0.06903225806451614,0.13548387096774195,29.88235294117647,41554.96644295302,2.6326923076923077,153.2051282051282,11603.75
20220604,08,0.5,17.234394904458604,71.91082802547771,6.553333333333334,0.03548387096774193,0.15483870967741936,30.37908496732026,45269.93288590604,2.6929487179487186,144.23076923076923,16713.0
20220604,09,0.71,18.284076433121008,68.64331210191082,6.08,0.04967741935483871,0.13548387096774195,29.947712418300654,45113.08724832215,2.7429487179487175,140.32051282051282,21209.75
20220604,10,0.87,19.264968152866235,65.14649681528662,5.8933333333333335,0.0032258064516129032,0.08387096774193549,31.69934640522876,48152.48322147651,2.8384615384615386,144.2948717948718,24615.0
20220604,11,0.97,19.947770700636937,62.681528662420384,5.62,0.01741935483870968,0.10967741935483871,32.34640522875817,49133.02013422819,3.003205128205127,150.12820512820514,26422.25
20220604,12,1.0,20.63757961783439,59.98726114649681,5.2,0.009032258064516128,0.10967741935483871,31.666666666666668,49393.154362416106,3.1205128205128214,139.35897435897436,27214.0
20220604,13,0.97,21.11592356687899,58.47770700636943,5.046666666666667,0.004516129032258064,0.1032258064516129,35.052287581699346,49585.23489932886,3.189743589743589,147.30769230769232,27439.5
20220604,14,0.87,21.506369426751597,56.88535031847134,4.546666666666667,0.0032258064516129032,0.09032258064516129,40.26143790849673,52605.36912751678,3.1846153846153835,140.12820512820514,26349.75
20220604,15,0.71,21.724203821656058,55.78343949044586,3.9,0.10129032258064516,0.05806451612903226,42.673202614379086,52282.75167785235,3.250000000000001,141.47435897435898,23466.25
20220604,16,0.5,21.65732484076432,55.92993630573248,2.7533333333333334,0.08709677419354837,0.04516129032258064,47.28104575163399,51962.41610738255,3.244230769230771,138.26923076923077,18674.25
20220604,17,0.26,21.357961783439492,56.42675159235669,1.92,0.0,0.0064516129032258064,52.470588235294116,54246.44295302014,3.248717948717949,126.28205128205128,11786.0
20220604,18,0.0,20.5796178343949,59.254777070063696,1.6466666666666667,0.0,0.0,54.967320261437905,54838.38926174497,3.150641025641026,119.16666666666667,5167.5
20220604,19,-0.26,18.93248407643312,66.05732484076434,1.7133333333333334,0.0,0.0064516129032258064,47.529411764705884,53035.30201342282,2.8346153846153865,94.48717948717949,1457.5
20220604,20,-0.5,17.130573248407643,73.01273885350318,2.6666666666666665,0.004516129032258064,0.012903225806451613,5.784313725490196,47237.38255033557,2.6583333333333337,102.5,82.5
20220604,21,-0.71,15.90828025477707,77.57961783439491,3.1,0.0,0.0064516129032258064,0,43003.62416107383,2.5858974358974343,94.67948717948718,0.0
20220604,22,-0.87,15.077707006369435,80.47770700636943,3.2466666666666666,0.0,0.0,0,39619.26174496644,2.556410256410256,93.52564102564102,0.0
20220604,23,-0.97,14.427388535031849,82.70700636942675,3.1333333333333333,0.0032258064516129032,0.0064516129032258064,0,37100.87248322148,2.590384615384617,105.1923076923077,0.0
20220605,00,-1.0,13.762420382165605,84.68152866242038,3.2266666666666666,0.001935483870967742,0.01935483870967742,0,33795.63758389262,2.5621794871794874,113.78205128205128,0.0
20220605,01,-0.97,13.24522292993631,86.49044585987261,3.3466666666666667,0.001935483870967742,0.01935483870967742,0,31443.22147651007,2.426923076923077,108.65384615384616,0.0
20220605,02,-0.87,12.763057324840775,87.98726114649682,3.7466666666666666,0.011612903225806452,0.05161290322580645,0,28462.953020134228,2.507692307692307,95.12820512820512,0.0
20220605,03,-0.71,12.407006369426751,88.96815286624204,4.153333333333333,0.014838709677419357,0.05806451612903226,0.0196078431372549,26807.85234899329,2.607051282051282,96.66666666666667,3.5
20220605,04,-0.5,12.708917197452232,88.40764331210191,4.513333333333334,0.1503225806451613,0.07741935483870968,11.477124183006536,26360.335570469797,2.5519230769230767,102.82051282051282,468.0
20220605,05,-0.26,14.154777070063693,84.24203821656052,4.48,0.31290322580645163,0.14838709677419354,35.56209150326797,28528.322147651008,2.803846153846154,117.43589743589743,2777.5
20220605,06,-0.0,15.688535031847133,79.04458598726114,4.693333333333333,0.20838709677419354,0.16129032258064516,36.63398692810458,34251.476510067114,3.0538461538461528,105.38461538461539,7333.0
20220605,07,0.26,17.10764331210191,74.48407643312102,5.033333333333333,0.32967741935483874,0.16774193548387098,37.1764705882353,37683.69127516779,3.326282051282051,109.42307692307692,12629.25
20220605,08,0.5,18.378980891719753,70.70700636942675,5.126666666666667,0.17032258064516131,0.1935483870967742,34.130718954248366,43040.87248322148,3.535897435897436,113.71794871794872,16990.0
20220605,09,0.71,19.428662420382157,67.7452229299363,5.34,0.14645161290322584,0.2,34.1764705882353,42730.73825503356,3.72051282051282,122.75641025641026,20762.75
20220605,10,0.87,20.273248407643315,65.02547770700637,5.473333333333334,0.20516129032258065,0.25161290322580643,34.06535947712418,45072.34899328859,3.782692307692308,115.44871794871794,23424.0
20220605,11,0.97,20.98089171974523,63.59872611464968,6.06,0.17935483870967744,0.27741935483870966,32.790849673202615,45580.20134228188,3.9070512820512815,118.84615384615384,24462.75
20220605,12,1.0,21.49808917197453,62.10828025477707,5.82,0.0896774193548387,0.27741935483870966,30.45751633986928,46671.54362416107,4.059615384615384,115.38461538461539,23233.5
20220605,13,0.97,21.703821656050952,62.10191082802548,6.046666666666667,0.1812903225806452,0.3225806451612903,28.163398692810457,47522.08053691275,4.110256410256412,124.35897435897436,20468.25
20220605,14,0.87,21.480254777070066,63.617834394904456,6.866666666666666,0.5690322580645163,0.4,24.50980392156863,45987.18120805369,4.171794871794872,130.12820512820514,16639.75
20220605,15,0.71,21.08343949044586,65.65605095541402,7.266666666666667,0.43548387096774205,0.45161290322580644,19.607843137254903,45129.19463087248,4.176129032258065,138.83870967741936,11803.75
20220605,16,0.5,20.493630573248403,68.07006369426752,7.453333333333333,0.39032258064516157,0.5161290322580645,15.562091503267974,45635.77181208054,4.099354838709676,143.93548387096774,8117.25
20220605,17,0.26,19.789808917197465,70.69426751592357,7.34,0.5916129032258064,0.5096774193548387,12.183006535947712,46810.80536912752,4.219354838709677,154.58064516129033,5193.25
20220605,18,0.0,18.964331210191087,74.11464968152866,7.346666666666667,0.8103225806451613,0.49032258064516127,9.418300653594772,47132.08053691275,4.0187096774193565,159.41935483870967,2784.75
20220605,19,-0.26,18.219745222929937,76.98089171974522,7.286666666666667,0.30129032258064525,0.3741935483870968,6.183006535947713,47943.55704697986,3.5935483870967713,162.1290322580645,944.0
20220605,20,-0.5,17.48726114649681,79.53503184713375,7.386666666666667,0.44,0.3161290322580645,0.477124183006536,44054.63087248322,3.6438709677419365,162.6451612903226,50.25
20220605,21,-0.71,16.99171974522293,81.35031847133757,7.1,0.3129032258064517,0.38064516129032255,0,44756.91275167785,3.6677419354838703,169.3548387096774,0.0
20220605,22,-0.87,16.691719745222933,82.37579617834395,7.02,0.19419354838709676,0.3548387096774194,0,43445.906040268455,3.6838709677419357,170.90322580645162,0.0
20220605,23,-0.97,16.282802547770697,83.98089171974522,6.873333333333333,0.29677419354838713,0.2967741935483871,0,41922.01342281879,3.7903225806451637,181.29032258064515,0.0
20220606,00,-1.0,15.885987261146498,84.56050955414013,6.533333333333333,0.15806451612903227,0.2709677419354839,0,41407.65100671141,3.859999999999998,184.83870967741936,0.0
20220606,01,-0.97,15.510191082802544,86.01273885350318,5.966666666666667,0.132258064516129,0.2709677419354839,0,38784.89932885906,3.80451612903226,190.6451612903226,0.0
20220606,02,-0.87,15.135668789808912,87.31210191082802,5.966666666666667,0.1619354838709677,0.3032258064516129,0,34707.718120805366,3.6380645161290315,201.48387096774192,0.0
20220606,03,-0.71,14.767515923566881,89.0,6.053333333333334,0.22709677419354837,0.3225806451612903,0.0,31841.610738255033,3.5890322580645173,203.3548387096774,1.0
20220606,04,-0.5,14.515286624203831,90.11464968152866,5.8533333333333335,0.264516129032258,0.32903225806451614,0.35947712418300654,29262.75167785235,3.509032258064516,197.80645161290323,221.25
20220606,05,-0.26,14.920382165605096,88.77707006369427,6.086666666666667,0.18967741935483876,0.3096774193548387,11.784313725490197,30999.127516778524,3.4148387096774204,201.67741935483872,1906.25
20220606,06,-0.0,15.710828025477692,85.56687898089172,6.166666666666667,0.1438709677419355,0.27741935483870966,18.836601307189543,34567.18120805369,3.5483870967741944,206.96774193548387,6056.0
20220606,07,0.26,16.616560509554123,80.61146496815287,6.126666666666667,0.1529032258064516,0.1870967741935484,23.00653594771242,39955.973154362415,3.892258064516129,218.32258064516128,11615.75
20220606,08,0.5,17.514012738853513,74.96815286624204,6.253333333333333,0.027741935483870973,0.13548387096774195,25.830065359477125,47645.838926174496,4.178064516129033,231.67741935483872,17646.75
20220606,09,0.71,18.335031847133752,70.01273885350318,6.2,0.023225806451612905,0.14193548387096774,28.50326797385621,50345.973154362415,4.565806451612903,231.8709677419355,22148.0
20220606,10,0.87,19.092356687898096,65.78980891719745,6.366666666666666,0.005806451612903225,0.13548387096774195,26.50326797385621,54606.37583892617,4.683225806451612,233.8709677419355,24649.5
20220606,11,0.97,19.71656050955414,62.19108280254777,5.8,0.0935483870967742,0.14838709677419354,29.065359477124183,53353.4899328859,4.724516129032256,237.5483870967742,25886.0
20220606,12,1.0,20.06305732484078,59.267515923566876,5.8933333333333335,0.062337662337662324,0.19480519480519481,29.562091503267975,57005.5033557047,4.7696774193548395,237.8709677419355,26191.0
20220606,13,0.97,20.484076433121015,57.382165605095544,5.76,0.058709677419354823,0.22580645161290322,29.45098039215686,56082.61744966443,4.598064516129032,234.19354838709677,24712.75
20220606,14,0.87,20.520382165605096,56.605095541401276,5.773333333333333,0.02645161290322581,0.2064516129032258,30.437908496732025,58201.61073825503,4.5122580645161285,234.25806451612902,21986.25
20220606,15,0.71,20.27961783439491,56.66242038216561,6.14,0.05677419354838709,0.24516129032258063,27.26143790849673,58293.4899328859,4.436774193548388,231.3548387096774,18388.5
20220606,16,0.5,20.055414012738847,57.70063694267516,5.906666666666666,0.14451612903225805,0.23225806451612904,26.915032679738562,59531.74496644295,4.230322580645162,231.41935483870967,13777.75
20220606,17,0.26,19.40828025477706,60.05095541401274,6.18,0.16516129032258062,0.25161290322580643,22.954248366013072,60203.82550335571,4.016129032258065,230.7741935483871,8323.75
20220606,18,0.0,18.455414012738846,63.98726114649681,6.06,0.15870967741935488,0.25161290322580643,21.15686274509804,57624.093959731545,3.6503225806451605,232.25806451612902,3768.25
20220606,19,-0.26,17.301910828025484,69.4140127388535,5.94,0.35483870967741943,0.23870967741935484,17.091503267973856,58495.10067114094,3.1193548387096772,232.83870967741936,1096.25
20220606,20,-0.5,16.021656050955425,74.86624203821655,5.726666666666667,0.2941935483870968,0.24516129032258063,1.6209150326797386,54445.36912751678,2.9045161290322565,222.70967741935485,54.0
20220606,21,-0.71,15.103184713375803,78.01910828025478,5.8533333333333335,0.19806451612903223,0.22580645161290322,0,54354.8322147651,2.6870967741935483,226.1290322580645,0.0
20220606,22,-0.87,14.39426751592357,81.4968152866242,5.86,0.09032258064516127,0.23225806451612904,0,50551.07382550336,2.575483870967743,221.80645161290323,0.0
20220606,23,-0.97,13.882165605095539,83.57961783439491,6.42,0.1503225806451613,0.24516129032258063,0,48182.34899328859,2.382580645161291,214.25806451612902,0.0
20220607,00,-1.0,13.447770700636946,85.40127388535032,6.54,0.2012903225806452,0.2838709677419355,0,44913.89261744967,2.36258064516129,205.48387096774192,0.0
20220607,01,-0.97,13.087261146496814,86.90445859872611,6.966666666666667,0.18967741935483876,0.33548387096774196,0,42141.94630872483,2.3116129032258064,209.09677419354838,0.0
20220607,02,-0.87,12.838216560509556,88.01273885350318,6.7,0.2245161290322581,0.3419354838709677,0,41497.18120805369,2.4283870967741943,206.58064516129033,0.0
20220607,03,-0.71,12.585987261146494,88.84713375796179,6.859060402684563,0.23612903225806453,0.3032258064516129,0.0,40170.06756756757,2.453896103896103,203.2258064516129,3.25
20220607,04,-0.5,12.634394904458599,88.76433121019109,6.630872483221476,0.25096774193548393,0.3548387096774194,3.1907894736842106,40129.72972972973,2.4620915032679744,213.0718954248366,304.25
20220607,05,-0.26,13.374522292993628,85.8407643312102,6.409395973154362,0.19612903225806455,0.36129032258064514,13.651315789473685,40802.43243243243,2.5483660130718944,213.59477124183007,1832.0
20220607,06,-0.0,14.375796178343954,80.99363057324841,6.24,0.1858064516129032,0.3225806451612903,18.640522875816995,43394.8322147651,2.759090909090909,217.72727272727272,5232.0
20220607,07,0.26,15.339490445859877,76.03184713375796,6.1066666666666665,0.17741935483870974,0.3548387096774194,21.38562091503268,47283.89261744967,3.2642857142857133,227.01298701298703,9948.5
20220607,08,0.5,16.317834394904462,70.45222929936305,5.913333333333333,0.2845161290322581,0.32903225806451614,24.830065359477125,51990.20134228188,3.8058441558441545,232.72727272727272,14855.5
20220607,09,0.71,17.022929936305736,67.10191082802548,6.233333333333333,0.17096774193548392,0.25161290322580643,22.94736842105263,51987.51677852349,4.159090909090907,230.7792207792208,18801.0
20220607,10,0.87,17.603184713375807,63.86624203821656,6.526666666666666,0.14193548387096772,0.27741935483870966,22.25,52814.89932885906,4.457792207792206,236.03896103896105,20718.25
20220607,11,0.97,18.126282051282054,62.0,6.573333333333333,0.0729032258064516,0.22580645161290322,17.93421052631579,54328.58108108108,4.598701298701299,235.9090909090909,20834.75
20220607,12,1.0,18.421794871794873,60.97435897435897,6.8,0.06322580645161291,0.23870967741935484,17.67105263157895,54031.95945945946,4.669480519480519,234.1290322580645,20868.75
20220607,13,0.97,18.633333333333344,60.5,6.98,0.06129032258064516,0.27741935483870966,16.36842105263158,55621.08108108108,4.580645161290323,234.32258064516128,20401.0
20220607,14,0.87,18.794904458598726,60.52229299363057,7.06,0.17741935483870971,0.3032258064516129,16.07236842105263,55968.92617449664,4.430322580645162,234.83870967741936,18676.0
20220607,15,0.71,18.715384615384615,61.5,7.0,0.10774193548387098,0.2645161290322581,16.45394736842105,55335.2027027027,4.2283870967741946,236.70967741935485,16155.25
20220607,16,0.5,18.438216560509552,63.22929936305732,6.82,0.2787096774193548,0.27741935483870966,16.29605263157895,57632.16216216216,4.105806451612902,240.06451612903226,12839.0
20220607,17,0.26,18.039490445859872,65.38853503184713,6.72,0.07161290322580645,0.2903225806451613,16.73856209150327,58376.44295302014,3.83032258064516,242.58064516129033,8471.0
20220607,18,0.0,17.436942675159234,68.23566878980891,6.653333333333333,0.23096774193548386,0.25161290322580643,17.797385620915033,56473.08724832215,3.518709677419354,238.25806451612902,4236.0
20220607,19,-0.26,16.34267515923567,73.95541401273886,6.346666666666667,0.18774193548387097,0.23225806451612904,16.398692810457515,55801.67785234899,2.965161290322581,236.1290322580645,1349.75
20220607,20,-0.5,15.085987261146503,80.03821656050955,6.1066666666666665,0.0703225806451613,0.25806451612903225,1.411764705882353,50928.18791946309,2.5309677419354832,228.6451612903226,85.0
20220607,21,-0.71,14.241401273885357,83.86624203821655,6.066666666666666,0.054193548387096765,0.22580645161290322,0,48243.82550335571,2.4096774193548396,222.83870967741936,0.0
20220607,22,-0.87,13.676433121019107,86.05732484076434,5.333333333333333,0.034193548387096775,0.17419354838709677,0,45586.44295302014,2.3690322580645167,218.0,0.0
20220607,23,-0.97,13.201910828025483,87.78980891719745,5.066666666666666,0.0432258064516129,0.16129032258064516,0,44986.97986577181,2.2845161290322573,209.41935483870967,0.0
20220608,00,-1.0,12.793630573248402,89.10828025477707,5.113333333333333,0.021935483870967745,0.12903225806451613,0,41671.342281879195,2.240000000000001,212.25806451612902,0.0
20220608,01,-0.97,12.50828025477706,89.84713375796179,4.926666666666667,0.021290322580645164,0.13548387096774195,0,39792.68456375839,2.2083870967741936,204.4516129032258,0.0
20220608,02,-0.87,12.156050955414015,91.00636942675159,5.246666666666667,0.005806451612903226,0.1032258064516129,0,37548.12080536913,2.1141935483870973,199.80645161290323,0.0
20220608,03,-0.71,11.893630573248414,91.78343949044586,5.386666666666667,0.0006451612903225806,0.07096774193548387,0.0,34883.355704697984,2.058064516129032,200.0,3.75
20220608,04,-0.5,12.001910828025482,91.37579617834395,5.193333333333333,0.0006451612903225806,0.07096774193548387,4.261437908496732,33474.56375838926,1.9535483870967743,188.58064516129033,410.75
20220608,05,-0.26,13.249044585987255,86.96178343949045,5.033333333333333,0.0012903225806451613,0.07741935483870968,24.73856209150327,38785.57046979866,1.9283870967741956,192.0,2793.5
20220608,06,-0.0,14.700636942675157,81.01910828025478,4.704697986577181,0.0,0.05161290322580645,33.490196078431374,43782.01342281879,2.1045161290322576,193.09677419354838,7864.75
20220608,07,0.26,16.142675159235665,74.87261146496816,4.8389261744966445,0.0,0.03870967741935484,37.333333333333336,49398.724832214764,2.3787096774193546,196.83870967741936,14773.0
20220608,08,0.5,17.374522292993632,69.05095541401273,5.02,0.0,0.012903225806451613,38.24183006535948,51148.05369127517,2.656774193548387,201.93548387096774,21218.5
20220608,09,0.71,18.378343949044584,64.51592356687898,5.214765100671141,0.0,0.01935483870967742,38.45751633986928,51764.093959731545,3.018709677419354,195.61290322580646,25539.25
20220608,10,0.87,19.207006369426757,60.27388535031847,5.406666666666666,0.003870967741935484,0.05806451612903226,36.928104575163395,54871.67785234899,3.167741935483872,195.29032258064515,26962.75
20220608,11,0.97,19.634394904458603,58.605095541401276,5.973333333333334,0.04129032258064516,0.12903225806451613,31.9281045751634,55183.37837837838,3.215483870967741,193.8709677419355,26143.75
20220608,12,1.0,19.997452229299373,57.63057324840764,6.326666666666667,0.16387096774193555,0.16129032258064516,26.130718954248366,52786.68918918919,3.207096774193549,190.1290322580645,24095.0
20220608,13,0.97,19.99872611464968,57.94267515923567,6.713333333333333,0.16967741935483868,0.1870967741935484,21.424836601307188,53079.73154362416,3.305161290322579,188.58064516129033,21389.75
20220608,14,0.87,19.9515923566879,59.24203821656051,6.786666666666667,0.20838709677419354,0.25806451612903225,19.130718954248366,51176.5100671141,3.357419354838711,188.58064516129033,18576.5
20220608,15,0.71,19.58535031847133,61.50955414012739,6.953333333333333,0.19161290322580646,0.33548387096774196,17.686274509803923,50602.34899328859,3.349677419354837,186.7741935483871,14940.25
20220608,16,0.5,19.02038216560509,64.89808917197452,7.166666666666667,0.272258064516129,0.3870967741935484,16.50326797385621,47623.154362416106,3.358709677419354,193.67741935483872,10544.25
20220608,17,0.26,18.28662420382165,68.89171974522293,7.5,0.3161290322580645,0.44516129032258067,12.934640522875817,48395.5033557047,3.1909677419354834,201.16129032258064,6254.25
20220608,18,0.0,17.385987261146497,74.07006369426752,7.5,0.4038709677419356,0.535483870967742,7.392156862745098,43599.06040268456,3.0503225806451626,197.41935483870967,3056.5
20220608,19,-0.26,16.308917197452228,79.19745222929936,7.526666666666666,0.34580645161290324,0.567741935483871,3.5359477124183005,44069.530201342284,2.868387096774194,202.32258064516128,897.5
20220608,20,-0.5,15.44140127388535,83.37579617834395,7.56,0.17870967741935487,0.5870967741935483,0.3333333333333333,40928.12080536913,2.865806451612905,200.90322580645162,48.25
20220608,21,-0.71,14.845222929936298,85.56050955414013,7.56,0.36580645161290337,0.6258064516129033,0,41419.597315436244,2.8270967741935484,197.3548387096774,0.0
20220608,22,-0.87,14.425477707006367,87.47133757961784,7.54,0.2135483870967742,0.5225806451612903,0,39056.57718120806,2.7838709677419358,202.83870967741936,0.0
20220608,23,-0.97,14.092356687898084,89.06369426751593,7.3933333333333335,0.23032258064516137,0.5548387096774193,0,36051.67785234899,2.7438709677419357,209.67741935483872,0.0
20220609,00,-1.0,13.780254777070066,90.35668789808918,7.326666666666667,0.21032258064516135,0.5741935483870968,0,35478.38926174497,2.5077419354838697,217.5483870967742,0.0
20220609,01,-0.97,13.501910828025478,91.53503184713375,7.266666666666667,0.11548387096774193,0.5225806451612903,0,34260.604026845635,2.488387096774195,217.5483870967742,0.0
20220609,02,-0.87,13.229936305732489,92.35668789808918,7.44,0.15741935483870972,0.5161290322580645,0,31414.89932885906,2.5174193548387094,223.2258064516129,0.0
20220609,03,-0.71,13.062420382165609,92.35668789808918,7.38,0.16967741935483868,0.4967741935483871,0.0,31434.63087248322,2.5619354838709683,233.41935483870967,4.25
20220609,04,-0.5,13.04649681528662,92.35668789808918,7.28,0.11612903225806452,0.4,1.5686274509803921,30387.71812080537,2.68258064516129,238.38709677419354,262.25
20220609,05,-0.26,13.3656050955414,90.6687898089172,7.18,0.11225806451612905,0.38064516129032255,5.522875816993464,30934.362416107382,2.873548387096774,243.3548387096774,1763.75
20220609,06,-0.0,13.873885350318464,88.10191082802548,7.173333333333333,0.1458064516129032,0.3419354838709677,8.562091503267974,33415.23489932886,3.245806451612902,251.03225806451613,4690.5
20220609,07,0.26,14.387261146496805,84.65605095541402,7.293333333333333,0.1367741935483871,0.36774193548387096,8.934640522875817,36208.05369127517,3.6922580645161296,258.3225806451613,8499.5
20220609,08,0.5,15.005095541401273,81.18471337579618,7.346666666666667,0.1032258064516129,0.3548387096774194,10.673202614379084,40146.44295302014,3.932903225806453,262.64516129032256,12773.25
20220609,09,0.71,15.50064102564103,78.14102564102564,7.346666666666667,0.1735483870967742,0.36774193548387096,11.483660130718954,40126.845637583894,4.080645161290323,266.83870967741933,16533.5
20220609,10,0.87,16.252564102564104,74.3076923076923,7.18,0.2019354838709677,0.4258064516129032,14.045751633986928,42852.01342281879,4.233548387096777,270.4516129032258,19388.75
20220609,11,0.97,16.67770700636943,71.89171974522293,6.8933333333333335,0.13225806451612904,0.3548387096774194,16.58823529411765,47099.73154362416,4.4464516129032265,274.7741935483871,20174.5
20220609,12,1.0,17.099363057324847,69.61146496815287,6.82,0.09161290322580642,0.41935483870967744,19.019607843137255,48384.96644295302,4.423870967741934,276.38709677419354,20105.0
20220609,13,0.97,17.366242038216562,67.75641025641026,7.067114093959732,0.12322580645161293,0.3548387096774194,18.81578947368421,50459.66216216216,4.456129032258066,276.64516129032256,19832.0
20220609,14,0.87,17.622929936305724,65.87179487179488,6.939597315436242,0.08580645161290322,0.3419354838709677,19.855263157894736,52384.72972972973,4.363225806451613,278.5806451612903,18955.5
20220609,15,0.71,17.614649681528654,65.5448717948718,6.87248322147651,0.12709677419354845,0.2903225806451613,21.20394736842105,52955.74324324324,4.385806451612904,283.2903225806452,16710.5
20220609,16,0.5,17.596815286624206,65.69871794871794,6.691275167785235,0.08129032258064516,0.25806451612903225,21.598684210526315,54040.604026845635,4.221935483870967,277.6774193548387,13637.0
20220609,17,0.26,17.343949044585965,65.94871794871794,6.14,0.05225806451612903,0.15483870967741936,24.96732026143791,55770.604026845635,4.00709677419355,278.64516129032256,9359.0
20220609,18,0.0,16.82675159235668,68.40384615384616,5.926666666666667,0.03548387096774193,0.11612903225806452,25.522875816993466,56016.10738255033,3.8703225806451624,280.9032258064516,4697.0
20220609,19,-0.26,15.777070063694268,73.10897435897436,5.226666666666667,0.008387096774193548,0.08387096774193549,22.69281045751634,55198.92617449664,3.412903225806452,276.19354838709677,1492.75
20220609,20,-0.5,14.597452229299355,78.24358974358974,5.04,0.012903225806451613,0.0967741935483871,4.196078431372549,51898.791946308724,2.9051612903225807,270.258064516129,110.75
20220609,21,-0.71,13.657961783439491,82.3974358974359,4.453333333333333,0.05032258064516129,0.0967741935483871,0,48190.13422818792,2.6638709677419348,265.6774193548387,0.25
20220609,22,-0.87,12.975159235668789,84.92307692307692,3.8133333333333335,0.027741935483870973,0.08387096774193549,0,45400.469798657716,2.633548387096771,256.4516129032258,0.0
20220609,23,-0.97,12.337579617834397,86.92948717948718,3.1,0.0019354838709677422,0.03870967741935484,0,42429.93288590604,2.5316129032258057,252.19354838709677,0.0
20220610,00,-1.0,11.796178343949041,88.53205128205128,2.506666666666667,0.0012903225806451613,0.025806451612903226,0,40148.38926174497,2.4580645161290318,251.67741935483872,0.0
20220610,01,-0.97,11.295541401273885,89.83333333333333,2.4,0.0,0.025806451612903226,0,36638.657718120805,2.3683870967741942,247.61290322580646,0.0
20220610,02,-0.87,10.85095541401274,90.92948717948718,2.32,0.0,0.01935483870967742,0,33570.402684563756,2.2051612903225806,236.06451612903226,0.0
20220610,03,-0.71,10.417834394904451,91.81410256410257,2.2866666666666666,0.0012903225806451613,0.025806451612903226,0.0,30733.758389261744,2.12516129032258,236.83870967741936,5.25
20220610,04,-0.5,10.512738853503182,91.55128205128206,2.066666666666667,0.0019354838709677422,0.03870967741935484,7.7973856209150325,30770.671140939598,2.061935483870967,231.3548387096774,414.75
20220610,05,-0.26,12.039490445859878,86.27564102564102,2.2666666666666666,0.0006451612903225806,0.03225806451612903,42.052287581699346,35241.87919463087,2.07225806451613,219.74193548387098,2768.25
20220610,06,-0.0,13.719108280254778,79.67307692307692,2.4133333333333336,0.0006451612903225806,0.03225806451612903,46.673202614379086,41445.77181208054,2.229032258064515,223.03225806451613,8234.0
20220610,07,0.26,15.36114649681529,72.47770700636943,2.5,0.0019354838709677422,0.01935483870967742,47.51633986928105,46259.597315436244,2.561290322580646,238.7741935483871,15810.0
20220610,08,0.5,16.819745222929942,65.93630573248407,2.5533333333333332,0.0019354838709677422,0.01935483870967742,49.06535947712418,48365.43624161074,2.829032258064517,239.74193548387098,23148.0
20220610,09,0.71,17.938216560509556,60.605095541401276,3.2885906040268456,0.0006451612903225806,0.012903225806451613,46.89473684210526,51809.66216216216,3.18967741935484,242.19354838709677,27960.0
20220610,10,0.87,18.908280254777075,56.31210191082803,3.959731543624161,0.0,0.03225806451612903,42.44736842105263,52448.91891891892,3.414193548387097,244.58064516129033,29826.5
20220610,11,0.97,19.671974522292995,53.35031847133758,4.08,0.0,0.03225806451612903,40.21052631578947,53075.57046979866,3.530967741935484,240.58064516129033,30266.25
20220610,12,1.0,20.364968152866247,51.29936305732484,4.513333333333334,0.0,0.01935483870967742,37.22875816993464,53562.48322147651,3.446451612903226,238.4516129032258,29694.0
20220610,13,0.97,20.85159235668789,49.802547770700635,4.793333333333333,0.0,0.01935483870967742,34.627450980392155,54782.34899328859,3.378064516129031,236.25806451612902,27882.25
20220610,14,0.87,21.13503184713375,49.33757961783439,4.826666666666667,0.0,0.01935483870967742,33.209150326797385,56896.97986577181,3.3116129032258077,233.67741935483872,25138.75
20220610,15,0.71,21.37643312101911,49.21656050955414,4.833333333333333,0.0025806451612903226,0.03225806451612903,32.091503267973856,55581.14093959732,3.166451612903226,236.83870967741936,21451.25
20220610,16,0.5,21.31656050955414,49.439490445859875,4.593333333333334,0.0006451612903225806,0.025806451612903226,30.627450980392158,57052.08053691275,2.973548387096774,233.74193548387098,16121.75
20220610,17,0.26,21.05668789808918,50.97452229299363,4.366666666666666,0.0012903225806451613,0.03225806451612903,32.333333333333336,57898.38926174497,2.8180645161290325,235.67741935483872,9921.25
20220610,18,0.0,20.439490445859875,54.17197452229299,4.113333333333333,0.0,0.03870967741935484,31.607843137254903,58039.19463087248,2.4425806451612906,240.25806451612902,4468.25
20220610,19,-0.26,18.933757961783435,61.36305732484077,4.16,0.0006451612903225806,0.025806451612903226,27.66013071895425,57799.395973154365,2.01483870967742,234.83870967741936,1306.0
20220610,20,-0.5,17.152866242038208,68.88535031847134,4.113333333333333,0.007741935483870968,0.04516129032258064,3.1176470588235294,53924.093959731545,1.6587096774193553,217.3548387096774,79.25
20220610,21,-0.71,16.103184713375796,73.05095541401273,4.166666666666667,0.0032258064516129032,0.05161290322580645,0,52587.785234899326,1.5438709677419356,189.09677419354838,0.25
20220610,22,-0.87,15.247133757961778,76.97452229299363,4.18,0.0,0.05161290322580645,0,49302.281879194634,1.5000000000000004,180.38709677419354,0.0
20220610,23,-0.97,14.602547770700639,79.7452229299363,3.8533333333333335,0.0019354838709677422,0.08387096774193549,0,47135.10067114094,1.4632258064516133,181.41935483870967,0.0
20220611,00,-1.0,14.096178343949044,81.54140127388536,3.8,0.009677419354838712,0.07741935483870968,0,44684.8322147651,1.481290322580645,176.58064516129033,0.0
20220611,01,-0.97,13.763057324840757,82.78980891719745,4.086666666666667,0.005161290322580645,0.06451612903225806,0,44335.23489932886,1.5219354838709664,184.38709677419354,0.0
20220611,02,-0.87,13.523566878980894,83.62420382165605,4.306666666666667,0.0025806451612903226,0.06451612903225806,0,41883.69127516779,1.5832258064516136,187.93548387096774,0.0
20220611,03,-0.71,13.19299363057325,84.47770700636943,3.933333333333333,0.0019354838709677422,0.05161290322580645,0.0,39659.328859060406,1.6412903225806448,194.83870967741936,5.0
20220611,04,-0.5,13.385987261146498,83.92356687898089,3.9,0.0,0.05806451612903226,5.496732026143791,40317.38255033557,1.67225806451613,191.48387096774192,395.0
20220611,05,-0.26,14.823566878980893,79.56050955414013,3.86,0.0,0.03870967741935484,29.22222222222222,43036.5100671141,1.6445161290322576,192.4516129032258,2611.0
20220611,06,-0.0,16.53757961783439,73.4267515923567,3.8666666666666667,0.0,0.03870967741935484,31.718954248366014,48491.07382550336,1.7948387096774192,204.51612903225808,7400.0
20220611,07,0.26,18.264331210191077,66.82165605095541,3.82,0.0012987012987012987,0.03896103896103896,35.30718954248366,50997.04697986577,2.17483870967742,204.38709677419354,13971.0
20220611,08,0.5,19.831847133757964,60.738853503184714,3.62,0.0,0.03896103896103896,38.76470588235294,51554.96644295302,2.6187096774193543,222.90322580645162,21261.0
20220611,09,0.71,20.991082802547766,56.12101910828026,3.74,0.0,0.03896103896103896,42.549019607843135,51761.81208053691,3.0464516129032253,224.83870967741936,26970.75
20220611,10,0.87,21.638853503184716,52.52229299363057,4.48,0.0,0.025974025974025976,39.95424836601307,55289.79865771812,3.3535483870967737,231.16129032258064,29624.75
20220611,11,0.97,22.25031847133759,50.36942675159236,4.48,0.00974025974025974,0.01948051948051948,36.411764705882355,56160.536912751675,3.494838709677422,242.6451612903226,29828.25
20220611,12,1.0,22.859235668789815,47.99363057324841,4.24,0.0,0.0,37.470588235294116,55069.530201342284,3.618064516129031,248.32258064516128,29700.5
20220611,13,0.97,23.170700636942662,46.50955414012739,4.113333333333333,0.0006493506493506494,0.006493506493506494,37.790849673202615,56064.29530201342,3.685161290322581,246.4516129032258,28900.75
20220611,14,0.87,23.48025477707007,46.12738853503185,3.8266666666666667,0.0012987012987012987,0.01948051948051948,38.1437908496732,56335.63758389262,3.651612903225805,253.61290322580646,26806.25
20220611,15,0.71,23.57770700636943,45.318471337579616,3.56,0.0071428571428571435,0.006493506493506494,39.627450980392155,56885.36912751678,3.662580645161289,260.06451612903226,23215.25
20220611,16,0.5,23.47515923566879,45.28025477707006,2.96,0.0,0.0,44.01307189542484,58021.87919463087,3.5096774193548392,255.8709677419355,18028.0
20220611,17,0.26,23.131847133757972,46.72611464968153,2.4266666666666667,0.0,0.0,46.294117647058826,58309.328859060406,3.380645161290323,259.16129032258067,11448.75
20220611,18,0.0,22.35859872611465,49.617834394904456,1.9066666666666667,0.0,0.006493506493506494,47.34640522875817,58195.63758389262,3.086451612903224,269.16129032258067,5186.75
20220611,19,-0.26,20.589808917197455,56.54140127388535,1.4133333333333333,0.0,0.0,45.03921568627451,57981.61073825503,2.5096774193548375,264.96774193548384,1556.0
20220611,20,-0.5,18.257961783439494,65.44585987261146,1.12,0.0,0.0,6.686274509803922,53602.61744966443,1.9361290322580647,232.1290322580645,124.5
20220611,21,-0.71,16.8312101910828,70.94267515923566,1.2733333333333334,0.0,0.0,0,53322.48322147651,1.711612903225806,213.5483870967742,0.25
20220611,22,-0.87,15.665605095541398,75.53503184713375,1.6533333333333333,0.0,0.0,0,51106.30872483221,1.6187096774193555,209.61290322580646,0.0
20220611,23,-0.97,14.868152866242045,78.90445859872611,1.9533333333333334,0.0,0.0,0,48037.11409395973,1.6903225806451616,195.29032258064515,0.0
20220612,00,-1.0,14.240127388535036,81.38853503184713,2.06,0.0,0.006493506493506494,0,46322.08053691275,1.6341935483870966,188.0,0.0
20220612,01,-0.97,13.631210191082797,83.82165605095541,2.04,0.0012987012987012987,0.006493506493506494,0,43248.12080536913,1.6877419354838707,197.74193548387098,0.0
20220612,02,-0.87,13.236305732484078,85.06369426751593,2.3333333333333335,0.0006493506493506494,0.006493506493506494,0,41766.97986577181,1.7296774193548388,195.74193548387098,0.0
20220612,03,-0.71,12.761783439490445,86.57961783439491,2.1866666666666665,0.0019480519480519483,0.03896103896103896,0.0,39175.70469798658,1.7412903225806453,194.96774193548387,5.0
20220612,04,-0.5,12.949044585987252,85.85987261146497,2.3466666666666667,0.003896103896103896,0.03896103896103896,8.712418300653594,39265.36912751678,1.7316129032258063,187.03225806451613,432.75
20220612,05,-0.26,14.903184713375797,79.171974522293,2.62,0.0038961038961038965,0.045454545454545456,43.78431372549019,42964.89932885906,1.6722580645161287,193.2258064516129,2757.75
20220612,06,-0.0,17.063694267515924,70.42038216560509,2.486666666666667,0.004545454545454545,0.032467532467532464,48.908496732026144,46616.97986577181,1.693548387096775,206.19354838709677,7971.25
20220612,07,0.26,18.847770700636946,63.29299363057325,2.2533333333333334,0.001948051948051948,0.05844155844155844,50.10457516339869,49494.4966442953,2.0464516129032253,214.6451612903226,15568.0
20220612,08,0.5,20.357324840764342,57.49044585987261,2.34,0.007792207792207792,0.07792207792207792,51.888888888888886,51926.5100671141,2.4567741935483856,225.03225806451613,23291.75
20220612,09,0.71,21.48407643312101,52.70063694267516,2.7666666666666666,0.0006493506493506494,0.06493506493506493,52.59477124183007,51524.4966442953,2.7948387096774203,233.5483870967742,29361.25
20220612,10,0.87,22.424840764331208,49.23566878980892,3.2133333333333334,0.0,0.032467532467532464,51.97385620915033,53926.644295302016,3.2135483870967763,236.06451612903226,32476.0
20220612,11,0.97,23.126114649681526,46.01910828025478,3.7066666666666666,0.003896103896103896,0.032467532467532464,51.00653594771242,55526.24161073825,3.5599999999999996,252.96774193548387,33775.25
20220612,12,1.0,23.571974522292994,43.66242038216561,4.053333333333334,0.0,0.032467532467532464,50.209150326797385,55483.89261744967,3.9000000000000017,254.51612903225808,33102.0
20220612,13,0.97,23.989171974522307,41.93630573248408,4.566666666666666,0.0006493506493506494,0.025974025974025976,49.36601307189542,56763.62416107383,4.047096774193546,264.51612903225805,32011.5
20220612,14,0.87,24.07452229299363,41.0828025477707,4.86,0.003896103896103896,0.03896103896103896,50.08496732026144,56707.31543624161,4.183870967741934,273.80645161290323,29205.75
20220612,15,0.71,24.021019108280257,40.92356687898089,4.92,0.0012987012987012987,0.01948051948051948,49.57516339869281,57252.281879194634,4.292903225806449,273.80645161290323,24852.75
20220612,16,0.5,23.694267515923567,41.43312101910828,4.38,0.0006493506493506494,0.045454545454545456,49.01307189542484,58512.08053691275,4.194193548387096,278.7741935483871,18647.75
20220612,17,0.26,23.117834394904452,43.452229299363054,4.04,0.01168831168831169,0.032467532467532464,49.12418300653595,59305.36912751678,4.039999999999999,280.3225806451613,11501.5
20220612,18,0.0,22.026114649681524,46.82165605095541,3.92,0.0,0.032467532467532464,47.40522875816993,58437.718120805366,3.8225806451612887,283.0967741935484,5201.0
20220612,19,-0.26,20.068152866242027,53.29936305732484,3.7066666666666666,0.0,0.03896103896103896,37.091503267973856,58324.8322147651,3.287096774193547,281.0967741935484,1610.25
20220612,20,-0.5,18.234394904458597,59.66242038216561,3.84,0.0012987012987012987,0.045454545454545456,4.339869281045751,55906.24161073825,2.8212903225806447,281.5483870967742,135.5
20220612,21,-0.71,16.93503184713376,64.51592356687898,4.273333333333333,0.04545454545454546,0.1038961038961039,0,53825.30201342282,2.6767741935483875,267.35483870967744,0.25
20220612,22,-0.87,15.95222929936305,69.19745222929936,5.073333333333333,0.10779220779220777,0.11688311688311688,0,51773.355704697984,2.5096774193548375,267.6774193548387,0.0
20220612,23,-0.97,15.261146496815295,72.42038216560509,5.8133333333333335,0.09935064935064936,0.14285714285714285,0,48129.597315436244,2.56,263.35483870967744,0.0
20220613,00,-1.0,14.372611464968152,76.72611464968153,5.746666666666667,0.2961038961038961,0.2012987012987013,0,44586.778523489935,2.604516129032257,267.5483870967742,0.0
20220613,01,-0.97,13.72866242038217,79.72611464968153,5.433333333333334,0.27662337662337666,0.19480519480519481,0,42190.06711409396,2.6480519480519487,257.7922077922078,0.0
20220613,02,-0.87,13.15541401273885,81.89808917197452,5.406666666666666,0.3259740259740259,0.18181818181818182,0,39496.040268456374,2.735714285714286,266.16883116883116,0.0
20220613,03,-0.71,12.688535031847135,83.87898089171975,5.593333333333334,0.3863636363636364,0.18181818181818182,0.0,37393.08724832215,2.6993506493506483,264.6753246753247,6.0
20220613,04,-0.5,12.602547770700644,84.14649681528662,5.833333333333333,0.24285714285714285,0.18181818181818182,2.4248366013071894,37342.81879194631,2.7097402597402587,254.80519480519482,353.75
20220613,05,-0.26,13.300636942675158,81.1592356687898,5.86,0.1577922077922078,0.16233766233766234,18.81045751633987,38816.5100671141,2.735714285714285,259.02597402597405,2303.0
20220613,06,-0.0,14.19808917197451,76.92993630573248,5.793333333333333,0.09870129870129869,0.18831168831168832,25.104575163398692,42244.4966442953,2.9850649350649343,269.93506493506493,6482.0
20220613,07,0.26,15.074522292993633,72.12738853503184,5.6466666666666665,0.10519480519480519,0.18831168831168832,29.575163398692812,44876.10738255033,3.4610389610389625,276.038961038961,12407.25
20220613,08,0.5,15.914012738853502,67.06369426751593,5.413333333333333,0.10649350649350649,0.18831168831168832,32.69934640522876,46527.24832214765,3.899999999999998,281.6233766233766,18417.0
20220613,09,0.71,16.508917197452234,62.92356687898089,5.433333333333334,0.11883116883116879,0.24025974025974026,33.3202614379085,48578.590604026846,4.392857142857143,289.4155844155844,23297.75
20220613,10,0.87,16.985987261146487,59.82802547770701,5.32,0.1448051948051948,0.3116883116883117,33.4025974025974,49492.48322147651,4.754545454545457,289.4155844155844,26243.0
20220613,11,0.97,17.47643312101911,56.77707006369427,4.993288590604027,0.09155844155844156,0.2532467532467532,36.14935064935065,53294.76510067114,5.079220779220779,288.1818181818182,28546.75
20220613,12,1.0,17.686624203821655,54.77707006369427,4.766666666666667,0.14901960784313723,0.2679738562091503,35.11038961038961,53610.0,5.367532467532468,291.1038961038961,29313.75
20220613,13,0.97,17.931210191082805,53.203821656050955,4.48,0.0461038961038961,0.2532467532467532,36.61184210526316,53586.44295302014,5.5753246753246755,291.23376623376623,28621.75
20220613,14,0.87,18.134394904458595,51.10191082802548,4.573333333333333,0.03506493506493506,0.2012987012987013,37.57236842105263,55818.18791946309,5.68104575163399,291.68831168831167,26553.5
20220613,15,0.71,18.188535031847127,49.82802547770701,4.013333333333334,0.013636363636363637,0.12987012987012986,38.10457516339869,59192.48322147651,5.46233766233766,300.06493506493507,22706.0
20220613,16,0.5,18.065605095541397,49.36942675159236,4.026666666666666,0.011688311688311689,0.12987012987012986,38.65584415584416,57855.973154362415,5.353896103896107,302.6623376623377,17499.75
20220613,17,0.26,17.675796178343948,49.64331210191083,3.486666666666667,0.00457516339869281,0.09803921568627451,40.577922077922075,59407.18120805369,5.099350649350651,307.27272727272725,11287.0
20220613,18,0.0,16.93694267515923,52.12738853503185,3.38,0.018300653594771243,0.06535947712418301,42.18181818181818,59980.13422818792,4.599350649350649,305.1948051948052,5387.5
20220613,19,-0.26,15.61146496815286,57.43312101910828,3.32,0.001948051948051948,0.05194805194805195,38.8051948051948,59783.4899328859,3.8980519480519455,301.2987012987013,1666.0
20220613,20,-0.5,13.96751592356688,64.26114649681529,2.7866666666666666,0.001948051948051948,0.032467532467532464,7.376623376623376,57195.70469798658,3.0435064935064946,272.9220779220779,137.0
20220613,21,-0.71,12.686624203821657,70.10828025477707,2.8266666666666667,0.0071428571428571435,0.05844155844155844,0,56252.61744966443,2.677922077922077,254.41558441558442,0.25
20220613,22,-0.87,11.754777070063694,74.26114649681529,2.9466666666666668,0.003246753246753247,0.045454545454545456,0,53627.18120805369,2.533766233766233,244.41558441558442,0.0
20220613,23,-0.97,10.968152866242036,77.14649681528662,2.7666666666666666,0.0012987012987012987,0.03896103896103896,0,52150.536912751675,2.445454545454545,235.12987012987014,0.0
20220614,00,-1.0,10.279617834394909,79.87261146496816,2.4133333333333336,0.0,0.012987012987012988,0,50312.68456375839,2.4279220779220783,231.03896103896105,0.0
20220614,01,-0.97,9.68853503184713,82.12738853503184,2.6466666666666665,0.0,0.006493506493506494,0,47557.718120805366,2.3516129032258073,216.90322580645162,0.0
20220614,02,-0.87,9.16942675159236,84.17834394904459,3.24,0.0,0.0,0,44080.80536912752,2.3148387096774186,209.03225806451613,0.0
20220614,03,-0.71,8.773248407643308,85.64331210191082,4.1466666666666665,0.0,0.006493506493506494,0.0,41938.18791946309,2.22,208.58064516129033,6.25
20220614,04,-0.5,8.908917197452231,85.4140127388535,4.786666666666667,0.0,0.012987012987012988,5.064935064935065,41230.3355704698,2.221935483870968,204.83870967741936,482.75
20220614,05,-0.26,10.532484076433125,80.35668789808918,4.273333333333333,0.0,0.012987012987012988,35.83116883116883,43190.604026845635,2.1638709677419365,194.4516129032258,2935.5
20220614,06,-0.0,12.481528662420375,72.73248407643312,4.326666666666667,0.0,0.0,45.51298701298701,47459.93288590604,2.2812903225806456,206.70967741935485,8200.75
20220614,07,0.26,14.22738853503185,64.82165605095541,4.513333333333334,0.0,0.012903225806451613,48.798701298701296,48098.85906040268,2.625161290322581,198.25806451612902,15575.0
20220614,08,0.5,15.574358974358974,58.282051282051285,4.493333333333333,0.0,0.0,47.287581699346404,52338.85906040268,2.9292207792207794,205.48387096774192,22836.25
20220614,09,0.71,16.550641025641028,53.756410256410255,4.456375838926174,0.0,0.0,43.93421052631579,54472.68456375839,3.067532467532467,222.2077922077922,27448.25
20220614,10,0.87,17.41923076923077,50.65384615384615,4.080536912751678,0.0,0.0,41.796052631578945,53415.30201342282,3.2058441558441553,227.61290322580646,30418.75
20220614,11,0.97,18.29615384615386,48.12179487179487,3.7733333333333334,0.0,0.0064516129032258064,43.07236842105263,54067.11409395973,3.2889610389610393,234.7741935483871,32578.75
20220614,12,1.0,19.06474358974359,45.993589743589745,3.74,0.0,0.025806451612903226,44.90196078431372,55579.12751677852,3.330967741935485,236.96774193548387,33662.25
20220614,13,0.97,19.700000000000006,44.21153846153846,3.7933333333333334,0.0,0.0064516129032258064,46.68627450980392,56473.08724832215,3.3516129032258073,223.48387096774192,33379.25
20220614,14,0.87,20.27307692307692,43.51923076923077,4.293333333333333,0.0,0.0,47.20261437908497,59104.22818791946,3.2806451612903236,215.3548387096774,30789.75
20220614,15,0.71,20.549358974358974,43.032051282051285,4.253333333333333,0.0,0.0,48.1437908496732,58454.69798657718,3.164516129032258,192.96774193548387,26202.0
20220614,16,0.5,20.591025641025634,43.21153846153846,4.706666666666667,0.0,0.012903225806451613,49.08496732026144,59297.04697986577,3.0438709677419347,208.83870967741936,19792.25
20220614,17,0.26,20.363461538461536,43.98076923076923,4.8,0.0,0.0,49.169934640522875,59753.4899328859,2.8509677419354826,190.06451612903226,12112.5
20220614,18,0.0,19.55256410256411,47.416666666666664,4.933333333333334,0.0,0.0,48.81699346405229,59995.973154362415,2.729677419354838,184.83870967741936,5461.25
20220614,19,-0.26,17.8826923076923,54.28846153846154,5.326666666666667,0.0,0.0,37.6078431372549,59895.1677852349,2.42516129032258,162.90322580645162,1679.25
20220614,20,-0.5,15.880769230769229,61.73076923076923,5.253333333333333,0.0,0.0,5.7973856209150325,58253.02013422819,2.1696774193548394,127.48387096774194,139.5
20220614,21,-0.71,14.548717948717945,67.09615384615384,4.58,0.0,0.0,0,56964.42953020134,2.0838709677419343,125.16129032258064,0.25
20220614,22,-0.87,13.372435897435897,71.53846153846153,4.266666666666667,0.0,0.0,0,54181.208053691276,1.9707792207792205,133.1818181818182,0.0
20220614,23,-0.97,12.583974358974363,74.62179487179488,3.84,0.0,0.0,0,52051.342281879195,1.9116883116883125,144.15584415584416,0.0
20220615,00,-1.0,11.883333333333328,77.1923076923077,3.9066666666666667,0.0,0.0,0,49493.89261744967,1.9266233766233773,139.35064935064935,0.0
20220615,01,-0.97,11.325000000000003,79.31410256410257,3.526666666666667,0.0,0.0,0,47066.44295302014,1.8876623376623365,143.5064935064935,0.0
20220615,02,-0.87,10.743589743589743,81.09615384615384,2.98,0.0,0.0,0,45048.657718120805,1.80974025974026,150.5194805194805,0.0
20220615,03,-0.71,10.303205128205127,82.62179487179488,2.62,0.0,0.0,0.0,43370.26845637584,1.7766233766233768,148.8961038961039,6.5
20220615,04,-0.5,10.616666666666665,81.9423076923077,2.433333333333333,0.0,0.0,9.098039215686274,42653.221476510065,1.7246753246753244,147.2077922077922,454.75
20220615,05,-0.26,12.855128205128207,75.18589743589743,2.8466666666666667,0.0,0.0,44.49673202614379,47423.55704697986,1.6584415584415595,160.5194805194805,2885.75
20220615,06,-0.0,15.218589743589746,66.88461538461539,2.8333333333333335,0.0,0.0,50.490196078431374,50346.24161073825,1.7324675324675334,139.6103896103896,8548.75
20220615,07,0.26,17.371794871794872,59.17307692307692,2.7,0.0,0.0,51.712418300653596,51769.6644295302,2.047402597402598,146.36363636363637,16401.0
20220615,08,0.5,19.171794871794877,52.993589743589745,2.6040268456375837,0.0,0.0,52.6078431372549,54892.43243243243,2.262337662337663,144.93506493506493,24233.5
20220615,09,0.71,20.66923076923077,48.12820512820513,2.472972972972973,0.0,0.0,54.276315789473685,54142.380952380954,2.362337662337661,150.9090909090909,30222.25
20220615,10,0.87,21.863461538461536,44.67948717948718,2.1879194630872485,0.0,0.0,53.973684210526315,56353.51351351351,2.474675324675325,155.12987012987014,33895.25
20220615,11,0.97,22.883333333333326,41.532051282051285,1.9866666666666666,0.0,0.0,55.03947368421053,55567.09459459459,2.5798701298701294,162.5974025974026,36260.25
20220615,12,1.0,23.709615384615386,39.37179487179487,1.84,0.0,0.0064516129032258064,55.50326797385621,55777.91946308725,2.6032467532467525,174.6103896103896,36600.5
20220615,13,0.97,24.377564102564104,37.44871794871795,1.9932885906040267,0.0,0.0,55.529411764705884,58748.38926174497,2.6025974025974032,189.67532467532467,35161.5
20220615,14,0.87,24.866025641025637,36.166666666666664,2.2733333333333334,0.0,0.0,56.43790849673203,57566.91275167785,2.6220779220779207,212.90322580645162,32160.5
20220615,15,0.71,25.151923076923076,35.40384615384615,2.14,0.0,0.0,57.42483660130719,59786.44295302014,2.6096774193548398,210.32258064516128,27235.0
20220615,16,0.5,25.077564102564104,36.01923076923077,2.6133333333333333,0.0,0.0,57.111111111111114,58556.24161073825,2.669032258064516,219.67741935483872,20382.75
20220615,17,0.26,24.550641025641017,37.66025641025641,3.1066666666666665,0.0,0.0,56.869281045751634,60280.536912751675,2.6283870967741936,204.7741935483871,12327.25
20220615,18,0.0,23.54423076923077,41.22435897435897,3.3133333333333335,0.0,0.0,56.22875816993464,60239.19463087248,2.5870967741935487,201.5483870967742,5359.5
20220615,19,-0.26,21.432051282051276,48.455128205128204,3.7866666666666666,0.0,0.0,44.52287581699346,58484.42953020134,2.412258064516129,180.25806451612902,1722.25
20220615,20,-0.5,19.064102564102562,56.294871794871796,4.0,0.0,0.0,4.627450980392157,58103.55704697986,2.2354838709677414,177.48387096774192,143.5
20220615,21,-0.71,17.564102564102566,61.81410256410256,4.293333333333333,0.0,0.0,0,56799.463087248325,2.1309677419354838,158.06451612903226,0.25
20220615,22,-0.87,16.47435897435898,65.90384615384616,4.273333333333333,0.0,0.0,0,56010.80536912752,2.0709677419354837,157.03225806451613,0.0
20220615,23,-0.97,15.697435897435904,68.51923076923077,4.593333333333334,0.0,0.0,0,55193.08724832215,2.116129032258065,169.80645161290323,0.0
20220616,00,-1.0,15.110256410256406,70.60897435897436,4.84,0.0,0.0064516129032258064,0,53971.87919463087,2.0987096774193543,175.03225806451613,0.0
20220616,01,-0.97,14.521794871794873,73.03846153846153,5.2,0.0025806451612903226,0.012903225806451613,0,52685.838926174496,2.0464516129032266,171.41935483870967,0.0
20220616,02,-0.87,14.007692307692297,75.28205128205128,5.693333333333333,0.0,0.0,0,50646.644295302016,1.9832258064516124,177.03225806451613,0.0
20220616,03,-0.71,13.63333333333333,76.72435897435898,5.746666666666667,0.001935483870967742,0.012903225806451613,0.0,49539.26174496644,1.9683870967741934,194.38709677419354,6.0
20220616,04,-0.5,13.748076923076933,77.10897435897436,6.006666666666667,0.0006451612903225806,0.012903225806451613,1.2026143790849673,48740.0,2.078064516129031,218.51612903225808,411.25
20220616,05,-0.26,14.866025641025649,74.35897435897436,6.1,0.0,0.025806451612903226,19.287581699346404,49551.74496644295,2.025806451612902,229.16129032258064,2675.75
20220616,06,-0.0,16.50576923076925,68.6474358974359,6.053333333333334,0.0,0.05161290322580645,30.03921568627451,51322.61744966443,2.2316129032258063,229.80645161290323,7306.5
20220616,07,0.26,18.05256410256411,63.28846153846154,5.706666666666667,0.05741935483870967,0.06451612903225806,36.91503267973856,52803.221476510065,2.6716129032258054,228.1290322580645,13555.75
20220616,08,0.5,19.357051282051273,59.05769230769231,5.266666666666667,0.052903225806451605,0.08387096774193549,42.30718954248366,50234.56375838926,3.0425806451612907,234.58064516129033,20091.5
20220616,09,0.71,20.342307692307692,55.205128205128204,4.6466666666666665,0.04451612903225806,0.09032258064516129,43.75816993464052,53087.44966442953,3.521935483870969,256.9032258064516,25797.75
20220616,10,0.87,21.315384615384616,51.333333333333336,3.9066666666666667,0.03290322580645161,0.06451612903225806,47.33986928104575,53250.604026845635,3.825806451612905,265.2903225806452,30117.5
20220616,11,0.97,22.08076923076923,48.35897435897436,3.3466666666666667,0.020000000000000004,0.05806451612903226,48.55555555555556,56344.96644295302,3.9634615384615404,281.21794871794873,32037.25
20220616,12,1.0,22.67820512820513,45.63461538461539,3.0866666666666664,0.015483870967741935,0.05161290322580645,49.58169934640523,55904.96644295302,4.186538461538461,286.4102564102564,33173.5
20220616,13,0.97,23.10191082802547,43.12101910828026,2.3509933774834435,0.013548387096774195,0.05161290322580645,50.80392156862745,56783.959731543626,4.283333333333333,294.61538461538464,32928.25
20220616,14,0.87,23.353503184713365,41.62420382165605,2.1133333333333333,0.02,0.05161290322580645,52.746753246753244,59190.87248322148,4.521153846153846,296.0897435897436,30343.25
20220616,15,0.71,23.321656050955404,41.031847133757964,1.9337748344370862,0.02258064516129032,0.03870967741935484,52.37012987012987,57856.333333333336,4.659615384615385,296.02564102564105,25618.25
20220616,16,0.5,23.11656050955415,41.095541401273884,1.900662251655629,0.043225806451612905,0.03225806451612903,54.59090909090909,60257.0,4.733974358974359,299.55128205128204,19718.25
20220616,17,0.26,22.494904458598732,42.29299363057325,2.251655629139073,0.0,0.025806451612903226,55.675324675324674,60404.2,4.647435897435898,296.7307692307692,12306.75
20220616,18,0.0,21.414649681528665,45.197452229299365,2.980132450331126,0.0006451612903225806,0.0064516129032258064,52.53896103896104,61830.2,4.330128205128203,283.0769230769231,5354.5
20220616,19,-0.26,19.803821656050957,50.261146496815286,4.178807947019868,0.003870967741935484,0.0064516129032258064,38.27922077922078,61660.333333333336,3.625000000000001,278.9102564102564,1690.0
20220616,20,-0.5,17.866242038216548,56.796178343949045,5.2781456953642385,0.0,0.0,4.98051948051948,59515.066666666666,2.9480769230769206,268.3974358974359,159.25
20220616,21,-0.71,16.44012738853503,62.06369426751592,5.947019867549669,0.0,0.0,0,58631.73333333333,2.5756410256410263,249.6153846153846,0.25
20220616,22,-0.87,15.446496815286624,66.02547770700637,5.76158940397351,0.0,0.0,0,57276.86666666667,2.379487179487181,240.57692307692307,0.0
20220616,23,-0.97,14.548407643312098,69.4140127388535,5.417218543046357,0.0,0.0064516129032258064,0,55184.333333333336,2.3128205128205144,226.7948717948718,0.0
20220617,00,-1.0,13.698089171974521,72.59235668789809,4.913907284768212,0.0,0.0,0,53509.6,2.1596153846153845,218.01282051282053,0.0
20220617,01,-0.97,12.86178343949045,75.53503184713375,4.7947019867549665,0.0,0.0,0,51064.8,2.0615384615384618,215.57692307692307,0.0
20220617,02,-0.87,12.18980891719745,78.12101910828025,4.271523178807947,0.0,0.0,0,48857.86666666667,1.9826923076923073,217.37179487179486,0.0
20220617,03,-0.71,11.485987261146498,81.03184713375796,4.298013245033113,0.0,0.0,0.025974025974025976,46213.53333333333,1.8583333333333336,210.19230769230768,7.25
20220617,04,-0.5,11.771974522292997,80.07643312101911,4.152317880794702,0.0,0.0064516129032258064,13.084415584415584,44984.333333333336,1.755128205128206,204.6153846153846,475.25
20220617,05,-0.26,13.794267515923567,73.76433121019109,4.231788079470198,0.0,0.0064516129032258064,50.33766233766234,47368.26666666667,1.7326923076923078,209.23076923076923,2979.25
20220617,06,-0.0,15.984076433121016,65.82165605095541,4.47682119205298,0.0,0.0,57.01948051948052,50496.4,1.9179487179487182,211.85897435897436,8703.5
20220617,07,0.26,17.843949044585994,58.738853503184714,5.211920529801325,0.0,0.0064516129032258064,55.824675324675326,52957.46666666667,2.1884615384615387,214.74358974358975,16234.0
20220617,08,0.5,19.387898089171973,52.82802547770701,5.8533333333333335,0.0,0.025806451612903226,54.506493506493506,54227.8,2.4705128205128206,215.25641025641025,23515.75
20220617,09,0.71,20.67324840764332,47.968152866242036,5.847682119205298,0.0,0.012903225806451613,53.44805194805195,55545.13333333333,2.709615384615386,218.39743589743588,29438.0
20220617,10,0.87,21.715286624203827,44.203821656050955,5.675496688741722,0.0,0.012903225806451613,53.37012987012987,58636.8,2.842307692307693,221.92307692307693,33303.25
20220617,11,0.97,22.730573248407637,41.05732484076433,5.410596026490066,0.0,0.03870967741935484,52.26623376623377,58609.666666666664,2.7660256410256414,222.37179487179486,34839.25
20220617,12,1.0,23.62165605095541,38.745222929936304,5.4635761589403975,0.0,0.04516129032258064,49.70779220779221,60858.333333333336,2.7884615384615374,226.73076923076923,33934.25
20220617,13,0.97,24.235031847133754,37.12738853503185,5.596026490066225,0.0,0.04516129032258064,47.188311688311686,60340.86666666667,2.826923076923077,232.94871794871796,31938.75
20220617,14,0.87,24.682051282051287,36.22435897435897,6.06,0.0,0.07142857142857142,43.169934640522875,61429.6644295302,2.811612903225805,224.16666666666666,28614.25
20220617,15,0.71,24.930128205128202,36.006410256410255,6.493333333333333,0.0006493506493506494,0.06493506493506493,39.5359477124183,59618.92617449664,2.7696774193548386,235.74193548387098,23512.0
20220617,16,0.5,24.875641025641023,36.42307692307692,6.746666666666667,0.0,0.05194805194805195,37.84313725490196,60904.96644295302,2.7303225806451605,238.06451612903226,17453.75
20220617,17,0.26,24.48653846153846,38.12179487179487,6.8533333333333335,0.0,0.07142857142857142,33.08496732026144,62764.161073825504,2.517419354838711,239.5483870967742,10369.5
20220617,18,0.0,23.75833333333333,41.80769230769231,7.04,0.0,0.06493506493506493,29.81699346405229,63041.87919463087,2.2161290322580647,225.93548387096774,4686.0
20220617,19,-0.26,22.10833333333333,48.35897435897436,6.98,0.0,0.08441558441558442,17.725490196078432,61670.671140939594,1.9116129032258073,183.03225806451613,1530.25
20220617,20,-0.5,20.319230769230778,54.38461538461539,7.436241610738255,0.0,0.05194805194805195,0.49673202614379086,59235.70469798658,1.8709677419354842,171.29032258064515,137.75
20220617,21,-0.71,19.177564102564105,57.88461538461539,7.386666666666667,0.0,0.03896103896103896,0,61041.81208053691,1.9083870967741943,168.0,0.25
20220617,22,-0.87,18.288461538461547,60.955128205128204,7.02,0.0,0.0,0,60973.154362416106,2.053548387096773,171.74193548387098,0.0
20220617,23,-0.97,17.64294871794872,62.76923076923077,6.6066666666666665,0.0,0.0,0,61471.342281879195,2.1070967741935482,171.80645161290323,0.0
20220618,00,-1.0,17.041025641025648,64.8974358974359,5.846666666666667,0.0,0.0,0,60721.67785234899,2.22516129032258,173.5483870967742,0.0
20220618,01,-0.97,16.532051282051277,66.25,5.1466666666666665,0.0,0.0,0,61135.43624161074,2.333548387096774,179.74193548387098,0.0
20220618,02,-0.87,16.234615384615374,66.88461538461539,4.306666666666667,0.0,0.0,0,60421.0067114094,2.4006451612903215,183.09677419354838,0.0
20220618,03,-0.71,15.814743589743593,68.22435897435898,3.2550335570469797,0.0,0.0,0.0,58484.29530201342,2.5245161290322584,183.67741935483872,6.0
20220618,04,-0.5,15.88205128205128,68.4423076923077,2.22,0.0,0.0,4.065359477124183,58624.093959731545,2.541290322580645,183.8709677419355,441.5
20220618,05,-0.26,17.739102564102563,63.32051282051282,0.9733333333333334,0.0,0.0,42.712418300653596,58513.82550335571,2.5825806451612903,187.16129032258064,2862.5
20220618,06,-0.0,20.10192307692308,56.73717948717949,0.8466666666666667,0.0,0.0,56.57516339869281,58341.208053691276,2.7187096774193553,194.7741935483871,8311.25
20220618,07,0.26,22.349358974358978,51.32051282051282,0.5333333333333333,0.0,0.0,58.62091503267974,56302.88590604027,3.1109677419354838,202.96774193548387,15926.25
20220618,08,0.5,24.2621794871795,47.032051282051285,0.4666666666666667,0.0,0.0,59.150326797385624,55092.214765100674,3.4425806451612906,215.61290322580646,23421.75
20220618,09,0.71,25.869230769230768,43.967948717948715,0.58,0.0,0.0,59.26143790849673,55910.0,3.639999999999999,225.80645161290323,29295.75
20220618,10,0.87,27.117948717948728,41.30128205128205,0.6333333333333333,0.0,0.0,59.169934640522875,53420.87248322148,3.8167741935483885,230.19354838709677,33269.0
20220618,11,0.97,28.19423076923077,38.89102564102564,0.41333333333333333,0.0,0.0,59.76470588235294,53852.01342281879,4.003225806451614,231.74193548387098,35164.25
20220618,12,1.0,28.98461538461539,37.14102564102564,0.32666666666666666,0.0,0.0,59.59477124183007,50813.42281879194,4.161935483870967,238.7741935483871,35122.25
20220618,13,0.97,29.509615384615397,36.18589743589744,0.41333333333333333,0.0,0.0,59.48366013071895,49257.04697986577,4.128387096774191,240.96774193548387,33654.0
20220618,14,0.87,29.767948717948713,35.756410256410255,0.46,0.0,0.0,59.39869281045752,47407.58389261745,4.1406451612903235,240.06451612903226,30257.5
20220618,15,0.71,29.766025641025642,36.01923076923077,0.7266666666666667,0.0,0.006493506493506494,58.44444444444444,46473.959731543626,4.044516129032255,240.32258064516128,25216.25
20220618,16,0.5,29.353846153846163,37.39102564102564,1.1133333333333333,0.0,0.006493506493506494,56.673202614379086,45057.98657718121,3.9393548387096766,244.0,18545.75
20220618,17,0.26,28.576282051282043,40.06410256410256,1.4,0.0,0.03896103896103896,54.09803921568628,46417.98657718121,3.749677419354839,239.5483870967742,11144.0
20220618,18,0.0,27.15128205128206,44.85897435897436,1.6933333333333334,0.0006493506493506494,0.045454545454545456,49.470588235294116,45758.590604026846,3.274193548387095,228.90322580645162,5074.75
20220618,19,-0.26,25.083974358974363,50.42307692307692,1.9133333333333333,0.0,0.032467532467532464,10.666666666666666,44884.36241610738,2.7399999999999998,197.2258064516129,1682.75
20220618,20,-0.5,23.050967741935487,56.20645161290322,2.61744966442953,0.0,0.0196078431372549,0.0,43714.86486486487,2.5038961038961047,187.29032258064515,130.5
20220618,21,-0.71,21.671612903225817,60.354838709677416,2.751677852348993,0.0,0.032679738562091505,0,44113.17567567567,2.617532467532467,156.88311688311688,0.25
20220618,22,-0.87,20.780645161290327,62.806451612903224,2.2416107382550337,0.0006535947712418301,0.013071895424836602,0,43619.7972972973,2.6642857142857124,150.64935064935065,0.0
20220618,23,-0.97,20.01096774193548,65.0516129032258,2.4966442953020134,0.0,0.013071895424836602,0,42652.36486486487,2.7214285714285724,145.25974025974025,0.0
20220619,00,-1.0,19.47032258064517,66.56129032258065,2.8120805369127515,0.0,0.006535947712418301,0,43085.0,2.775974025974024,146.55844155844156,0.0
20220619,01,-0.97,18.8825806451613,68.26451612903226,2.1543624161073827,0.0,0.013071895424836602,0,42209.18918918919,2.850649350649352,145.32467532467533,0.0
20220619,02,-0.87,18.418709677419358,69.83225806451613,2.1677852348993287,0.011111111111111112,0.0196078431372549,0,40471.68918918919,2.902597402597403,144.0909090909091,0.0
20220619,03,-0.71,17.949677419354842,71.01935483870967,2.402684563758389,0.07581699346405228,0.06535947712418301,0.0,40133.31081081081,3.122077922077924,157.98701298701297,6.0
20220619,04,-0.5,17.897419354838714,70.41290322580645,2.161073825503356,0.230718954248366,0.06535947712418301,0.3092105263157895,40659.93243243243,3.2025974025974024,160.32467532467533,425.0
20220619,05,-0.26,18.898064516129033,67.83225806451613,2.1812080536912752,0.15620915032679739,0.0784313725490196,24.223684210526315,40452.56756756757,3.420129870129872,152.53246753246754,2698.25
20220619,06,-0.0,20.624516129032262,62.0,2.302013422818792,0.14248366013071898,0.10457516339869281,47.46052631578947,41477.5,3.796753246753246,152.85714285714286,7602.5
20220619,07,0.26,22.356129032258075,56.50967741935484,2.3758389261744965,0.06470588235294118,0.0718954248366013,49.171052631578945,41255.33783783784,4.206493506493508,152.14285714285714,14739.5
20220619,08,0.5,23.967741935483883,52.23870967741936,2.261744966442953,0.0026143790849673205,0.032679738562091505,49.30921052631579,42699.66216216216,4.545454545454546,164.80519480519482,21661.75
20220619,09,0.71,25.15741935483871,49.47741935483871,2.2885906040268456,0.0,0.013071895424836602,49.875,41949.12162162162,4.84090909090909,199.74025974025975,26599.75
20220619,10,0.87,26.151612903225807,47.28387096774193,2.577181208053691,0.0013071895424836603,0.0457516339869281,49.14473684210526,42547.90540540541,4.87792207792208,226.88311688311688,29376.75
20220619,11,0.97,26.707741935483863,46.16129032258065,2.771812080536913,0.015032679738562094,0.1111111111111111,46.828947368421055,41393.64864864865,4.87012987012987,235.25974025974025,30457.25
20220619,12,1.0,27.16451612903225,45.329032258064515,2.865771812080537,0.008496732026143792,0.0718954248366013,46.625,41794.66216216216,4.7551948051948045,245.7792207792208,30920.75
20220619,13,0.97,27.294838709677425,45.73548387096774,3.2684563758389262,0.011111111111111112,0.1111111111111111,44.80921052631579,41728.17567567567,4.737012987012987,239.35064935064935,28968.0
20220619,14,0.87,27.161935483870952,46.20645161290322,3.5,0.009803921568627449,0.11764705882352941,43.203947368421055,41903.44594594595,4.748701298701298,249.67532467532467,25470.5
20220619,15,0.71,26.791612903225804,47.13548387096774,3.5067567567567566,0.02483660130718954,0.13725490196078433,41.973684210526315,41190.2027027027,4.876623376623375,252.92207792207793,21177.0
20220619,16,0.5,25.904516129032263,49.0,3.7837837837837838,0.016993464052287584,0.1503267973856209,38.6578947368421,41964.39189189189,4.852597402597402,253.44155844155844,15577.5
20220619,17,0.26,24.851612903225796,51.70322580645161,3.4496644295302015,0.02352941176470588,0.13071895424836602,40.49342105263158,41342.83783783784,4.659090909090911,258.76623376623377,9659.25
20220619,18,0.0,23.318064516129034,56.36774193548387,3.5503355704697985,0.01176470588235294,0.11764705882352941,37.00657894736842,43221.14864864865,4.183766233766234,247.5974025974026,4659.25
20220619,19,-0.26,21.46322580645162,62.05806451612903,3.8053691275167787,0.010457516339869284,0.09803921568627451,19.414473684210527,44001.28378378379,3.6058441558441547,245.45454545454547,1455.5
20220619,20,-0.5,19.73612903225807,67.33548387096774,4.006711409395973,0.021568627450980395,0.16339869281045752,0.5131578947368421,41599.59459459459,3.1519480519480516,216.1038961038961,123.75
20220619,21,-0.71,18.512258064516125,71.79354838709678,3.9865771812080535,0.062091503267973865,0.1503267973856209,0,40570.40540540541,2.8571428571428568,198.1818181818182,0.25
20220619,22,-0.87,17.620000000000008,74.9483870967742,4.1879194630872485,0.04183006535947712,0.16339869281045752,0,39244.39189189189,2.6402597402597396,193.3116883116883,0.0
20220619,23,-0.97,16.947096774193554,77.3741935483871,4.76510067114094,0.05751633986928105,0.17647058823529413,0,37931.68918918919,2.564935064935065,191.75324675324674,0.0
20220620,00,-1.0,16.279999999999994,79.73548387096774,4.805369127516778,0.19542483660130722,0.22875816993464052,0,35651.82432432433,2.4909090909090907,186.8181818181818,0.0
20220620,01,-0.97,15.830967741935485,81.52903225806452,5.328859060402684,0.16993464052287582,0.21568627450980393,0,33661.08108108108,2.5292207792207804,186.88311688311688,0.0
20220620,02,-0.87,15.412258064516129,83.52903225806452,5.684563758389261,0.44313725490196076,0.2679738562091503,0,30698.91891891892,2.5759740259740265,202.98701298701297,0.0
20220620,03,-0.71,15.036129032258062,84.9483870967742,5.973154362416107,0.3686274509803921,0.35294117647058826,0.0,28844.054054054053,2.635714285714286,211.62337662337663,3.5
20220620,04,-0.5,15.050322580645165,84.74193548387096,6.476510067114094,0.480392156862745,0.40522875816993464,0.7039473684210527,30464.054054054053,2.799350649350648,210.84415584415584,305.75
20220620,05,-0.26,15.617419354838706,82.91612903225807,6.771812080536913,0.5065359477124184,0.4117647058823529,8.276315789473685,31172.702702702703,2.744155844155843,221.16883116883116,1909.0
20220620,06,-0.0,16.14615384615385,80.9551282051282,7.033333333333333,0.6402597402597403,0.5324675324675324,11.710526315789474,32135.973154362415,2.8129032258064517,247.03225806451613,4192.0
20220620,07,0.26,16.404487179487166,79.62179487179488,6.74496644295302,0.5337662337662336,0.564935064935065,13.50326797385621,33174.56375838926,3.0406451612903203,251.16129032258064,7222.25
20220620,08,0.5,16.924999999999994,76.7051282051282,6.530201342281879,0.31038961038961044,0.5194805194805194,16.54901960784314,34692.147651006715,3.183225806451613,254.83870967741936,11116.25
20220620,09,0.71,17.478205128205136,73.33974358974359,6.516778523489933,0.17207792207792214,0.525974025974026,17.437908496732025,39447.98657718121,3.4541935483870954,251.74193548387098,14856.75
20220620,10,0.87,17.848076923076913,71.01282051282051,6.342281879194631,0.13506493506493508,0.42207792207792205,19.58169934640523,41022.2972972973,3.825806451612905,268.51612903225805,18017.0
20220620,11,0.97,17.944871794871787,69.47435897435898,6.550335570469799,0.16103896103896106,0.3051948051948052,19.483660130718953,41002.2972972973,4.2464516129032255,285.35483870967744,19258.5
20220620,12,1.0,17.97051282051282,68.50641025641026,6.5646258503401365,0.18246753246753247,0.38311688311688313,18.679738562091504,41971.54362416107,4.550967741935486,285.48387096774195,18456.75
20220620,13,0.97,17.79166666666666,68.33974358974359,6.523489932885906,0.17467532467532473,0.38961038961038963,18.908496732026144,45475.63758389262,4.82774193548387,280.3225806451613,18488.25
20220620,14,0.87,17.736538461538462,67.07051282051282,6.2885906040268456,0.10584415584415585,0.3246753246753247,20.718954248366014,49090.93959731544,4.9232258064516135,278.4516129032258,17181.5
20220620,15,0.71,17.584615384615393,66.23717948717949,5.993288590604027,0.09999999999999998,0.2792207792207792,23.130718954248366,50801.87919463087,4.926451612903224,278.1290322580645,15898.5
20220620,16,0.5,17.362179487179485,66.42307692307692,5.832214765100671,0.07272727272727274,0.2792207792207792,26.26143790849673,51036.97986577181,4.823225806451611,285.741935483871,13729.25
20220620,17,0.26,17.101282051282062,66.23717948717949,5.073825503355705,0.1435064935064935,0.24025974025974026,31.640522875816995,54289.530201342284,4.693548387096773,282.51612903225805,10117.25
20220620,18,0.0,16.54423076923076,67.01282051282051,3.8783783783783785,0.08051948051948052,0.14285714285714285,36.43790849673203,54125.63758389262,4.516774193548387,281.4193548387097,5253.75
20220620,19,-0.26,15.447435897435895,70.50641025641026,3.087248322147651,0.0935064935064935,0.11688311688311688,36.372549019607845,54177.44966442953,4.0670967741935495,278.1290322580645,1702.25
20220620,20,-0.5,14.109615384615376,75.32692307692308,2.651006711409396,0.03961038961038961,0.06493506493506493,8.790849673202615,52781.67785234899,3.5277419354838706,270.258064516129,156.25
20220620,21,-0.71,13.135897435897432,79.08974358974359,2.778523489932886,0.011038961038961037,0.05194805194805195,0,50697.718120805366,3.2051612903225815,256.64516129032256,0.25
20220620,22,-0.87,12.379487179487175,81.94871794871794,2.527027027027027,0.012337662337662337,0.05844155844155844,0,49002.41610738255,2.972258064516128,242.38709677419354,0.0
20220620,23,-0.97,11.726923076923079,84.0576923076923,2.335570469798658,0.006493506493506494,0.03896103896103896,0,47200.87248322148,2.8909677419354827,242.51612903225808,0.0
20220621,00,-1.0,11.114102564102566,85.77564102564102,2.0738255033557045,0.006493506493506494,0.045454545454545456,0,44503.75838926175,2.8380645161290303,235.16129032258064,0.0
20220621,01,-0.97,10.616666666666662,87.5448717948718,2.4093959731543624,0.0012987012987012987,0.032467532467532464,0,40698.791946308724,2.7483870967741932,222.06451612903226,0.0
20220621,02,-0.87,10.151923076923074,88.76282051282051,2.9121621621621623,0.0025974025974025974,0.01948051948051948,0,37385.43624161074,2.774838709677419,212.83870967741936,0.0
20220621,03,-0.71,9.799358974358974,89.94871794871794,3.858108108108108,0.008441558441558443,0.012987012987012988,0.0,33973.288590604025,2.7393548387096773,200.83870967741936,5.5
20220621,04,-0.5,10.016025641025642,88.91025641025641,4.194630872483222,0.00909090909090909,0.032467532467532464,8.686274509803921,33067.51677852349,2.7832258064516133,211.48387096774192,461.0
20220621,05,-0.26,11.32564102564102,84.41025641025641,4.4391891891891895,0.015584415584415584,0.045454545454545456,36.05882352941177,36646.711409395975,2.860645161290322,192.1290322580645,2877.5
20220621,06,-0.0,12.944871794871789,78.11538461538461,4.844594594594595,0.012337662337662337,0.032467532467532464,39.81699346405229,42854.63087248322,3.0380645161290327,201.09677419354838,8106.25
20220621,07,0.26,14.496153846153847,71.1474358974359,4.905405405405405,0.003896103896103896,0.012987012987012988,43.69934640522876,45963.02013422819,3.221290322580647,197.09677419354838,15140.0
20220621,08,0.5,15.972435897435908,64.17948717948718,4.6644295302013425,0.0,0.05844155844155844,47.3202614379085,49835.77181208054,3.303225806451613,200.90322580645162,22414.5
20220621,09,0.71,17.289032258064513,58.91612903225806,4.22972972972973,0.0,0.025974025974025976,50.64473684210526,52574.76190476191,3.3812903225806448,203.93548387096774,28477.5
20220621,10,0.87,18.63161290322581,54.18709677419355,4.0608108108108105,0.0,0.01948051948051948,52.5,53149.86486486487,3.384415584415583,190.25974025974025,32243.0
20220621,11,0.97,19.691612903225806,50.357142857142854,3.857142857142857,0.0,0.05194805194805195,51.90066225165563,55436.62162162162,3.3616883116883143,188.44155844155844,34393.75
20220621,12,1.0,20.83161290322581,47.33766233766234,3.510204081632653,0.0,0.032467532467532464,53.556291390728475,55709.25675675676,3.2785714285714294,184.28571428571428,34080.25
20220621,13,0.97,21.597435897435897,44.82051282051282,4.02027027027027,0.0,0.012987012987012988,52.72185430463576,57088.523489932886,3.1483870967741945,175.09677419354838,32461.75
20220621,14,0.87,22.25384615384616,43.416666666666664,4.047297297297297,0.0,0.01948051948051948,52.73202614379085,56902.214765100674,3.007741935483871,178.6451612903226,29758.0
20220621,15,0.71,22.639743589743595,42.51282051282051,3.36,0.0,0.0,53.3921568627451,58121.67785234899,2.9516129032258065,179.61290322580646,25562.25
20220621,16,0.5,22.63782051282051,42.81410256410256,3.3986486486486487,0.0006493506493506494,0.012987012987012988,52.90196078431372,59305.906040268455,2.8232258064516134,184.4516129032258,18893.0
20220621,17,0.26,22.25833333333332,44.36538461538461,3.939189189189189,0.0,0.006493506493506494,50.48366013071895,59126.711409395975,2.6606451612903212,178.7741935483871,11377.5
20220621,18,0.0,21.41410256410257,47.53846153846154,4.879194630872483,0.0,0.012987012987012988,43.57516339869281,60056.644295302016,2.5258064516129037,178.06451612903226,5261.5
20220621,19,-0.26,19.78397435897436,54.243589743589745,5.337837837837838,0.0,0.01948051948051948,34.40522875816993,60104.96644295302,2.3470967741935485,159.03225806451613,1706.5
20220621,20,-0.5,17.829487179487185,62.083333333333336,5.756756756756757,0.006493506493506494,0.05194805194805195,8.045751633986928,56095.57046979866,2.23032258064516,150.0,168.5
20220621,21,-0.71,16.54294871794872,66.91025641025641,5.6891891891891895,0.12012987012987013,0.07792207792207792,0,56050.536912751675,2.163870967741935,149.8709677419355,0.25
20220621,22,-0.87,15.572435897435893,70.62820512820512,5.351351351351352,0.09350649350649352,0.09090909090909091,0,55072.01342281879,2.085161290322581,159.80645161290323,0.0
20220621,23,-0.97,14.868589743589741,73.87179487179488,5.344594594594595,0.05584415584415584,0.1038961038961039,0,52557.31543624161,1.9767741935483873,169.67741935483872,0.0
20220622,00,-1.0,14.297435897435895,76.44871794871794,5.295302013422819,0.08636363636363635,0.11038961038961038,0,50684.96644295302,1.9180645161290326,175.09677419354838,0.0
20220622,01,-0.97,13.76602564102565,78.50641025641026,5.587837837837838,0.07467532467532467,0.06493506493506493,0,47510.93959731544,1.8548387096774193,171.8709677419355,0.0
20220622,02,-0.87,13.205128205128203,80.60897435897436,5.297297297297297,0.013636363636363637,0.05194805194805195,0,44227.51677852349,1.8135483870967737,182.96774193548387,0.0
20220622,03,-0.71,12.771794871794873,81.53846153846153,5.0675675675675675,0.0,0.01948051948051948,0.0,41743.221476510065,1.8412903225806447,183.61290322580646,6.25
20220622,04,-0.5,13.006410256410259,81.7948717948718,4.783783783783784,0.009740259740259738,0.045454545454545456,10.30718954248366,41593.89261744967,1.7593548387096767,184.90322580645162,469.25
20220622,05,-0.26,14.91538461538461,75.6025641025641,4.533783783783784,0.05194805194805195,0.07142857142857142,33.66013071895425,45627.31543624161,1.735483870967741,187.61290322580646,2801.0
20220622,06,-0.0,16.71666666666666,69.3525641025641,4.5675675675675675,0.01168831168831169,0.1038961038961039,38.294117647058826,45231.87919463087,1.808387096774194,173.03225806451613,7498.0
20220622,07,0.26,18.38012820512821,62.87179487179487,4.716216216216216,0.008387096774193548,0.09032258064516129,41.790849673202615,49184.89932885906,2.0677419354838698,176.0,13355.5
20220622,08,0.5,19.719230769230776,58.12820512820513,4.3175675675675675,0.03225806451612903,0.12903225806451613,42.790849673202615,50176.5100671141,2.2696774193548372,178.1290322580645,19337.0
20220622,09,0.71,20.77115384615385,54.955128205128204,3.8513513513513513,0.051298701298701295,0.11038961038961038,42.26973684210526,50254.22818791946,2.4012987012987,178.1818181818182,23547.0
20220622,10,0.87,21.510256410256414,53.07051282051282,3.859060402684564,0.07727272727272727,0.19480519480519481,42.052287581699346,49446.040268456374,2.513636363636365,186.94805194805195,25421.25
20220622,11,0.97,22.17564102564103,51.57051282051282,4.263513513513513,0.050649350649350645,0.18181818181818182,39.6797385620915,51609.463087248325,2.548051948051948,196.4935064935065,25962.25
20220622,12,1.0,22.657051282051295,50.69230769230769,4.52,0.06623376623376623,0.19480519480519481,37.450980392156865,51767.24832214765,2.584415584415584,195.25974025974025,25215.5
20220622,13,0.97,23.024358974358968,49.98717948717949,4.651006711409396,0.0435064935064935,0.22727272727272727,37.02614379084967,51849.06040268456,2.6767741935483866,198.90322580645162,24524.25
20220622,14,0.87,23.285897435897436,49.3525641025641,4.426666666666667,0.035714285714285705,0.21428571428571427,37.56209150326797,52743.959731543626,2.668387096774193,204.7741935483871,22895.25
20220622,15,0.71,23.21474358974359,50.32051282051282,4.422818791946309,0.06298701298701298,0.21428571428571427,35.810457516339866,52416.040268456374,2.6787096774193553,204.6451612903226,19633.0
20220622,16,0.5,23.022435897435898,52.09615384615385,4.333333333333333,0.04285714285714286,0.23376623376623376,35.01960784313726,52160.20134228188,2.668387096774193,188.1290322580645,14841.0
20220622,17,0.26,22.517307692307696,54.6025641025641,4.16,0.08758169934640522,0.20261437908496732,35.888888888888886,51901.94630872483,2.693548387096774,188.58064516129033,9499.0
20220622,18,0.0,21.77179487179488,57.98076923076923,3.88,0.07581699346405228,0.17647058823529413,36.470588235294116,51120.80536912752,2.669677419354839,186.70967741935485,4632.5
20220622,19,-0.26,20.451282051282053,62.85897435897436,3.76,0.03398692810457517,0.13071895424836602,36.15686274509804,52097.04697986577,2.5212903225806467,165.61290322580646,1596.25
20220622,20,-0.5,18.686538461538476,69.09615384615384,3.3133333333333335,0.022727272727272728,0.14935064935064934,10.784313725490197,48539.328859060406,2.225806451612904,154.83870967741936,169.25
20220622,21,-0.71,17.535256410256416,73.46794871794872,3.4066666666666667,0.03398692810457517,0.11764705882352941,0,46382.68456375839,2.158709677419355,146.32258064516128,0.25
20220622,22,-0.87,16.71730769230769,76.6474358974359,3.466666666666667,0.0058823529411764705,0.08496732026143791,0,45423.355704697984,2.047096774193548,157.41935483870967,0.0
20220622,23,-0.97,15.982051282051275,79.25,3.2266666666666666,0.0,0.05194805194805195,0,43977.91946308725,1.787096774193549,150.83870967741936,0.0
20220623,00,-1.0,15.291666666666675,81.92307692307692,3.066666666666667,0.025974025974025976,0.06493506493506493,0,40975.23489932886,1.7800000000000007,158.51612903225808,0.0
20220623,01,-0.97,14.709615384615386,83.98717948717949,2.5704697986577183,0.009090909090909092,0.06493506493506493,0,38466.28378378379,1.684516129032258,160.06451612903226,0.0
20220623,02,-0.87,14.164516129032265,86.2258064516129,2.2751677852348995,0.012418300653594774,0.06535947712418301,0,35302.43243243243,1.5811688311688308,165.9090909090909,0.0
20220623,03,-0.71,13.685806451612907,87.90967741935484,2.577181208053691,0.050980392156862744,0.05228758169934641,0.0,32522.027027027027,1.5681818181818177,155.84415584415584,5.5
20220623,04,-0.5,13.834838709677413,87.58709677419355,2.228187919463087,0.0032679738562091504,0.0196078431372549,11.519736842105264,31498.243243243243,1.5772727272727265,156.55844155844156,422.25
20220623,05,-0.26,15.722580645161287,81.40645161290323,2.140939597315436,0.0,0.0196078431372549,43.7828947368421,36285.54054054054,1.4935064935064932,135.45454545454547,2523.75
20220623,06,-0.0,17.858709677419355,73.47741935483872,1.8926174496644295,0.0013071895424836603,0.032679738562091505,49.67763157894737,42336.48648648649,1.6435064935064934,137.27272727272728,7509.25
20220623,07,0.26,19.776129032258055,66.59354838709677,1.7635135135135136,0.0,0.006535947712418301,51.26315789473684,45845.91836734694,1.9525974025974029,137.01298701298703,14633.0
20220623,08,0.5,21.583870967741934,60.81290322580645,1.4527027027027026,0.0,0.006535947712418301,53.98026315789474,47923.6301369863,2.156493506493507,138.63636363636363,22714.75
20220623,09,0.71,23.207051282051285,55.032051282051285,1.0405405405405406,0.0,0.006535947712418301,55.80921052631579,48931.98630136986,2.42709677419355,136.4516129032258,29110.25
20220623,10,0.87,24.597435897435883,49.68589743589744,1.0134228187919463,0.0,0.006535947712418301,56.39473684210526,51206.73469387755,2.713548387096776,128.4516129032258,33284.5
20220623,11,0.97,25.640384615384615,45.62820512820513,0.9798657718120806,0.0,0.0,56.36184210526316,53460.204081632655,2.9438709677419346,124.64516129032258,35313.5
20220623,12,1.0,26.45192307692307,43.55128205128205,1.1342281879194631,0.0,0.006535947712418301,55.223684210526315,53122.72108843538,3.115483870967741,123.6774193548387,35429.25
20220623,13,0.97,27.14871794871794,41.205128205128204,1.0268456375838926,0.0,0.006535947712418301,56.01315789473684,55285.510204081635,3.2090322580645156,119.48387096774194,34101.75
20220623,14,0.87,27.582051282051278,40.18589743589744,1.261744966442953,0.0,0.006535947712418301,55.125,54552.448979591834,3.34516129032258,115.93548387096774,31090.0
20220623,15,0.71,27.86346153846155,39.75,1.1946308724832215,0.0,0.0,54.796052631578945,57105.91836734694,3.4632258064516117,112.25806451612904,26442.75
20220623,16,0.5,27.739743589743576,39.76282051282051,1.2885906040268456,0.0,0.0,55.0328947368421,56585.986394557825,3.486451612903225,110.12903225806451,19868.5
20220623,17,0.26,27.307051282051287,41.32051282051282,1.4093959731543624,0.09019607843137255,0.013071895424836602,53.93421052631579,56969.115646258506,3.4535483870967756,100.96774193548387,11931.0
20220623,18,0.0,26.348076923076917,44.64102564102564,1.429530201342282,0.048366013071895426,0.032679738562091505,51.921052631578945,56714.421768707485,3.347096774193548,105.29032258064517,5131.0
20220623,19,-0.26,24.510897435897448,50.73076923076923,1.7114093959731544,0.23137254901960788,0.0457516339869281,45.89473684210526,56478.707482993195,3.076774193548389,96.0,1627.75
20220623,20,-0.5,22.366451612903212,57.8,2.0067567567567566,0.2986842105263158,0.06578947368421052,10.927631578947368,53354.17808219178,2.939610389610387,102.33766233766234,148.0
20220623,21,-0.71,20.96903225806452,63.15483870967742,2.331081081081081,0.2901315789473684,0.08552631578947369,0,52573.42465753425,3.07012987012987,111.16883116883118,0.25
20220623,22,-0.87,20.012903225806454,65.70967741935483,2.635135135135135,0.30526315789473685,0.125,0,54344.58904109589,3.198051948051947,121.16883116883118,0.0
20220623,23,-0.97,19.18387096774194,68.90322580645162,2.8378378378378377,0.25263157894736843,0.16447368421052633,0,52733.21917808219,3.220129870129872,136.16883116883116,0.0
20220624,00,-1.0,18.565161290322582,71.44516129032257,3.2635135135135136,0.17434210526315788,0.19736842105263158,0,50088.6301369863,3.2227272727272718,145.58441558441558,0.0
20220624,01,-0.97,17.891612903225806,74.41935483870968,3.4662162162162162,0.2781456953642384,0.17218543046357615,0,50095.61643835616,3.237012987012988,145.97402597402598,0.0
20220624,02,-0.87,17.42193548387098,76.81290322580645,3.7972972972972974,0.1324503311258278,0.1986754966887417,0,48594.79452054795,3.074675324675325,150.06493506493507,0.0
20220624,03,-0.71,17.0658064516129,78.8258064516129,3.8513513513513513,0.09934210526315788,0.19736842105263158,0.10526315789473684,46574.86301369863,2.990909090909091,158.11688311688312,5.75
20220624,04,-0.5,17.118709677419357,79.65161290322581,3.8175675675675675,0.06866666666666667,0.19333333333333333,12.375,45554.79452054795,2.9006493506493496,152.01298701298703,407.25
20220624,05,-0.26,18.159999999999993,77.08387096774193,4.02027027027027,0.09866666666666665,0.21333333333333335,32.93377483443709,44826.09589041096,2.9999999999999982,151.03896103896105,2246.25
20220624,06,-0.0,19.32387096774194,73.45161290322581,4.128378378378378,0.09072847682119205,0.2251655629139073,32.615894039735096,47168.767123287675,3.2162337662337643,161.94805194805195,6164.25
20220624,07,0.26,20.507692307692302,70.08333333333333,4.369127516778524,0.061184210526315785,0.2565789473684211,32.47019867549669,46065.91836734694,3.5264516129032253,171.2258064516129,11195.0
20220624,08,0.5,21.610256410256415,66.55128205128206,4.577181208053691,0.1403973509933775,0.19205298013245034,32.53947368421053,49139.5918367347,3.6935483870967736,176.25806451612902,16417.25
20220624,09,0.71,22.39363057324841,63.6687898089172,4.726666666666667,0.10592105263157893,0.19736842105263158,32.130718954248366,49668.10810810811,3.8858974358974385,181.53846153846155,19943.75
20220624,10,0.87,23.11656050955414,60.859872611464965,4.926666666666667,0.12142857142857147,0.23376623376623376,32.490196078431374,49403.64864864865,4.017948717948719,180.32051282051282,22427.25
20220624,11,0.97,23.571337579617836,59.152866242038215,5.3,0.11233766233766232,0.2662337662337662,31.215686274509803,50695.33783783784,4.11794871794872,182.69230769230768,23938.0
20220624,12,1.0,23.7108280254777,58.80891719745223,5.76,0.2616883116883117,0.37012987012987014,27.84967320261438,48823.51351351351,4.127564102564101,187.43589743589743,23458.0
20220624,13,0.97,23.47579617834395,60.210191082802545,6.12,0.5194805194805194,0.37012987012987014,25.11111111111111,49146.82432432433,4.1288461538461565,183.14102564102564,21179.0
20220624,14,0.87,23.14294871794871,62.12820512820513,6.429530201342282,0.4947368421052632,0.3618421052631579,22.980263157894736,50740.816326530614,3.997419354838709,192.5,18020.0
20220624,15,0.71,22.660256410256405,63.83974358974359,6.657718120805369,0.49999999999999983,0.423841059602649,21.519736842105264,49850.204081632655,3.8722580645161284,197.03225806451613,14941.0
20220624,16,0.5,22.020512820512824,66.69871794871794,6.993288590604027,0.6756578947368419,0.3881578947368421,18.026315789473685,49933.26530612245,3.641290322580644,214.1290322580645,10427.0
20220624,17,0.26,21.069230769230774,71.06410256410257,7.315436241610739,0.6513157894736842,0.42105263157894735,15.552631578947368,47649.183673469386,3.4909677419354845,219.5483870967742,6402.0
20220624,18,0.0,20.270512820512824,74.82051282051282,7.167785234899329,0.625165562913907,0.39072847682119205,12.618421052631579,46488.97959183674,3.190967741935484,216.70967741935485,3400.25
20220624,19,-0.26,19.409615384615385,78.38461538461539,7.1879194630872485,0.5907894736842106,0.34868421052631576,8.888157894736842,45553.60544217687,3.0780645161290328,214.0,1172.0
20220624,20,-0.5,18.420512820512833,81.86538461538461,7.093959731543624,0.21125827814569542,0.33774834437086093,1.5986842105263157,43894.3537414966,2.886451612903226,211.93548387096774,114.0
20220624,21,-0.71,17.711538461538463,84.41666666666667,6.87248322147651,0.13289473684210526,0.34210526315789475,0,42512.5850340136,2.838709677419353,204.1290322580645,0.25
20220624,22,-0.87,17.110897435897435,86.69871794871794,6.4630872483221475,0.2605263157894737,0.23684210526315788,0,40943.4693877551,2.75483870967742,202.83870967741936,0.0
20220624,23,-0.97,16.687820512820522,88.37820512820512,5.845637583892618,0.15328947368421053,0.20394736842105263,0,40004.489795918365,2.6922580645161287,199.74193548387098,0.0
20220625,00,-1.0,16.33205128205128,89.53205128205128,5.832214765100671,0.13398692810457513,0.1895424836601307,0,36539.45578231292,2.6548387096774206,202.32258064516128,0.0
20220625,01,-0.97,16.04294871794872,90.62179487179488,5.89261744966443,0.09342105263157895,0.20394736842105263,0,34793.401360544216,2.5948387096774197,199.67741935483872,0.0
20220625,02,-0.87,15.740384615384619,91.53205128205128,5.644295302013423,0.029605263157894735,0.17763157894736842,0,33865.44217687075,2.5096774193548392,204.70967741935485,0.0
20220625,03,-0.71,15.496794871794865,92.25641025641026,5.228187919463087,0.015032679738562094,0.13725490196078433,0.0,31588.503401360544,2.4354838709677433,205.5483870967742,3.0
20220625,04,-0.5,15.51602564102565,92.35897435897436,5.25503355704698,0.06993464052287582,0.12418300653594772,2.375,28647.551020408162,2.286451612903226,207.2258064516129,317.5
20220625,05,-0.26,16.372435897435896,89.0576923076923,5.1610738255033555,0.037908496732026134,0.1503267973856209,21.585526315789473,34041.90476190476,2.193548387096775,207.93548387096774,2074.0
20220625,06,-0.0,17.544230769230765,84.19871794871794,4.932885906040268,0.016993464052287584,0.13071895424836602,30.07236842105263,40724.421768707485,2.2980645161290325,216.38709677419354,5941.5
20220625,07,0.26,18.86025641025641,78.0448717948718,4.939597315436242,0.03725490196078431,0.0784313725490196,34.5328947368421,45168.91156462585,2.4658064516129037,222.06451612903226,11717.0
20220625,08,0.5,20.001923076923084,72.50641025641026,4.469798657718121,0.0026143790849673205,0.0718954248366013,36.25,48330.816326530614,2.572258064516129,224.70967741935485,18733.5
20220625,09,0.71,21.135897435897448,67.05128205128206,4.8120805369127515,0.0,0.0392156862745098,37.06578947368421,51216.666666666664,2.5419354838709687,219.8709677419355,24565.0
20220625,10,0.87,22.10833333333333,62.07051282051282,4.617449664429531,0.0,0.0392156862745098,38.58552631578947,53119.86394557823,2.609032258064517,221.03225806451613,28244.0
20220625,11,0.97,23.04807692307691,57.62179487179487,4.644295302013423,0.0,0.026143790849673203,39.76973684210526,56576.19047619047,2.5974193548387094,209.74193548387098,29943.25
20220625,12,1.0,23.774193548387103,54.748387096774195,4.550335570469799,0.0,0.0196078431372549,39.18543046357616,55136.12244897959,2.637419354838712,209.48387096774192,30134.25
20220625,13,0.97,24.39285714285714,51.88961038961039,4.486486486486487,0.0006578947368421052,0.05263157894736842,39.42666666666667,56964.79452054795,2.644155844155846,195.67741935483872,28681.0
20220625,14,0.87,24.709150326797378,50.830065359477125,4.27891156462585,0.04013157894736842,0.06578947368421052,38.47651006711409,57361.379310344826,2.6298701298701306,197.98701298701297,25674.75
20220625,15,0.71,24.78104575163399,51.16339869281046,4.700680272108843,0.06907894736842106,0.08552631578947369,36.577181208053695,56838.96551724138,2.603921568627452,186.07843137254903,21804.5
20220625,16,0.5,24.452287581699352,52.705882352941174,4.945578231292517,0.15723684210526317,0.09210526315789473,36.67785234899329,58585.51724137931,2.5843137254901953,175.94771241830065,16476.75
20220625,17,0.26,24.104575163398692,54.56209150326797,5.319727891156463,0.06578947368421052,0.09868421052631579,34.83892617449664,56494.06896551724,2.3908496732026143,180.26143790849673,10075.75
20220625,18,0.0,23.411764705882362,58.30718954248366,5.4353741496598635,0.1328947368421053,0.125,32.644295302013425,56965.65517241379,2.1673202614379083,155.62091503267973,4609.75
20220625,19,-0.26,21.979084967320258,65.09150326797386,5.673469387755102,0.014473684210526314,0.06578947368421052,28.154362416107382,57420.96551724138,1.929411764705882,151.69934640522877,1425.5
20220625,20,-0.5,20.19738562091503,72.68627450980392,5.680272108843537,0.057894736842105256,0.05263157894736842,2.6912751677852347,53938.68965517241,1.7647058823529416,138.95424836601308,129.0
20220625,21,-0.71,19.137254901960777,76.83660130718954,5.448979591836735,0.0769736842105263,0.039473684210526314,0,51234.41379310345,1.7732026143790853,130.32679738562092,0.25
20220625,22,-0.87,18.22727272727274,81.06493506493507,5.360544217687075,0.1099337748344371,0.07947019867549669,0,47877.379310344826,1.8411764705882347,129.41176470588235,0.0
20220625,23,-0.97,17.49155844155845,84.00649350649351,5.142857142857143,0.04437086092715232,0.0728476821192053,0,44864.06896551724,1.728104575163399,143.26797385620915,0.0
20220626,00,-1.0,17.059090909090916,85.77272727272727,5.27891156462585,0.04701986754966887,0.09271523178807947,0,41321.666666666664,1.838562091503267,155.7516339869281,0.0
20220626,01,-0.97,16.571428571428573,87.6103896103896,5.414965986394558,0.04966887417218543,0.13245033112582782,0,37777.708333333336,1.881699346405229,158.62745098039215,0.0
20220626,02,-0.87,16.261038961038956,88.85714285714286,5.340136054421769,0.023178807947019868,0.10596026490066225,0,36920.555555555555,1.8620915032679737,166.01307189542484,0.0
20220626,03,-0.71,15.983116883116889,89.66233766233766,5.340136054421769,0.005960264900662252,0.0728476821192053,0.0,36162.63888888889,1.8176470588235287,164.5751633986928,4.0
20220626,04,-0.5,16.228571428571417,89.05844155844156,5.380952380952381,0.0013245033112582781,0.06622516556291391,5.693333333333333,35796.666666666664,1.8673202614379087,167.05882352941177,408.0
20220626,05,-0.26,17.52337662337662,84.53246753246754,5.0272108843537415,0.0,0.052980132450331126,31.52,40667.430555555555,1.8934640522875816,175.94771241830065,2649.0
20220626,06,-0.0,19.366233766233762,77.12337662337663,5.0272108843537415,0.0,0.013245033112582781,39.52,46664.620689655174,1.971895424836602,176.6013071895425,7339.0
20220626,07,0.26,21.1512987012987,69.6103896103896,4.755102040816326,0.0,0.006622516556291391,45.67333333333333,51465.379310344826,2.24967320261438,188.69281045751634,14012.25
20220626,08,0.5,22.54545454545455,63.27922077922078,4.625850340136054,0.0,0.006622516556291391,47.54666666666667,54455.862068965514,2.383006535947711,195.2941176470588,21111.25
20220626,09,0.71,23.513636363636365,58.967532467532465,4.040816326530612,0.0,0.039735099337748346,47.053333333333335,54901.379310344826,2.549019607843137,204.18300653594773,26637.5
20220626,10,0.87,24.385714285714283,55.324675324675326,4.01360544217687,0.0013245033112582781,0.052980132450331126,44.92666666666667,56771.862068965514,2.677777777777778,202.22222222222223,29763.0
20220626,11,0.97,24.997402597402598,52.811688311688314,4.496598639455782,0.006622516556291391,0.052980132450331126,41.973333333333336,56747.65517241379,2.8509803921568615,205.88235294117646,30326.25
20220626,12,1.0,25.31298701298702,51.77922077922078,4.945578231292517,0.009271523178807946,0.08609271523178808,38.36,56626.48275862069,2.8732026143790854,199.86928104575162,29019.25
20220626,13,0.97,25.58506493506493,50.675324675324674,5.129251700680272,0.007947019867549669,0.11920529801324503,35.72,57445.379310344826,2.975163398692811,194.83660130718954,27431.5
20220626,14,0.87,25.72142857142857,50.324675324675326,5.217687074829932,0.00662251655629139,0.11258278145695365,33.39333333333333,59139.1724137931,2.9875816993464053,194.7058823529412,24712.5
20220626,15,0.71,25.655844155844157,51.214285714285715,5.3061224489795915,0.05894039735099338,0.17218543046357615,31.213333333333335,59595.10344827586,2.9202614379084975,194.11764705882354,20833.0
20220626,16,0.5,25.427272727272733,52.41558441558441,5.204081632653061,0.019867549668874177,0.152317880794702,30.9,59889.24137931035,2.915686274509803,194.7058823529412,15520.25
20220626,17,0.26,24.866233766233766,54.64935064935065,5.08843537414966,0.11854304635761588,0.17218543046357615,31.866666666666667,61509.1724137931,2.9745098039215656,188.95424836601308,9414.25
20220626,18,0.0,24.007792207792203,58.40909090909091,5.122448979591836,0.0019867549668874177,0.15894039735099338,26.966666666666665,60908.206896551725,2.8934640522875803,184.96732026143792,4142.25
20220626,19,-0.26,22.57857142857143,64.03896103896103,5.312925170068027,0.03245033112582782,0.18543046357615894,18.54,59426.06896551724,2.679738562091504,181.1764705882353,1179.75
20220626,20,-0.5,21.128571428571437,69.66233766233766,5.020408163265306,0.09933774834437085,0.2052980132450331,0.9866666666666667,54545.58620689655,2.5862745098039217,166.5359477124183,78.5
20220626,21,-0.71,20.231818181818173,73.23376623376623,4.938775510204081,0.08013245033112582,0.18543046357615894,0,53374.8275862069,2.636601307189543,142.94117647058823,0.0
20220626,22,-0.87,19.500649350649343,76.29220779220779,4.659863945578231,0.1317880794701987,0.23841059602649006,0,49928.275862068964,2.7745098039215694,149.47712418300654,0.0
20220626,23,-0.97,18.87272727272727,78.91558441558442,4.870748299319728,0.44701986754966877,0.2781456953642384,0,47490.41379310345,2.8496732026143787,147.3202614379085,0.0
20220627,00,-1.0,18.257792207792214,81.73376623376623,5.2517006802721085,0.6393333333333333,0.29333333333333333,0,42791.03448275862,2.8875816993464034,148.62745098039215,0.0
20220627,01,-0.97,17.760389610389613,84.14285714285714,5.925170068027211,0.732,0.34,0,39985.44827586207,2.8339869281045744,163.79084967320262,0.0
20220627,02,-0.87,17.381168831168843,86.38311688311688,6.557823129251701,0.7919999999999998,0.37333333333333335,0,38004.620689655174,2.592810457516341,175.22875816993465,0.0
20220627,03,-0.71,16.997402597402605,87.81818181818181,6.619047619047619,0.54,0.37333333333333335,0.0,34869.31034482759,2.596078431372549,183.59477124183007,4.25
20220627,04,-0.5,17.049999999999997,87.84415584415585,6.394557823129252,0.2543624161073825,0.2684563758389262,6.178807947019868,33332.68965517241,2.318300653594771,193.33333333333334,357.5
20220627,05,-0.26,17.949032258064523,84.78064516129032,5.986486486486487,0.2675496688741722,0.26490066225165565,18.37748344370861,37014.45205479452,2.3818181818181827,183.8961038961039,2176.5
20220627,06,-0.0,19.149044585987262,80.56410256410257,5.9391891891891895,0.13725490196078433,0.1895424836601307,28.263157894736842,40722.380952380954,2.422727272727273,196.25806451612902,6148.25
20220627,07,0.26,20.372611464968152,76.38853503184713,5.630872483221476,0.024675324675324677,0.15584415584415584,30.401315789473685,41547.2972972973,2.5335483870967734,197.94871794871796,11302.0
20220627,08,0.5,21.423566878980886,72.78980891719745,5.577181208053691,0.02077922077922078,0.13636363636363635,31.797385620915033,43494.72972972973,2.730769230769233,193.52564102564102,16533.5
20220627,09,0.71,22.31783439490445,69.64331210191082,5.46,0.01948051948051948,0.16883116883116883,30.96078431372549,45131.35135135135,2.937179487179487,191.21794871794873,20678.75
20220627,10,0.87,23.162420382165607,66.28662420382166,5.3,0.0642857142857143,0.2532467532467532,31.11111111111111,46275.0,2.9891025641025655,215.06410256410257,23809.25
20220627,11,0.97,23.72101910828025,64.52866242038216,5.213333333333333,0.07142857142857141,0.23376623376623376,29.313725490196077,45301.35135135135,3.201923076923076,224.80769230769232,24899.0
20220627,12,1.0,23.984713375796172,63.52866242038217,5.68,0.04901960784313726,0.2679738562091503,27.352941176470587,46143.31081081081,3.5205128205128213,235.89743589743588,24221.75
20220627,13,0.97,24.105732484076434,62.72611464968153,5.8933333333333335,0.0538961038961039,0.2792207792207792,25.18300653594771,46617.97297297297,3.8673076923076937,240.7051282051282,22500.25
20220627,14,0.87,24.021656050955425,62.77707006369427,6.093333333333334,0.0792207792207792,0.3116883116883117,23.30065359477124,49922.56756756757,4.053846153846154,246.34615384615384,19941.5
20220627,15,0.71,23.65859872611465,63.611464968152866,6.4,0.11103896103896102,0.2922077922077922,22.058823529411764,48857.43243243243,4.201923076923076,258.20512820512823,16790.0
20220627,16,0.5,22.885987261146493,65.77070063694268,6.593333333333334,0.22631578947368425,0.2894736842105263,19.764705882352942,49882.36486486487,4.202564102564104,264.55128205128204,12675.0
20220627,17,0.26,21.844585987261144,69.22929936305732,6.693333333333333,0.15620915032679739,0.37254901960784315,15.980392156862745,48948.17567567567,4.237820512820512,264.03846153846155,7539.25
20220627,18,0.0,20.861146496815284,72.71337579617834,7.026666666666666,0.16184210526315787,0.375,10.745098039215685,48884.12162162162,4.042948717948717,267.37179487179486,3663.75
20220627,19,-0.26,19.73949044585988,76.81528662420382,7.486666666666666,0.23831168831168836,0.37012987012987014,5.895424836601308,46813.71621621621,3.7371794871794872,271.21794871794873,1244.0
20220627,20,-0.5,18.49681528662421,81.15286624203821,7.24,0.414935064935065,0.42207792207792205,1.9803921568627452,42377.02702702703,3.4660256410256407,268.97435897435895,151.5
20220627,21,-0.71,17.537579617834385,84.49044585987261,6.96,0.5065359477124182,0.38562091503267976,0,39374.25675675676,3.3185897435897447,270.8333333333333,0.25
20220627,22,-0.87,16.811464968152865,86.42038216560509,6.773333333333333,0.4352941176470589,0.35947712418300654,0,37619.93243243243,3.325000000000001,269.7435897435897,0.0
20220627,23,-0.97,16.202547770700637,88.23566878980891,6.493333333333333,0.34900662251655634,0.31125827814569534,0,36318.58108108108,3.0493589743589737,271.47435897435895,0.0
20220628,00,-1.0,15.646496815286625,90.49044585987261,5.96,0.34736842105263155,0.34868421052631576,0,33483.91891891892,2.790384615384616,261.15384615384613,0.0
20220628,01,-0.97,15.17324840764331,91.73248407643312,5.386666666666667,0.18552631578947373,0.29605263157894735,0,31045.81081081081,2.5884615384615373,251.7948717948718,0.0
20220628,02,-0.87,14.624840764331204,92.59872611464968,4.713333333333333,0.31052631578947365,0.2894736842105263,0,27948.85135135135,2.471794871794871,242.82051282051282,0.0
20220628,03,-0.71,14.204458598726115,93.1592356687898,4.513333333333334,0.17763157894736842,0.2565789473684211,0.0,26275.472972972973,2.4205128205128226,238.78205128205127,1.25
20220628,04,-0.5,13.936305732484076,92.9171974522293,4.58,0.1189542483660131,0.23529411764705882,1.4052287581699345,25351.891891891893,2.394871794871797,238.84615384615384,245.75
20220628,05,-0.26,14.624840764331195,89.90445859872611,4.348993288590604,0.029411764705882353,0.1830065359477124,22.741721854304636,28240.27210884354,2.488387096774194,229.74358974358975,2045.25
20220628,06,-0.0,15.62101910828025,84.60509554140127,4.087248322147651,0.012987012987012988,0.15584415584415584,31.973509933774835,35810.204081632655,2.7458064516129035,228.06451612903226,6215.75
20220628,07,0.26,16.713375796178347,78.20382165605096,4.0134228187919465,0.011688311688311687,0.12337662337662338,36.496688741721854,44521.63265306123,3.038709677419355,244.6451612903226,12544.75
20220628,08,0.5,17.866242038216562,71.5859872611465,4.167785234899329,0.0006493506493506494,0.07792207792207792,39.609271523178805,49202.5,3.1103225806451604,230.32051282051282,19652.0
20220628,09,0.71,18.95605095541401,64.68152866242038,3.98,0.0019607843137254906,0.05228758169934641,40.71052631578947,54546.41891891892,3.13525641025641,215.64102564102564,25449.5
20220628,10,0.87,19.943949044585974,58.92356687898089,4.086666666666667,0.0,0.03896103896103896,41.4671052631579,57151.90476190476,3.1012820512820505,204.87179487179486,28963.25
20220628,11,0.97,20.844871794871786,54.794871794871796,3.879194630872483,0.0,0.01948051948051948,42.152317880794705,59557.46575342466,3.075641025641025,190.51282051282053,30180.5
20220628,12,1.0,21.47564102564102,52.05769230769231,3.6577181208053693,0.004545454545454545,0.045454545454545456,41.81456953642384,59757.602739726026,3.0352564102564097,167.37179487179486,30069.75
20220628,13,0.97,22.001923076923077,50.06410256410256,3.5503355704697985,0.013636363636363637,0.032467532467532464,41.7682119205298,59121.28378378379,2.944516129032258,167.82051282051282,28667.0
20220628,14,0.87,22.43333333333333,48.57692307692308,3.8322147651006713,0.012337662337662338,0.03896103896103896,41.63576158940398,59402.31292517007,2.836129032258065,158.33333333333334,25891.25
20220628,15,0.71,22.605732484076427,47.71337579617835,3.96,0.02922077922077922,0.045454545454545456,41.80794701986755,59619.32432432433,2.7320512820512803,137.05128205128204,22040.0
20220628,16,0.5,22.650955414012742,48.11464968152866,3.7733333333333334,0.04675324675324675,0.06493506493506493,41.51655629139073,60764.96644295302,2.64551282051282,136.21794871794873,16083.75
20220628,17,0.26,22.36496815286623,49.46496815286624,4.366666666666666,0.04155844155844156,0.05844155844155844,40.324503311258276,59932.147651006715,2.633333333333335,136.73076923076923,10031.75
20220628,18,0.0,21.671337579617827,52.69426751592356,4.546666666666667,0.02792207792207792,0.05844155844155844,37.920529801324506,61348.590604026846,2.6243589743589744,113.58974358974359,5066.5
20220628,19,-0.26,20.479617834394904,58.64331210191083,4.706666666666667,0.02792207792207792,0.06493506493506493,36.66887417218543,60223.355704697984,2.4660256410256425,102.82051282051282,1726.5
20220628,20,-0.5,18.80445859872612,65.64331210191082,4.92,0.04350649350649351,0.09090909090909091,11.04635761589404,56393.288590604025,2.3256410256410263,96.28205128205128,182.75
20220628,21,-0.71,17.641401273885347,70.32484076433121,5.12,0.03506493506493506,0.06493506493506493,0,55143.355704697984,2.2929487179487187,92.37179487179488,0.25
20220628,22,-0.87,16.957324840764326,72.90445859872611,5.14,0.01038961038961039,0.03896103896103896,0,55569.395973154365,2.294871794871798,97.94871794871794,0.0
20220628,23,-0.97,16.455414012738853,75.03821656050955,5.18,0.005194805194805195,0.05194805194805195,0,53920.86666666667,2.3166666666666664,99.35897435897436,0.0
20220629,00,-1.0,16.005732484076432,77.10828025477707,5.346666666666667,0.00196078431372549,0.06535947712418301,0,50675.666666666664,2.3012820512820515,113.14102564102564,0.0
20220629,01,-0.97,15.578980891719748,79.21019108280255,5.586666666666667,0.0006535947712418301,0.058823529411764705,0,48184.56375838926,2.187820512820513,110.44871794871794,0.0
20220629,02,-0.87,15.349044585987256,80.96815286624204,5.973333333333334,0.0032679738562091504,0.08496732026143791,0,45490.536912751675,2.1134615384615394,107.24358974358974,0.0
20220629,03,-0.71,15.050318471337578,82.69426751592357,5.973333333333334,0.013071895424836602,0.06535947712418301,0.02666666666666667,43201.54362416107,2.037179487179487,109.87179487179488,3.25
20220629,04,-0.5,15.293630573248418,82.76433121019109,6.1,0.0326797385620915,0.13071895424836602,6.36,42408.791946308724,2.044871794871795,115.76923076923077,304.75
20220629,05,-0.26,16.326751592356676,80.43312101910828,6.506666666666667,0.02679738562091503,0.1568627450980392,17.78,44194.89932885906,2.1192307692307697,124.03846153846153,1912.0
20220629,06,-0.0,17.655414012738845,75.91082802547771,6.593333333333334,0.028571428571428574,0.16883116883116883,22.04,44874.8,2.389102564102565,118.46153846153847,5177.25
20220629,07,0.26,18.873885350318474,71.6624203821656,6.92,0.009090909090909092,0.17532467532467533,23.466666666666665,46818.0,2.776923076923078,115.32051282051282,9314.0
20220629,08,0.5,19.93503184713376,68.24203821656052,6.84,0.00974025974025974,0.17532467532467533,23.4,47543.2,3.021153846153845,117.11538461538461,13495.0
20220629,09,0.71,20.853503184713386,65.10828025477707,6.8389261744966445,0.005844155844155844,0.12337662337662338,24.513333333333332,47404.4,3.155128205128205,125.32051282051282,17248.5
20220629,10,0.87,21.6828025477707,62.05732484076433,6.953020134228188,0.00974025974025974,0.12337662337662338,22.107382550335572,51804.161073825504,3.199358974358975,128.46153846153845,19237.5
20220629,11,0.97,22.252229299363055,60.611464968152866,6.9,0.0012987012987012987,0.14285714285714285,21.78,51304.73333333333,3.254487179487182,131.7948717948718,20872.5
20220629,12,1.0,22.774522292993634,59.12101910828026,6.873333333333333,0.0019480519480519483,0.09740259740259741,21.271523178807946,51425.6,3.2589743589743603,134.2948717948718,22286.0
20220629,13,0.97,23.226114649681538,57.496815286624205,6.373333333333333,0.018181818181818184,0.12987012987012986,23.626666666666665,51299.6,3.2660256410256396,138.9102564102564,22305.75
20220629,14,0.87,23.592356687898082,56.82802547770701,6.1066666666666665,0.017532467532467535,0.13636363636363635,25.466666666666665,50790.666666666664,3.1961538461538472,136.98717948717947,21167.25
20220629,15,0.71,23.742038216560513,56.318471337579616,5.806666666666667,0.003246753246753247,0.08441558441558442,27.753333333333334,53756.666666666664,3.2051282051282053,139.10256410256412,19004.5
20220629,16,0.5,23.72547770700638,56.394904458598724,5.673333333333333,0.15974025974025974,0.07792207792207792,31.246666666666666,52591.86666666667,3.1634615384615383,139.55128205128204,15100.25
20220629,17,0.26,23.419108280254772,57.6687898089172,5.013333333333334,0.05714285714285715,0.05844155844155844,33.42666666666667,52846.73333333333,3.0660256410256395,140.25641025641025,9724.25
20220629,18,0.0,22.793630573248414,60.69426751592356,4.233333333333333,0.04155844155844156,0.07792207792207792,33.766666666666666,53734.53333333333,2.884615384615384,133.65384615384616,4964.75
20220629,19,-0.26,21.59554140127388,66.34394904458598,3.92,0.008441558441558443,0.07142857142857142,30.58,52340.53333333333,2.599358974358975,125.64102564102564,1685.75
20220629,20,-0.5,20.02866242038216,73.04458598726114,3.433333333333333,0.17077922077922078,0.045454545454545456,5.553333333333334,47335.73333333333,2.3749999999999996,114.87179487179488,150.75
20220629,21,-0.71,19.03439490445861,77.11464968152866,3.486666666666667,0.007792207792207793,0.032467532467532464,0,44822.86666666667,2.201282051282053,105.12820512820512,0.0
20220629,22,-0.87,18.255414012738854,80.37579617834395,3.2933333333333334,0.005844155844155844,0.025974025974025976,0,42453.2,2.083974358974359,113.52564102564102,0.0
20220629,23,-0.97,17.730573248407644,82.40764331210191,3.32,0.03636363636363637,0.03896103896103896,0,40596.0,1.9512820512820508,119.23076923076923,0.0
20220630,00,-1.0,17.182165605095555,84.72611464968153,3.3266666666666667,0.027272727272727275,0.032467532467532464,0,37510.13333333333,1.8320512820512824,127.62820512820512,0.0
20220630,01,-0.97,16.71719745222929,86.26751592356688,3.2666666666666666,0.06818181818181818,0.03896103896103896,0,35034.6,1.7782051282051277,133.78205128205127,0.0
20220630,02,-0.87,16.363694267515918,87.29936305732484,2.88,0.00909090909090909,0.03896103896103896,0,32553.866666666665,1.8166666666666664,121.7948717948718,0.0
20220630,03,-0.71,16.08535031847134,88.19108280254777,3.0533333333333332,0.048701298701298704,0.03896103896103896,0.02,31536.333333333332,1.7897435897435894,132.43589743589743,2.75
20220630,04,-0.5,16.154140127388526,88.70063694267516,3.2266666666666666,0.014935064935064937,0.03896103896103896,3.6266666666666665,30114.266666666666,1.756410256410257,133.84615384615384,279.5
20220630,05,-0.26,17.38917197452229,84.63057324840764,3.486666666666667,0.003246753246753247,0.05194805194805195,31.4,33490.13333333333,1.7448717948717951,126.41025641025641,2239.5
20220630,06,-0.0,18.92866242038216,79.40764331210191,3.8,0.03831168831168831,0.025974025974025976,39.35333333333333,37907.73333333333,1.8948717948717957,120.12820512820512,6619.25
20220630,07,0.26,20.568789808917202,73.35668789808918,3.1666666666666665,0.024025974025974027,0.032467532467532464,43.14666666666667,41844.89932885906,2.0801282051282053,124.23076923076923,13238.25
20220630,08,0.5,22.06433121019109,67.89808917197452,3.1733333333333333,0.016233766233766232,0.03896103896103896,46.70469798657718,42638.590604026846,2.3032258064516142,128.0,20760.0
20220630,09,0.71,23.349044585987265,62.98726114649681,3.34,0.006493506493506494,0.03896103896103896,48.147651006711406,44385.8,2.4071428571428566,133.41935483870967,27054.5
20220630,10,0.87,24.419745222929933,58.35031847133758,3.3378378378378377,0.0025974025974025974,0.025974025974025976,48.72,47107.53333333333,2.6135483870967735,133.48387096774192,30699.5
20220630,11,0.97,25.385987261146493,54.560509554140125,3.5369127516778525,0.001948051948051948,0.025974025974025976,47.87417218543046,46319.53333333333,2.633333333333334,131.34615384615384,32874.25
20220630,12,1.0,26.05350318471337,52.560509554140125,3.422818791946309,0.017532467532467535,0.03896103896103896,46.788079470198674,48352.066666666666,2.757051282051281,133.33333333333334,33128.25
20220630,13,0.97,26.59108280254776,50.70063694267516,3.7181208053691277,0.004545454545454545,0.045454545454545456,45.56666666666667,49801.6,2.905128205128206,133.52564102564102,31575.0
20220630,14,0.87,26.881528662420386,49.67515923566879,3.791946308724832,0.04090909090909091,0.05844155844155844,44.66,52158.0,2.9948717948717953,123.78205128205128,28140.75
20220630,15,0.71,26.915286624203826,49.97452229299363,3.9194630872483223,0.46948051948051944,0.07142857142857142,42.25333333333333,51137.4,3.06602564102564,127.56410256410257,22256.75
20220630,16,0.5,26.407006369426757,52.7515923566879,4.181208053691275,0.41363636363636364,0.14285714285714285,40.61333333333334,51867.933333333334,3.2089743589743587,128.65384615384616,15453.5
20220630,17,0.26,25.5343949044586,56.10828025477707,4.697986577181208,0.038311688311688304,0.14935064935064934,35.6,50071.333333333336,3.3608974358974364,129.2948717948718,9116.25
20220630,18,0.0,24.247770700636945,61.48407643312102,4.758389261744966,0.1850649350649351,0.16233766233766234,32.29139072847682,49185.066666666666,3.3685897435897427,135.83333333333334,4246.75
20220630,19,-0.26,22.58089171974522,67.9171974522293,5.2885906040268456,0.3902597402597402,0.2012987012987013,25.066225165562916,46897.0,3.391025641025641,146.66666666666666,1304.75
20220630,20,-0.5,20.97515923566879,73.94904458598727,5.429530201342282,0.2253246753246753,0.2077922077922078,4.19205298013245,42613.8,3.2147435897435903,154.55128205128204,95.0
20220630,21,-0.71,19.62420382165605,79.36942675159236,5.798657718120805,0.3506493506493507,0.2662337662337662,0,39859.86666666667,3.2288461538461553,160.89743589743588,0.25
20220630,22,-0.87,18.72884615384616,82.86538461538461,5.97972972972973,0.3542483660130719,0.2549019607843137,0,36526.711409395975,3.450641025641023,172.37179487179486,0.0
20220630,23,-0.97,18.049999999999994,85.2051282051282,6.5608108108108105,0.322875816993464,0.26143790849673204,0,35467.58389261745,3.541290322580646,188.0,0.0
20220701,00,-1.0,17.434615384615388,86.71153846153847,6.77027027027027,0.3522875816993464,0.2875816993464052,0,32892.01342281879,3.4948387096774183,196.25806451612902,0.0
20220701,01,-0.97,16.912179487179483,88.38461538461539,6.537414965986395,0.3483660130718954,0.35294117647058826,0,30545.743243243243,3.48896103896104,207.16129032258064,0.0
20220701,02,-0.87,16.43782051282052,89.48076923076923,6.707482993197279,0.31241830065359477,0.4117647058823529,0,30419.797297297297,3.3883116883116866,210.97402597402598,0.0
20220701,03,-0.71,15.96153846153847,90.48717948717949,6.91156462585034,0.2032679738562092,0.45098039215686275,0.0,29015.54054054054,3.423376623376622,215.12987012987014,3.25
20220701,04,-0.5,15.77307692307692,90.46153846153847,6.850340136054422,0.2071895424836602,0.43790849673202614,1.6357615894039734,29804.42953020134,3.502597402597404,223.67741935483872,255.75
20220701,05,-0.26,15.90641025641026,88.82051282051282,7.04054054054054,0.2568627450980392,0.49019607843137253,8.298013245033113,32304.8322147651,3.5387096774193543,231.80645161290323,1421.25
20220701,06,-0.0,15.98910256410256,87.5448717948718,7.087837837837838,0.5202614379084965,0.5490196078431373,7.6490066225165565,32884.89932885906,3.6361290322580646,241.2258064516129,3493.0
20220701,07,0.26,16.157961783439486,86.05732484076434,7.283783783783784,0.5431372549019605,0.5490196078431373,6.516556291390729,34163.666666666664,3.5922580645161304,248.5897435897436,5980.25
20220701,08,0.5,16.233757961783443,84.85350318471338,7.386666666666667,0.5116883116883117,0.564935064935065,5.827814569536423,34283.73333333333,3.661538461538461,253.97435897435898,7831.25
20220701,09,0.71,16.248407643312106,83.5859872611465,7.308724832214765,0.38506493506493505,0.6038961038961039,6.80794701986755,32501.333333333332,3.7365384615384616,258.2692307692308,9949.75
20220701,10,0.87,16.222292993630568,82.47770700636943,7.369127516778524,0.38701298701298714,0.5974025974025974,6.427631578947368,35721.53333333333,3.803205128205128,256.79487179487177,11355.0
20220701,11,0.97,16.31592356687898,80.70063694267516,7.28,0.40974025974025974,0.5584415584415584,6.822368421052632,37390.0,3.9839743589743626,257.1794871794872,12640.0
20220701,12,1.0,16.345222929936302,79.68789808917198,7.233333333333333,0.6025974025974026,0.6103896103896104,8.5,37507.0,3.9942307692307693,255.83333333333334,13308.5
20220701,13,0.97,16.473076923076917,77.43589743589743,7.248322147651007,0.41103896103896104,0.577922077922078,9.370860927152318,42965.10067114094,4.142307692307693,255.89743589743588,13825.0
20220701,14,0.87,16.78846153846154,74.84615384615384,7.201342281879195,0.20980392156862746,0.49019607843137253,12.026490066225165,48281.94630872483,4.129032258064515,258.1290322580645,13885.0
20220701,15,0.71,16.937820512820508,73.34615384615384,7.053691275167785,0.1496732026143791,0.43137254901960786,13.52980132450331,47937.18120805369,4.069677419354837,255.61290322580646,13488.0
20220701,16,0.5,17.021794871794867,71.8076923076923,6.684563758389261,0.22810457516339874,0.38562091503267976,15.37748344370861,52135.10067114094,3.855483870967744,256.1290322580645,11413.75
20220701,17,0.26,17.119871794871795,70.30128205128206,5.885906040268456,0.05359477124183007,0.32679738562091504,20.344370860927153,54133.355704697984,3.6451612903225805,252.4516129032258,8526.0
20220701,18,0.0,16.886538461538464,70.76282051282051,5.375838926174497,0.016339869281045753,0.28104575163398693,23.364238410596027,55218.657718120805,3.425161290322581,249.29032258064515,4661.75
20220701,19,-0.26,16.121794871794872,74.50641025641026,4.422818791946309,0.012418300653594772,0.2222222222222222,26.94701986754967,54923.154362416106,2.9748387096774196,235.8709677419355,1517.0
20220701,20,-0.5,14.78397435897436,80.49358974358974,3.912751677852349,0.03333333333333333,0.1568627450980392,7.271523178807947,49515.70469798658,2.56,220.90322580645162,128.75
20220701,21,-0.71,13.857051282051284,84.5448717948718,3.221476510067114,0.011111111111111112,0.1503267973856209,0,43861.342281879195,2.289677419354838,205.93548387096774,0.25
20220701,22,-0.87,13.214743589743588,86.77564102564102,2.879194630872483,0.02810457516339869,0.10457516339869281,0,40086.24161073825,2.2193548387096786,204.96774193548387,0.0
20220701,23,-0.97,12.550641025641028,88.7948717948718,1.9328859060402686,0.04640522875816993,0.0784313725490196,0,36991.342281879195,2.1774193548387095,200.32258064516128,0.0
20220702,00,-1.0,12.078846153846156,89.8974358974359,1.9395973154362416,0.024836601307189544,0.0718954248366013,0,34856.778523489935,2.1232258064516114,193.61290322580646,0.0
20220702,01,-0.97,11.646794871794876,90.6025641025641,1.7315436241610738,0.01764705882352941,0.0392156862745098,0,32125.36912751678,2.050967741935484,187.48387096774192,0.0
20220702,02,-0.87,11.255128205128203,91.65384615384616,1.516778523489933,0.0006535947712418301,0.032679738562091505,0,30323.892617449663,1.9851612903225806,184.90322580645162,0.0
20220702,03,-0.71,10.91346153846154,92.41025641025641,1.308724832214765,0.0006535947712418301,0.0457516339869281,0.0,27801.006711409394,1.9387096774193555,178.96774193548387,3.75
20220702,04,-0.5,11.049358974358977,91.73717948717949,1.221476510067114,0.0013071895424836603,0.0718954248366013,9.813333333333333,28237.58389261745,1.9658064516129032,175.16129032258064,333.75
20220702,05,-0.26,12.688461538461533,86.6025641025641,0.8456375838926175,0.0032679738562091504,0.0718954248366013,49.13333333333333,34674.22818791946,1.9561290322580633,167.8709677419355,2600.5
20220702,06,-0.0,14.682692307692314,79.69871794871794,0.6442953020134228,0.0,0.0457516339869281,55.44,44531.208053691276,2.1154838709677426,175.80645161290323,8275.25
20220702,07,0.26,16.702564102564107,71.01282051282051,0.44966442953020136,0.0,0.0,57.00666666666667,52275.57046979866,2.4967741935483874,177.2258064516129,16432.5
20220702,08,0.5,18.386538461538457,62.044871794871796,0.5704697986577181,0.0,0.0,57.833333333333336,58041.74496644295,2.9270967741935503,177.29032258064515,24999.0
20220702,09,0.71,19.728846153846156,54.23717948717949,1.1073825503355705,0.0,0.0,56.26,58794.36241610738,3.344516129032255,181.3548387096774,31584.0
20220702,10,0.87,20.734838709677415,49.096774193548384,1.8175675675675675,0.0,0.0,54.577181208053695,60155.0,3.625974025974026,182.90322580645162,34715.25
20220702,11,0.97,21.605161290322584,45.9741935483871,2.175675675675676,0.0,0.006578947368421052,52.27333333333333,61643.31081081081,3.662337662337663,175.9090909090909,36516.0
20220702,12,1.0,22.34838709677419,43.56774193548387,2.0405405405405403,0.0,0.0,51.93333333333333,61161.62162162162,3.6571428571428566,179.2207792207792,36842.5
20220702,13,0.97,23.13677419354838,41.696774193548386,1.972972972972973,0.0,0.0,53.20666666666666,63425.27027027027,3.6396103896103895,174.15584415584416,35988.75
20220702,14,0.87,23.625161290322595,40.60645161290323,1.9932432432432432,0.0,0.0,53.99333333333333,62544.66216216216,3.5350649350649332,169.4805194805195,33175.25
20220702,15,0.71,23.883870967741938,40.49677419354839,1.912162162162162,0.0,0.0,53.72666666666667,62838.04054054054,3.49935064935065,155.3896103896104,28823.0
20220702,16,0.5,23.981935483870963,40.406451612903226,1.722972972972973,0.0,0.0,55.46666666666667,62708.17567567567,3.4350649350649336,155.45454545454547,22060.25
20220702,17,0.26,23.76967741935484,41.0258064516129,1.4932432432432432,0.0,0.0,56.233333333333334,64335.60810810811,3.194155844155845,156.62337662337663,13513.0
20220702,18,0.0,23.076774193548385,43.73548387096774,1.195945945945946,0.0,0.0,56.486666666666665,65472.09459459459,2.9629870129870124,145.71428571428572,5820.25
20220702,19,-0.26,21.385806451612904,50.66451612903226,1.3918918918918919,0.0,0.0,50.36,67307.83783783784,2.522727272727273,139.67532467532467,1686.75
20220702,20,-0.5,18.990967741935485,60.14193548387097,1.5945945945945945,0.0,0.0,10.733333333333333,62104.18918918919,2.227922077922077,133.57142857142858,133.5
20220702,21,-0.71,17.67870967741936,65.14193548387097,1.6756756756756757,0.0,0.006578947368421052,0,63209.25675675676,2.213636363636364,130.12987012987014,0.25
20220702,22,-0.87,16.781935483870974,68.84516129032258,1.6824324324324325,0.0,0.019736842105263157,0,62902.22972972973,2.2707792207792212,136.23376623376623,0.0
20220702,23,-0.97,16.05677419354838,72.30322580645161,1.804054054054054,0.002631578947368421,0.046052631578947366,0,60881.14864864865,2.324025974025974,139.41558441558442,0.0
20220703,00,-1.0,15.589032258064524,74.2258064516129,2.175675675675676,0.003947368421052632,0.02631578947368421,0,58786.08108108108,2.2967532467532465,150.0,0.0
20220703,01,-0.97,15.16322580645162,75.91612903225807,2.2905405405405403,0.0,0.02631578947368421,0,57346.35135135135,2.3253246753246772,146.1038961038961,0.0
20220703,02,-0.87,14.745161290322583,77.4258064516129,2.22972972972973,0.0,0.006578947368421052,0,56137.56756756757,2.2259740259740264,154.41558441558442,0.0
20220703,03,-0.71,14.309677419354841,78.74193548387096,2.0878378378378377,0.0006578947368421052,0.02631578947368421,0.0,54520.87837837838,2.175974025974026,165.3896103896104,2.75
20220703,04,-0.5,14.345161290322574,78.92258064516129,1.722972972972973,0.004605263157894736,0.013157894736842105,9.41891891891892,54723.04054054054,2.116883116883117,165.5194805194805,331.0
20220703,05,-0.26,16.049677419354833,72.95483870967742,1.8175675675675675,0.0013157894736842105,0.013157894736842105,45.263513513513516,54746.01351351351,2.091558441558442,169.93506493506493,2558.75
20220703,06,-0.0,18.28322580645161,65.75483870967741,1.5743243243243243,0.0,0.0,53.87248322147651,57615.0,2.1974025974025975,173.37662337662337,8257.5
20220703,07,0.26,20.410322580645165,58.6,1.2972972972972974,0.0,0.006578947368421052,55.919463087248324,58434.72972972973,2.5370129870129867,186.16883116883116,16515.75
20220703,08,0.5,22.24709677419355,52.76774193548387,1.364864864864865,0.0,0.013157894736842105,56.95302013422819,58817.22972972973,2.8363636363636355,199.54545454545453,24714.0
20220703,09,0.71,23.634838709677418,47.92258064516129,1.337837837837838,0.0,0.006578947368421052,57.02684563758389,61643.44594594595,2.9993506493506477,216.42857142857142,31047.25
20220703,10,0.87,24.622580645161275,44.038709677419355,1.7702702702702702,0.0,0.006578947368421052,56.351351351351354,59705.13513513513,3.1292207792207782,220.25974025974025,34657.5
20220703,11,0.97,25.38516129032257,42.12258064516129,2.1283783783783785,0.0,0.0,54.1744966442953,60079.39189189189,3.3168831168831168,225.3896103896104,36043.75
20220703,12,1.0,26.030967741935477,40.39354838709677,2.4932432432432434,0.0,0.0,51.32214765100671,60544.05405405405,3.425324675324675,226.36363636363637,35672.75
20220703,13,0.97,26.458709677419357,38.89032258064516,2.7364864864864864,0.0,0.0,49.95333333333333,61640.27027027027,3.6038961038961053,234.74025974025975,33876.0
20220703,14,0.87,26.681290322580647,39.07096774193548,3.0135135135135136,0.024999999999999998,0.02631578947368421,47.74666666666667,61285.06756756757,3.7409090909090894,231.1038961038961,30710.25
20220703,15,0.71,26.725161290322568,39.225806451612904,3.175675675675676,0.025657894736842105,0.05921052631578947,46.486666666666665,62936.82432432433,3.7318181818181815,234.15584415584416,25853.75
20220703,16,0.5,26.325161290322583,40.03225806451613,3.1621621621621623,0.02631578947368421,0.039473684210526314,44.4,62038.44594594595,3.7668831168831187,242.07792207792207,19193.0
20220703,17,0.26,25.671612903225796,42.41935483870968,3.1486486486486487,0.05263157894736842,0.06578947368421052,42.49333333333333,62358.04054054054,3.6818181818181825,243.1818181818182,11829.25
20220703,18,0.0,24.57419354838709,46.73548387096774,3.0135135135135136,0.0888157894736842,0.08552631578947369,42.70666666666666,61684.86486486487,3.478571428571428,248.1818181818182,5335.5
20220703,19,-0.26,22.55032258064516,53.9741935483871,2.9054054054054053,0.12631578947368421,0.14473684210526316,37.66,62040.06756756757,3.046103896103896,246.88311688311688,1596.75
20220703,20,-0.5,20.452597402597394,61.18181818181818,2.4285714285714284,0.07434210526315789,0.13815789473684212,6.966442953020135,59252.78911564626,2.7189542483660136,238.7012987012987,129.0
20220703,21,-0.71,19.138311688311685,66.3961038961039,2.795918367346939,0.05657894736842105,0.09868421052631579,0,59707.551020408166,2.69607843137255,245.4248366013072,0.25
20220703,22,-0.87,18.15974025974026,69.96103896103897,2.836734693877551,0.046052631578947366,0.07894736842105263,0,57334.28571428572,2.724836601307189,253.66013071895424,0.0
20220703,23,-0.97,17.31298701298702,73.1038961038961,3.0,0.08684210526315789,0.10526315789473684,0,56389.115646258506,2.780392156862744,249.01960784313727,0.0
20220704,00,-1.0,16.55909090909092,75.96753246753246,3.36734693877551,0.12171052631578948,0.1118421052631579,0,54612.448979591834,2.716339869281045,258.75816993464053,0.0
20220704,01,-0.97,15.866883116883123,78.63636363636364,3.3333333333333335,0.08355263157894735,0.13157894736842105,0,52989.5918367347,2.661437908496733,254.31372549019608,0.0
20220704,02,-0.87,15.246753246753247,80.92207792207792,3.360544217687075,0.03092105263157895,0.09868421052631579,0,50960.204081632655,2.437908496732026,255.94771241830065,0.0
20220704,03,-0.71,14.661038961038962,83.33766233766234,2.9863945578231292,0.03881578947368421,0.07894736842105263,0.0,48470.34013605442,2.4503267973856206,251.11111111111111,3.75
20220704,04,-0.5,14.535064935064936,84.24675324675324,2.8979591836734695,0.04934210526315789,0.05263157894736842,6.587837837837838,48303.537414965984,2.4176470588235284,241.69934640522877,301.75
20220704,05,-0.26,15.510389610389604,81.0909090909091,2.619047619047619,0.01842105263157895,0.07236842105263158,34.851351351351354,48720.884353741494,2.5039215686274514,235.81699346405227,2254.25
20220704,06,-0.0,16.762580645161282,75.8258064516129,3.027027027027027,0.017105263157894738,0.10526315789473684,41.46621621621622,51437.83783783784,2.7474025974025977,242.66233766233765,7015.75
20220704,07,0.26,17.90064516129034,69.68387096774194,3.6621621621621623,0.019078947368421053,0.08552631578947369,42.58389261744966,54630.67567567567,3.1396103896103886,247.01298701298703,13531.5
20220704,08,0.5,18.960256410256413,63.82051282051282,3.912751677852349,0.020394736842105268,0.07236842105263158,41.07382550335571,58409.12751677852,3.3406451612903223,247.03225806451613,20136.25
20220704,09,0.71,20.005769230769225,58.85897435897436,4.02013422818792,0.0026143790849673205,0.058823529411764705,42.973333333333336,59017.31543624161,3.301935483870968,255.5483870967742,26420.5
20220704,10,0.87,20.98910256410257,54.416666666666664,3.8993288590604025,0.011111111111111112,0.0392156862745098,44.36666666666667,59627.6,3.4058064516129023,260.4516129032258,30184.75
20220704,11,0.97,21.8198717948718,50.794871794871796,4.053691275167785,0.0019607843137254906,0.058823529411764705,43.25165562913907,60950.86666666667,3.630967741935484,262.1290322580645,31719.5
20220704,12,1.0,22.52387096774194,48.30967741935484,3.75,0.003921568627450981,0.0457516339869281,45.586666666666666,61497.38255033557,3.6793548387096755,260.1290322580645,32609.0
20220704,13,0.97,23.01354838709679,46.42580645161291,4.081081081081081,0.013071895424836602,0.026143790849673203,44.68,58791.07382550336,3.7012987012987013,262.5974025974026,31318.5
20220704,14,0.87,23.407741935483877,44.47096774193548,4.216216216216216,0.0006535947712418301,0.032679738562091505,45.54,60793.89261744967,3.7759740259740258,269.4805194805195,28708.25
20220704,15,0.71,23.464516129032248,44.31612903225806,4.27027027027027,0.06143790849673203,0.0392156862745098,43.913333333333334,61483.89261744967,3.8162337662337658,279.61038961038963,24151.75
20220704,16,0.5,23.33548387096775,43.825806451612905,4.304054054054054,0.00196078431372549,0.026143790849673203,44.28666666666667,61737.51677852349,3.8090909090909086,280.5844155844156,18228.25
20220704,17,0.26,22.711612903225802,45.729032258064514,4.155405405405405,0.05555555555555555,0.05228758169934641,43.32,62383.221476510065,3.7129870129870097,285.5194805194805,11208.0
20220704,18,0.0,21.850967741935484,48.50967741935484,3.9121621621621623,0.11895424836601307,0.0718954248366013,41.5,62137.04697986577,3.4935064935064943,272.2077922077922,5285.0
20220704,19,-0.26,20.42645161290322,53.903225806451616,3.6621621621621623,0.17058823529411765,0.0784313725490196,38.153333333333336,63483.959731543626,3.0915584415584414,270.06493506493507,1620.0
20220704,20,-0.5,18.413548387096775,61.38709677419355,3.2972972972972974,0.05424836601307189,0.08496732026143791,8.473333333333333,59314.093959731545,2.6077922077922078,266.8831168831169,143.25
20220704,21,-0.71,17.07483870967741,66.5741935483871,3.2027027027027026,0.05816993464052288,0.09803921568627451,0,58555.70469798658,2.336363636363636,237.98701298701297,0.25
20220704,22,-0.87,16.193548387096776,69.7741935483871,3.4527027027027026,0.17777777777777776,0.06535947712418301,0,57102.281879194634,2.3279220779220764,242.53246753246754,0.0
20220704,23,-0.97,15.409032258064514,72.68387096774194,3.4527027027027026,0.10065359477124185,0.08496732026143791,0,57357.18120805369,2.2344155844155855,223.11688311688312,0.0
20220705,00,-1.0,14.783870967741933,74.98709677419355,3.4121621621621623,0.07647058823529412,0.1111111111111111,0,56100.604026845635,2.192207792207793,226.55844155844156,0.0
20220705,01,-0.97,14.203870967741938,77.47741935483872,3.2094594594594597,0.08104575163398692,0.09803921568627451,0,54927.44966442953,2.0850649350649353,230.19480519480518,0.0
20220705,02,-0.87,13.581290322580648,79.96774193548387,2.891891891891892,0.02810457516339869,0.0718954248366013,0,52506.040268456374,2.0889610389610387,224.4805194805195,0.0
20220705,03,-0.71,13.047741935483872,81.96774193548387,2.9324324324324325,0.016339869281045753,0.058823529411764705,0.0,50266.97986577181,1.9448051948051948,220.9090909090909,2.25
20220705,04,-0.5,13.030322580645157,82.15483870967742,2.6621621621621623,0.022222222222222223,0.06535947712418301,5.304054054054054,49574.161073825504,1.918181818181819,229.80519480519482,288.5
20220705,05,-0.26,14.578064516129032,76.70322580645161,2.168918918918919,0.01241830065359477,0.0392156862745098,38.7972972972973,51108.38926174497,1.8733766233766238,230.19480519480518,2380.75
20220705,06,-0.0,16.51217948717949,68.83333333333333,1.9256756756756757,0.054901960784313725,0.0196078431372549,47.641891891891895,52550.671140939594,2.0370129870129863,236.62337662337663,7713.75
20220705,07,0.26,18.193589743589733,62.256410256410255,2.0337837837837838,0.07516339869281045,0.026143790849673203,49.80536912751678,55616.10738255033,2.364935064935066,240.71428571428572,15486.0
20220705,08,0.5,19.47820512820513,56.46153846153846,2.6621621621621623,0.023529411764705882,0.0457516339869281,49.32214765100671,56924.161073825504,2.758441558441558,246.2987012987013,22936.75
20220705,09,0.71,20.519230769230774,51.34615384615385,3.054054054054054,0.0058823529411764705,0.0392156862745098,47.328859060402685,57667.38255033557,3.1116883116883125,266.1038961038961,28377.25
20220705,10,0.87,21.245512820512808,47.64102564102564,3.777027027027027,0.0026143790849673205,0.05228758169934641,43.346666666666664,59174.4966442953,3.4597402597402596,282.72727272727275,30372.0
20220705,11,0.97,21.858333333333334,44.6474358974359,3.777027027027027,0.0026143790849673205,0.026143790849673203,41.25165562913907,59979.328859060406,3.789610389610389,282.53246753246754,30874.25
20220705,12,1.0,22.293589743589756,42.96153846153846,3.72972972972973,0.013725490196078431,0.0457516339869281,40.74834437086093,58334.42953020134,4.0857142857142845,285.06493506493507,30823.75
20220705,13,0.97,22.707006369426754,41.611464968152866,4.006711409395973,0.020261437908496733,0.0457516339869281,41.553333333333335,60964.105960264904,4.201948051948052,286.0897435897436,30397.75
20220705,14,0.87,22.954777070063702,40.53503184713376,3.966666666666667,0.0006493506493506494,0.03896103896103896,41.26973684210526,60814.76821192053,4.255769230769231,288.97435897435895,27805.5
20220705,15,0.71,22.829936305732495,40.92356687898089,4.152317880794702,0.0012987012987012987,0.025974025974025976,39.35294117647059,61034.17218543046,4.303846153846155,292.5,23733.25
20220705,16,0.5,22.625477707006354,41.21656050955414,3.9271523178807946,0.0,0.01948051948051948,38.712418300653596,62224.37086092715,4.232692307692308,295.12820512820514,17999.75
20220705,17,0.26,22.09490445859872,42.547770700636946,3.7218543046357615,0.0006493506493506494,0.032467532467532464,39.169934640522875,62883.90728476821,4.226923076923076,299.93589743589746,11424.25
20220705,18,0.0,21.14012738853503,45.52229299363057,3.6953642384105962,0.004545454545454545,0.045454545454545456,36.666666666666664,63493.50993377483,4.048717948717947,299.2307692307692,5323.5
20220705,19,-0.26,19.69108280254776,50.77707006369427,4.152317880794702,0.0,0.032467532467532464,28.790849673202615,62543.24503311258,3.53974358974359,298.14102564102564,1642.25
20220705,20,-0.5,17.926114649681537,57.210191082802545,4.311258278145695,0.0,0.045454545454545456,3.8823529411764706,59176.49006622517,2.991666666666665,288.65384615384613,123.5
20220705,21,-0.71,16.706369426751603,61.93630573248408,4.218543046357616,0.011688311688311689,0.05194805194805195,0,60965.3642384106,2.725641025641026,279.4230769230769,0.25
20220705,22,-0.87,15.821019108280256,65.73885350318471,4.211920529801325,0.07857142857142857,0.11038961038961038,0,59437.54966887417,2.7249999999999996,270.2564102564103,0.0
20220705,23,-0.97,15.034394904458596,69.53503184713375,3.966887417218543,0.06818181818181818,0.09740259740259741,0,58259.00662251656,2.6679487179487174,262.5,0.0
20220706,00,-1.0,14.282165605095543,72.59235668789809,3.9072847682119205,0.07402597402597402,0.12337662337662338,0,57125.76158940397,2.7198717948717923,262.1794871794872,0.0
20220706,01,-0.97,13.619745222929934,75.45222929936305,3.8211920529801326,0.04415584415584416,0.1038961038961039,0,55999.33774834437,2.650641025641026,256.7307692307692,0.0
20220706,02,-0.87,13.089808917197452,78.0,3.880794701986755,0.014935064935064937,0.11688311688311688,0,53997.48344370861,2.678205128205129,258.14102564102564,0.0
20220706,03,-0.71,12.60254777070064,80.06369426751593,4.132450331125828,0.03311688311688312,0.13636363636363635,0.0,50985.23178807947,2.6346153846153837,260.5128205128205,1.5
20220706,04,-0.5,12.445859872611464,80.84713375796179,3.801324503311258,0.011688311688311687,0.12337662337662338,2.0915032679738563,49594.6357615894,2.630128205128205,257.7564102564103,271.75
20220706,05,-0.26,13.33885350318471,77.59235668789809,4.423841059602649,0.017532467532467535,0.11038961038961038,23.41830065359477,51722.25165562914,2.774838709677419,277.03225806451616,2366.0
20220706,06,-0.0,14.493630573248408,72.45859872611464,4.821192052980132,0.024675324675324673,0.12337662337662338,31.66013071895425,54104.30463576159,3.035483870967742,276.79487179487177,7083.75
20220706,07,0.26,15.628662420382167,66.89808917197452,5.039735099337748,0.05555555555555555,0.10457516339869281,32.588235294117645,55791.7880794702,3.481290322580643,286.19354838709677,13814.0
20220706,08,0.5,16.600000000000005,61.97435897435897,5.344370860927152,0.05259740259740261,0.09740259740259741,34.33986928104575,56840.333333333336,3.578205128205126,283.46153846153845,20196.25
20220706,09,0.71,17.39358974358973,57.44230769230769,5.847682119205298,0.01883116883116883,0.07142857142857142,31.758169934640524,57320.066666666666,3.7506410256410274,280.2564102564103,24390.5
20220706,10,0.87,18.045512820512823,53.61538461538461,5.833333333333333,0.0012987012987012987,0.09090909090909091,29.562091503267975,57547.13333333333,4.0374193548387085,287.4193548387097,26229.5
20220706,11,0.97,18.714102564102575,50.56410256410256,5.74,0.0006493506493506494,0.07792207792207792,31.34640522875817,59218.2,4.33290322580645,288.06451612903226,27921.5
20220706,12,1.0,19.23717948717949,48.22435897435897,5.771812080536913,0.0,0.032679738562091505,33.033112582781456,60030.73333333333,4.463636363636364,285.16129032258067,28955.0
20220706,13,0.97,19.646794871794867,46.76282051282051,5.657718120805369,0.0,0.0392156862745098,33.741721854304636,60846.333333333336,4.56948051948052,288.57142857142856,28704.75
20220706,14,0.87,19.842038216560507,45.70700636942675,5.894039735099338,0.0,0.006535947712418301,33.88079470198676,61018.079470198674,4.636129032258065,290.19354838709677,26356.75
20220706,15,0.71,19.798089171974514,45.89808917197452,6.158940397350993,0.0,0.025974025974025976,31.03921568627451,61396.02649006622,4.646451612903225,289.48387096774195,21778.25
20220706,16,0.5,19.54458598726115,46.796178343949045,6.2052980132450335,0.0006493506493506494,0.05844155844155844,30.03921568627451,61529.20529801324,4.62064516129032,290.3225806451613,16314.75
20220706,17,0.26,19.06942675159235,48.43312101910828,6.039735099337748,0.006493506493506494,0.09090909090909091,28.627450980392158,61510.06622516556,4.5193548387096785,292.5806451612903,10293.0
20220706,18,0.0,18.389171974522295,50.78343949044586,6.132450331125828,0.042207792207792215,0.09740259740259741,26.54901960784314,61711.72185430463,4.154193548387097,293.8709677419355,4863.5
20220706,19,-0.26,17.16815286624204,55.70063694267516,6.013245033112582,0.09935064935064934,0.14935064935064934,19.19607843137255,60636.82119205298,3.58896103896104,288.24675324675326,1513.5
20220706,20,-0.5,15.770700636942678,62.044585987261144,6.410596026490066,0.08116883116883115,0.2012987012987013,1.908496732026144,56935.165562913906,2.981818181818181,279.2207792207792,102.5
20220706,21,-0.71,14.772611464968154,67.14012738853503,6.450331125827814,0.07792207792207793,0.24025974025974026,0,55138.54304635762,2.742857142857143,261.2987012987013,0.0
20220706,22,-0.87,14.173248407643314,70.21656050955414,6.443708609271523,0.12337662337662335,0.2727272727272727,0,53788.47682119205,2.6798701298701295,244.54545454545453,0.0
20220706,23,-0.97,13.802547770700631,72.81528662420382,6.675496688741722,0.1712418300653595,0.35294117647058826,0,52105.29801324503,2.7246753246753235,239.54545454545453,0.0
20220707,00,-1.0,13.571974522293,75.30573248407643,6.933774834437086,0.14183006535947718,0.41830065359477125,0,48935.43046357616,2.753246753246756,237.01298701298703,0.0
20220707,01,-0.97,13.35859872611464,77.43312101910828,7.039735099337748,0.1383116883116883,0.461038961038961,0,47025.69536423841,2.886363636363636,228.7012987012987,0.0
20220707,02,-0.87,13.168789808917197,80.18471337579618,7.211920529801325,0.1980392156862745,0.5294117647058824,0,42449.33774834437,2.997402597402597,234.15584415584416,0.0
20220707,03,-0.71,13.05668789808917,82.12738853503184,7.271523178807947,0.2954248366013072,0.5686274509803921,0.0,37393.377483443706,3.1318181818181814,222.70967741935485,0.25
20220707,04,-0.5,13.105732484076432,83.73885350318471,7.357615894039735,0.3777777777777779,0.6274509803921569,0.0457516339869281,35504.56953642384,3.277419354838711,227.80645161290323,88.5
20220707,05,-0.26,13.422292993630574,84.01910828025478,7.397350993377484,0.4176470588235294,0.6405228758169934,1.4379084967320261,33532.51655629139,3.3967741935483873,230.51612903225808,951.75
20220707,06,-0.0,13.87770700636943,83.45859872611464,7.317880794701987,0.4549019607843138,0.6862745098039216,3.372549019607843,33636.82119205298,3.586451612903226,234.58064516129033,2810.75
20220707,07,0.26,14.487261146496822,82.20382165605096,7.446666666666666,0.47581699346405226,0.7058823529411765,4.0588235294117645,35652.18543046358,3.9896774193548388,240.38709677419354,5430.75
20220707,08,0.5,14.999363057324839,81.45222929936305,7.570469798657718,0.41111111111111126,0.7189542483660131,4.215686274509804,36169.60264900662,4.340000000000003,246.83870967741936,8228.25
20220707,09,0.71,15.486624203821659,80.87898089171975,7.586666666666667,0.3736842105263158,0.8026315789473685,3.8562091503267975,36885.894039735096,4.6000000000000005,256.9230769230769,10894.25
20220707,10,0.87,15.85987261146497,80.4140127388535,7.688741721854305,0.29215686274509806,0.803921568627451,4.359477124183006,40352.11920529801,4.9243589743589755,261.85897435897436,12547.0
20220707,11,0.97,16.28343949044586,78.99363057324841,7.629139072847682,0.2640522875816994,0.7712418300653595,5.594771241830065,41371.12582781457,5.016025641025643,268.0769230769231,13597.75
20220707,12,1.0,16.681528662420373,77.36305732484077,7.629139072847682,0.2529411764705883,0.738562091503268,5.849673202614379,42372.91390728477,5.115384615384618,274.61538461538464,14053.0
20220707,13,0.97,16.839490445859866,76.29936305732484,7.596026490066225,0.23529411764705888,0.6601307189542484,5.651315789473684,44409.801324503314,5.207096774193552,280.258064516129,14181.75
20220707,14,0.87,16.99554140127388,75.59235668789809,7.6066666666666665,0.22352941176470595,0.6535947712418301,5.3509933774834435,44455.23178807947,5.240909090909092,282.8205128205128,13223.5
20220707,15,0.71,16.992993630573253,75.34394904458598,7.5,0.15163398692810454,0.6470588235294118,5.953642384105961,43655.496688741725,5.294805194805197,286.15384615384613,11979.25
20220707,16,0.5,16.81910828025477,75.73885350318471,7.582781456953643,0.19542483660130722,0.5555555555555556,5.203947368421052,44853.97350993378,5.286451612903221,291.4193548387097,9549.5
20220707,17,0.26,16.56751592356688,75.77707006369427,7.377483443708609,0.2090909090909091,0.512987012987013,6.282894736842105,44198.27814569537,5.256129032258065,293.3974358974359,6096.25
20220707,18,0.0,16.11974522292994,76.5732484076433,7.33112582781457,0.16298701298701299,0.4675324675324675,5.9605263157894735,43117.94701986755,5.204516129032256,292.88461538461536,3193.25
20220707,19,-0.26,15.54585987261147,77.87261146496816,6.874172185430464,0.26623376623376627,0.37662337662337664,7.078947368421052,41710.26490066225,5.01290322580645,298.5806451612903,1098.5
20220707,20,-0.5,14.998089171974529,78.54140127388536,6.76158940397351,0.17597402597402598,0.3051948051948052,1.7828947368421053,40920.46357615894,4.840000000000001,299.4871794871795,87.75
20220707,21,-0.71,14.538853503184718,79.24203821656052,6.298013245033113,0.19155844155844154,0.2662337662337662,0,40229.07284768212,4.622580645161292,302.96774193548384,0.25
20220707,22,-0.87,14.128025477707006,79.55414012738854,6.251655629139073,0.16428571428571428,0.22077922077922077,0,40327.01986754967,4.586451612903226,300.258064516129,0.0
20220707,23,-0.97,13.782165605095548,80.00636942675159,6.0198675496688745,0.10000000000000002,0.17532467532467533,0,39343.112582781454,4.527096774193551,300.06451612903226,0.0
20220708,00,-1.0,13.415923566878979,80.45222929936305,5.940397350993377,0.01753246753246753,0.21428571428571427,0,39318.807947019865,4.33290322580645,294.83870967741933,0.0
20220708,01,-0.97,13.010191082802544,81.3312101910828,5.841059602649007,0.04285714285714286,0.2012987012987013,0,38791.7880794702,4.150322580645165,296.06451612903226,0.0
20220708,02,-0.87,12.642038216560518,82.09554140127389,5.874172185430464,0.0448051948051948,0.14935064935064934,0,37160.132450331126,3.9722580645161307,295.2903225806452,0.0
20220708,03,-0.71,12.27515923566879,82.8343949044586,5.960264900662252,0.012337662337662338,0.12337662337662338,0.0,36828.34437086093,3.8580645161290352,296.3225806451613,1.75
20220708,04,-0.5,12.098089171974516,83.2484076433121,5.887417218543046,0.00909090909090909,0.1038961038961039,2.138157894736842,36517.08609271523,3.656774193548386,287.2258064516129,205.75
20220708,05,-0.26,12.53949044585987,81.29299363057325,5.801324503311259,0.013636363636363634,0.08441558441558442,14.763157894736842,37155.165562913906,3.573548387096776,284.51612903225805,1881.75
20220708,06,-0.0,13.19745222929936,77.76433121019109,6.059602649006623,0.00909090909090909,0.09740259740259741,16.67105263157895,38225.03311258278,3.7064516129032263,282.9032258064516,5660.0
20220708,07,0.26,13.85605095541401,74.30573248407643,6.258278145695364,0.0038961038961038965,0.12337662337662338,17.75657894736842,39048.87417218543,4.064516129032256,283.0967741935484,10654.25
20220708,08,0.5,14.578980891719743,70.828025477707,6.629139072847682,0.01103896103896104,0.12987012987012986,16.467105263157894,41966.75496688742,4.167096774193549,281.2258064516129,14751.5
20220708,09,0.71,15.33757961783439,67.94904458598727,6.211920529801325,0.006493506493506494,0.15584415584415584,18.592105263157894,44309.73509933775,4.150322580645161,278.7096774193548,18637.0
20220708,10,0.87,16.1076433121019,65.3312101910828,5.9072847682119205,0.009090909090909094,0.16233766233766234,22.45394736842105,45926.953642384105,4.203870967741936,287.16129032258067,22167.25
20220708,11,0.97,16.961146496815278,62.71974522292994,5.516556291390729,0.006493506493506494,0.12987012987012986,24.57894736842105,47672.98013245033,4.250967741935481,285.16129032258067,24791.25
20220708,12,1.0,17.764331210191088,60.63057324840764,5.258278145695364,0.008441558441558443,0.11038961038961038,26.79605263157895,49656.291390728475,4.352903225806455,284.7741935483871,26216.0
20220708,13,0.97,18.60445859872612,58.318471337579616,5.0,0.0019480519480519483,0.14285714285714285,29.44736842105263,52783.90728476821,4.443870967741934,286.5806451612903,26841.5
20220708,14,0.87,19.12101910828025,56.88535031847134,4.920529801324503,0.0,0.07142857142857142,30.42763157894737,52545.496688741725,4.498709677419358,281.16129032258067,25614.75
20220708,15,0.71,19.51592356687899,55.802547770700635,4.7218543046357615,0.0006493506493506494,0.045454545454545456,32.13815789473684,55160.72847682119,4.601935483870969,281.35483870967744,22049.25
20220708,16,0.5,19.56751592356686,55.796178343949045,4.496688741721854,0.0,0.03896103896103896,34.171052631578945,57216.15894039735,4.598064516129032,284.1290322580645,17073.75
20220708,17,0.26,19.508917197452224,56.254777070063696,4.23841059602649,0.0,0.032467532467532464,35.98026315789474,57692.317880794704,4.468387096774195,286.83870967741933,11173.75
20220708,18,0.0,18.985987261146498,58.439490445859875,4.046357615894039,0.0006493506493506494,0.025974025974025976,36.026315789473685,58438.27814569537,4.1722580645161305,289.48387096774195,5301.5
20220708,19,-0.26,17.79426751592358,64.04458598726114,3.7350993377483444,0.0,0.045454545454545456,34.19736842105263,55685.894039735096,3.5587096774193534,274.5806451612903,1548.5
20220708,20,-0.5,16.21082802547771,70.99363057324841,3.76158940397351,0.0,0.032467532467532464,5.0855263157894735,53075.69536423841,2.8870967741935467,262.7096774193548,98.25
20220708,21,-0.71,15.187898089171977,76.0,3.8211920529801326,0.0006493506493506494,0.01948051948051948,0,50954.30463576159,2.710967741935483,247.5483870967742,0.25
20220708,22,-0.87,14.455414012738853,79.34394904458598,4.158940397350993,0.0019480519480519483,0.012987012987012988,0,50294.76821192053,2.6606451612903235,242.51612903225808,0.0
20220708,23,-0.97,13.891082802547777,81.94267515923566,4.622516556291391,0.0038961038961038965,0.025974025974025976,0,47913.44370860927,2.530322580645162,238.96774193548387,0.0
20220709,00,-1.0,13.419108280254775,84.01910828025478,5.079470198675497,0.0,0.012987012987012988,0,44755.76158940397,2.499354838709677,241.61290322580646,0.0
20220709,01,-0.97,13.050955414012742,85.57961783439491,5.423841059602649,0.0,0.03896103896103896,0,41804.105960264904,2.528387096774193,237.80645161290323,0.0
20220709,02,-0.87,12.791719745222927,87.06369426751593,5.913907284768212,0.001948051948051948,0.05194805194805195,0,39867.21854304636,2.4748387096774205,240.90322580645162,0.0
20220709,03,-0.71,12.633121019108273,88.19745222929936,6.490066225165563,0.0012987012987012987,0.07792207792207792,0.0,36778.54304635762,2.5122580645161294,237.09677419354838,0.25
20220709,04,-0.5,12.740764331210192,88.4968152866242,6.754966887417218,0.03896103896103896,0.07792207792207792,0.618421052631579,36537.15231788079,2.5032258064516126,245.09677419354838,193.75
20220709,05,-0.26,13.664331210191078,86.08917197452229,7.033112582781457,0.007142857142857142,0.1038961038961039,12.539473684210526,38647.54966887417,2.4929032258064505,241.09677419354838,1852.75
20220709,06,-0.0,14.900000000000004,81.4267515923567,7.311258278145695,0.018181818181818184,0.13636363636363635,17.25657894736842,41477.08609271523,2.638709677419356,247.09677419354838,5278.75
20220709,07,0.26,16.10382165605097,76.70700636942675,7.23841059602649,0.022077922077922082,0.13636363636363635,19.11842105263158,45153.24503311258,2.9567741935483873,256.64516129032256,9981.75
20220709,08,0.5,17.319108280254778,71.52866242038216,6.9072847682119205,0.0006493506493506494,0.12987012987012986,22.69078947368421,48363.97350993378,3.36258064516129,258.96774193548384,15394.5
20220709,09,0.71,18.309554140127386,67.04458598726114,6.741721854304636,0.014285714285714287,0.18181818181818182,23.605263157894736,54174.105960264904,3.705806451612904,269.48387096774195,20113.5
20220709,10,0.87,18.931210191082794,63.98089171974522,6.543046357615894,0.05649350649350649,0.2077922077922078,25.13157894736842,53831.85430463576,3.999354838709675,272.0,22204.75
20220709,11,0.97,19.516560509554132,61.30573248407644,6.231788079470198,0.08766233766233765,0.2012987012987013,24.776315789473685,56004.6357615894,4.2341935483870925,277.6774193548387,22633.75
20220709,12,1.0,20.057961783439488,58.31210191082803,6.066225165562914,0.1279220779220779,0.21428571428571427,26.289473684210527,57412.317880794704,4.484516129032257,279.35483870967744,23573.75
20220709,13,0.97,20.22866242038216,56.904458598726116,5.913907284768212,0.09480519480519481,0.22077922077922077,26.223684210526315,57224.6357615894,4.73741935483871,284.9032258064516,22692.25
20220709,14,0.87,20.295541401273894,56.802547770700635,6.033112582781457,0.14935064935064934,0.2532467532467532,25.467105263157894,56464.6357615894,4.878709677419353,292.3225806451613,20563.25
20220709,15,0.71,20.068789808917188,57.65605095541401,6.218543046357616,0.14675324675324677,0.2532467532467532,22.973684210526315,57983.046357615895,4.8199999999999985,291.03225806451616,17861.25
20220709,16,0.5,19.79999999999999,57.77707006369427,6.47682119205298,0.05649350649350649,0.18831168831168832,22.04605263157895,57295.894039735096,4.8922580645161275,291.03225806451616,13909.0
20220709,17,0.26,19.233121019108278,58.88535031847134,6.549668874172186,0.11493506493506493,0.24675324675324675,22.94078947368421,58389.07284768212,5.0438709677419356,296.4516129032258,8709.25
20220709,18,0.0,18.23121019108279,62.847133757961785,6.503311258278146,0.04870129870129869,0.2727272727272727,21.25657894736842,57701.920529801326,4.828387096774193,301.8709677419355,4145.0
20220709,19,-0.26,17.048407643312093,67.85987261146497,7.052980132450331,0.09281045751633987,0.24183006535947713,11.368421052631579,55356.02649006622,4.458709677419358,297.2258064516129,1298.25
20220709,20,-0.5,15.949681528662426,71.50955414012739,7.23841059602649,0.04705882352941177,0.2679738562091503,0.6907894736842105,52595.69536423841,4.133548387096773,281.48387096774195,105.75
20220709,21,-0.71,15.210828025477712,73.80891719745223,7.364238410596027,0.013725490196078431,0.21568627450980393,0,52340.66225165563,3.9612903225806444,279.0967741935484,0.25
20220709,22,-0.87,14.563057324840765,75.71974522292993,7.430463576158941,0.014379084967320266,0.2222222222222222,0,51738.87417218543,3.9167741935483886,282.1290322580645,0.0
20220709,23,-0.97,14.010191082802553,77.11464968152866,7.364238410596027,0.05098039215686274,0.20261437908496732,0,51087.41721854304,3.8870967741935467,287.93548387096774,0.0
20220710,00,-1.0,13.502547770700629,78.68152866242038,6.900662251655629,0.06428571428571428,0.23376623376623376,0,49334.23841059603,3.890322580645162,284.1290322580645,0.0
20220710,01,-0.97,13.117834394904452,79.62420382165605,7.006622516556291,0.023376623376623377,0.19480519480519481,0,47102.18543046358,3.8941935483870953,282.7741935483871,0.0
20220710,02,-0.87,12.654777070063691,81.15286624203821,6.76158940397351,0.018181818181818184,0.14285714285714285,0,43667.21854304636,3.8212903225806447,271.61290322580646,0.0
20220710,03,-0.71,12.335031847133752,81.61783439490446,6.490066225165563,0.007792207792207793,0.14935064935064934,0.0,44159.07284768212,3.791612903225806,271.2903225806452,0.5
20220710,04,-0.5,12.121019108280255,82.5859872611465,6.079470198675497,0.011038961038961041,0.14285714285714285,0.8543046357615894,42244.6357615894,3.790322580645162,272.06451612903226,194.75
20220710,05,-0.26,12.45350318471338,80.64331210191082,6.072847682119205,0.00974025974025974,0.13636363636363635,10.940397350993377,43826.49006622517,3.9199999999999995,284.83870967741933,1874.0
20220710,06,-0.0,13.053503184713376,76.98089171974522,6.218543046357616,0.007792207792207793,0.14935064935064934,16.09271523178808,44238.60927152318,4.349677419354836,288.7741935483871,5498.5
20220710,07,0.26,13.615286624203815,73.54140127388536,6.622516556291391,0.009740259740259742,0.18181818181818182,15.629139072847682,46257.08609271523,4.750322580645163,285.5483870967742,10215.0
20220710,08,0.5,14.361146496815282,68.98726114649682,6.874172185430464,0.018831168831168834,0.19480519480519481,15.754966887417218,47547.08609271523,4.932903225806451,290.38709677419354,14468.75
20220710,09,0.71,14.878343949044586,65.55414012738854,6.748344370860927,0.00974025974025974,0.2077922077922078,16.304635761589402,49542.11920529801,5.004516129032257,292.83870967741933,18241.5
20220710,10,0.87,15.586624203821668,62.089171974522294,6.509933774834437,0.005194805194805195,0.21428571428571427,18.71523178807947,51127.88079470199,5.108387096774194,294.258064516129,21223.25
20220710,11,0.97,16.340127388535034,59.095541401273884,6.1655629139072845,0.011038961038961041,0.13636363636363635,20.516556291390728,53739.27152317881,5.238709677419354,292.0,23135.75
20220710,12,1.0,16.859872611464976,57.05095541401274,6.211920529801325,0.00974025974025974,0.11688311688311688,23.072847682119207,55633.50993377483,5.291612903225807,299.16129032258067,24054.75
20220710,13,0.97,17.328662420382177,55.738853503184714,6.112582781456954,0.0058441558441558435,0.14935064935064934,23.695364238410598,55317.08609271523,5.3025806451612905,292.06451612903226,24152.75
20220710,14,0.87,17.601910828025474,55.3312101910828,5.940397350993377,0.013636363636363637,0.12987012987012986,25.655629139072847,56185.62913907285,5.250967741935484,293.16129032258067,22610.25
20220710,15,0.71,17.651592356687896,55.5796178343949,6.0198675496688745,0.011688311688311689,0.14935064935064934,24.794701986754966,56586.225165562915,5.155483870967742,296.06451612903226,19445.75
20220710,16,0.5,17.543312101910832,56.43312101910828,5.874172185430464,0.008441558441558443,0.15584415584415584,24.596026490066226,56927.28476821192,5.0206451612903225,294.7096774193548,14770.75
20220710,17,0.26,17.244585987261143,57.89808917197452,5.781456953642384,0.0058441558441558435,0.14285714285714285,22.801324503311257,57723.84105960265,4.7380645161290325,295.35483870967744,9407.75
20220710,18,0.0,16.70828025477707,60.88535031847134,5.913907284768212,0.014935064935064933,0.16883116883116883,20.410596026490065,58382.71523178808,4.3509677419354835,298.51612903225805,4393.75
20220710,19,-0.26,15.824840764331215,65.36942675159236,5.821192052980132,0.009090909090909092,0.12337662337662338,17.71523178807947,57860.132450331126,3.758064516129033,288.3225806451613,1281.25
20220710,20,-0.5,14.733121019108282,71.05732484076434,5.456953642384106,0.01753246753246753,0.14285714285714285,3.0794701986754967,55166.82119205298,3.149677419354837,276.258064516129,69.0
20220710,21,-0.71,13.996815286624201,75.19108280254777,5.298013245033113,0.016883116883116885,0.14935064935064934,0,53791.39072847682,2.7600000000000002,262.96774193548384,0.25
20220710,22,-0.87,13.513375796178343,77.75796178343948,5.324503311258278,0.023376623376623377,0.14285714285714285,0,53471.85430463576,2.6554838709677417,256.51612903225805,0.0
20220710,23,-0.97,13.078343949044584,80.2547770700637,5.291390728476821,0.024675324675324673,0.13636363636363635,0,51649.73509933775,2.57741935483871,259.6774193548387,0.0
20220711,00,-1.0,12.701910828025477,82.77070063694268,5.291390728476821,0.024675324675324673,0.14935064935064934,0,48543.046357615895,2.4761290322580662,253.29032258064515,0.0
20220711,01,-0.97,12.438216560509556,84.45859872611464,5.298013245033113,0.01883116883116883,0.14935064935064934,0,46181.85430463576,2.4303225806451607,254.0,0.0
20220711,02,-0.87,12.119108280254776,86.30573248407643,5.456953642384106,0.014285714285714287,0.17532467532467533,0,44303.5761589404,2.3348387096774186,254.70967741935485,0.0
20220711,03,-0.71,11.957324840764329,87.70700636942675,5.894039735099338,0.013636363636363637,0.12337662337662338,0.0,42765.43046357616,2.234193548387095,256.96774193548384,0.25
20220711,04,-0.5,12.015286624203814,88.03184713375796,5.741721854304636,0.019480519480519487,0.18181818181818182,3.6688741721854305,42205.03311258278,2.231612903225807,259.6774193548387,207.0
20220711,05,-0.26,12.814649681528657,85.68152866242038,5.576158940397351,0.014935064935064937,0.18831168831168832,17.94039735099338,41391.58940397351,2.284516129032259,259.2903225806452,1812.75
20220711,06,-0.0,13.957961783439494,81.46496815286625,5.450331125827814,0.03441558441558442,0.23376623376623376,21.43046357615894,45483.44370860927,2.4845161290322593,269.61290322580646,5665.25
20220711,07,0.26,14.96560509554141,76.62420382165605,5.886666666666667,0.04901960784313725,0.23529411764705882,22.225165562913908,47340.0,2.7283870967741937,264.1290322580645,10838.25
20220711,08,0.5,15.901273885350319,72.10191082802548,5.78,0.028104575163398687,0.22875816993464052,24.602649006622517,50023.90728476821,3.0161290322580636,267.4193548387097,15940.75
20220711,09,0.71,16.745222929936304,68.52229299363057,5.76,0.022875816993464058,0.24836601307189543,25.774834437086092,51932.25165562914,3.134838709677421,275.2258064516129,19599.25
20220711,10,0.87,17.590445859872627,65.1656050955414,5.894039735099338,0.014935064935064933,0.22077922077922077,25.24503311258278,55247.48344370861,3.1825806451612912,268.96774193548384,21559.5
20220711,11,0.97,18.336942675159232,62.48407643312102,5.8933333333333335,0.00392156862745098,0.1830065359477124,25.873333333333335,58219.53333333333,3.301935483870969,270.19354838709677,22922.5
20220711,12,1.0,18.9624203821656,59.70063694267516,5.6866666666666665,0.0013071895424836603,0.13071895424836602,26.246666666666666,60155.6,3.4467948717948707,275.38461538461536,23950.75
20220711,13,0.97,19.48789808917198,57.847133757961785,5.867549668874172,0.0071428571428571435,0.11688311688311688,27.746666666666666,60165.82781456954,3.464743589743589,268.0128205128205,24054.25
20220711,14,0.87,19.877707006369427,57.031847133757964,5.496688741721854,0.006493506493506494,0.12337662337662338,27.29139072847682,59972.51655629139,3.5429487179487205,275.06410256410254,22778.25
20220711,15,0.71,20.117197452229306,56.36942675159236,5.251655629139073,0.0006493506493506494,0.1038961038961039,28.2317880794702,61807.54966887417,3.5365384615384627,263.46153846153845,19598.0
20220711,16,0.5,20.133121019108277,56.51592356687898,5.099337748344371,0.0006493506493506494,0.08441558441558442,28.490066225165563,62184.90066225165,3.57051282051282,266.9871794871795,15082.75
20220711,17,0.26,19.873885350318464,57.318471337579616,5.033112582781457,0.001948051948051948,0.05844155844155844,29.980132450331126,63270.92715231788,3.503846153846154,255.3846153846154,9879.75
20220711,18,0.0,19.271974522292993,60.00636942675159,4.3509933774834435,0.0006493506493506494,0.05844155844155844,32.079470198675494,63933.046357615895,3.3262820512820506,252.24358974358975,4831.5
20220711,19,-0.26,18.058598726114663,65.49044585987261,4.317880794701987,0.003896103896103896,0.05844155844155844,31.450331125827816,64017.48344370861,2.833333333333334,232.75641025641025,1554.75
20220711,20,-0.5,16.48662420382165,72.49044585987261,4.437086092715232,0.001948051948051948,0.01948051948051948,4.251655629139073,60681.72185430463,2.3307692307692305,230.76923076923077,98.25
20220711,21,-0.71,15.187898089171972,78.29936305732484,4.072847682119205,0.0012987012987012987,0.012987012987012988,0,60086.09271523179,2.101923076923077,236.98717948717947,0.25
20220711,22,-0.87,14.330573248407639,82.21019108280255,4.112582781456954,0.0012987012987012987,0.01948051948051948,0,56838.54304635762,1.9288461538461552,245.06410256410257,0.0
20220711,23,-0.97,13.821019108280256,84.73885350318471,4.298013245033113,0.0,0.01948051948051948,0,53820.198675496686,1.9147435897435885,223.33333333333334,0.0
20220712,00,-1.0,13.256687898089172,87.21656050955414,4.549668874172186,0.0,0.012987012987012988,0,49385.96026490066,1.9115384615384625,227.75641025641025,0.0
20220712,01,-0.97,12.830573248407642,88.92356687898089,4.152317880794702,0.0,0.012987012987012988,0,46476.02649006622,1.8897435897435895,227.37179487179486,0.0
20220712,02,-0.87,12.42993630573248,90.4140127388535,4.317880794701987,0.0,0.006493506493506494,0,41676.49006622517,1.839102564102564,225.06410256410257,0.0
20220712,03,-0.71,12.114012738853505,91.29936305732484,4.443708609271523,0.0,0.01948051948051948,0.0,38300.39735099338,1.8865384615384608,227.37179487179486,0.25
20220712,04,-0.5,12.18343949044586,91.40127388535032,4.370860927152318,0.0,0.01948051948051948,5.589403973509934,36216.55629139073,1.8333333333333333,224.2948717948718,212.75
20220712,05,-0.26,13.49426751592357,87.69426751592357,4.0927152317880795,0.0,0.045454545454545456,31.105960264900663,37916.35761589404,1.809615384615385,225.89743589743588,2095.75
20220712,06,-0.0,15.323566878980897,80.82165605095541,4.0198675496688745,0.0006493506493506494,0.01948051948051948,40.854304635761586,46631.192052980135,1.9570512820512818,228.78205128205127,7047.75
20220712,07,0.26,17.03630573248408,72.93630573248407,4.0198675496688745,0.0,0.012987012987012988,43.03973509933775,54168.46666666667,2.2858974358974344,218.5897435897436,14907.25
20220712,08,0.5,18.578343949044594,65.1592356687898,3.6711409395973154,0.0,0.006493506493506494,47.446666666666665,55970.26666666667,2.557051282051282,215.0,22969.0
20220712,09,0.71,19.808917197452228,59.382165605095544,3.92,0.0,0.006493506493506494,48.22,61557.6,2.804487179487178,224.80769230769232,28451.75
20220712,10,0.87,20.924840764331208,54.30573248407644,3.9139072847682117,0.0,0.0,49.766666666666666,61193.44370860927,3.046153846153845,238.5897435897436,32132.0
20220712,11,0.97,21.992356687898095,50.13375796178344,3.834437086092715,0.0,0.0,52.89403973509934,62247.54966887417,3.130967741935485,245.61290322580646,35052.25
20220712,12,1.0,22.950318471337585,46.87898089171974,3.5695364238410594,0.0,0.0,52.901315789473685,62670.46357615894,3.2464516129032255,248.51612903225808,35832.5
20220712,13,0.97,23.801910828025477,44.254777070063696,3.5,0.0,0.0,53.401315789473685,63562.86666666667,3.289677419354839,251.8709677419355,34686.75
20220712,14,0.87,24.48343949044585,42.07643312101911,3.2466666666666666,0.0,0.0,53.171052631578945,62484.53333333333,3.2941935483870965,264.38709677419354,31888.0
20220712,15,0.71,24.82929936305733,41.089171974522294,3.390728476821192,0.0,0.0,52.203947368421055,64342.84768211921,3.3664516129032247,258.38709677419354,26968.5
20220712,16,0.5,24.87770700636941,40.76433121019108,3.801324503311258,0.0,0.0,52.01315789473684,63814.437086092716,3.31741935483871,265.741935483871,19871.25
20220712,17,0.26,24.55031847133758,42.089171974522294,4.3509933774834435,0.0,0.0,50.11842105263158,65133.44370860927,3.227096774193547,266.51612903225805,11801.75
20220712,18,0.0,23.794267515923565,44.853503184713375,4.867549668874172,0.0,0.006493506493506494,47.50657894736842,65580.39735099337,2.9096774193548396,259.4193548387097,5073.0
20220712,19,-0.26,21.867515923566884,51.87261146496815,5.364238410596027,0.0,0.006493506493506494,33.19078947368421,65228.079470198674,2.3561290322580635,247.03225806451613,1556.5
20220712,20,-0.5,19.522292993630575,60.48407643312102,5.867549668874172,0.0,0.012987012987012988,2.6315789473684212,61853.64238410596,1.9870967741935488,238.1290322580645,91.25
20220712,21,-0.71,18.00445859872611,66.61146496815287,5.33112582781457,0.0,0.0,0,63561.986754966885,1.9354838709677422,227.2258064516129,0.0
20220712,22,-0.87,17.023566878980894,70.70063694267516,4.735099337748345,0.0,0.0,0,62973.774834437085,1.8561290322580664,215.48387096774192,0.0
20220712,23,-0.97,16.4267515923567,73.47133757961784,4.7947019867549665,0.0,0.0,0,62639.470198675495,1.7967741935483872,215.5483870967742,0.0
20220713,00,-1.0,16.039490445859876,75.00636942675159,5.072847682119205,0.0,0.01948051948051948,0,61951.920529801326,1.8709677419354835,208.58064516129033,0.0
20220713,01,-0.97,15.84267515923567,75.70063694267516,5.291390728476821,0.0012987012987012987,0.05844155844155844,0,61998.27814569537,1.9090322580645167,203.03225806451613,0.0
20220713,02,-0.87,15.703184713375796,76.52229299363057,5.913907284768212,0.003896103896103896,0.09740259740259741,0,60545.09933774835,2.0206451612903225,199.74193548387098,0.0
20220713,03,-0.71,15.687898089171963,76.44585987261146,6.132450331125828,0.0025974025974025974,0.1038961038961039,0.0,59937.21854304636,2.0729032258064515,197.09677419354838,0.0
20220713,04,-0.5,15.787261146496816,75.99363057324841,6.417218543046357,0.0006493506493506494,0.13636363636363635,0.5131578947368421,59352.45033112583,2.1690322580645156,197.09677419354838,145.0
20220713,05,-0.26,16.84904458598726,72.5859872611465,6.397350993377484,0.0012987012987012987,0.11038961038961038,8.907894736842104,60367.28476821192,2.240645161290324,189.3548387096774,1624.0
20220713,06,-0.0,18.39872611464968,67.45222929936305,6.701986754966887,0.0019480519480519483,0.12337662337662338,12.763157894736842,59240.39735099338,2.238064516129032,202.90322580645162,5155.0
20220713,07,0.26,20.26178343949044,61.21656050955414,6.80794701986755,0.0,0.09740259740259741,14.046052631578947,60204.17218543046,2.3625806451612914,199.80645161290323,10487.75
20220713,08,0.5,22.210191082802556,54.64331210191083,6.701986754966887,0.0,0.06493506493506493,17.914473684210527,59019.8,2.6748387096774193,208.70967741935485,16778.5
20220713,09,0.71,23.93121019108281,48.605095541401276,6.900662251655629,0.0,0.07142857142857142,26.157894736842106,59247.46666666667,3.090322580645161,220.96774193548387,22862.25
20220713,10,0.87,25.21210191082804,44.30573248407644,7.066666666666666,0.0,0.06493506493506493,30.57236842105263,58989.26174496644,3.4451612903225812,230.32258064516128,27403.75
20220713,11,0.97,26.227388535031846,40.59872611464968,6.6490066225165565,0.0,0.09740259740259741,33.51315789473684,60994.933333333334,3.8561290322580635,236.34615384615384,29629.5
20220713,12,1.0,26.90955414012739,38.10828025477707,6.827814569536423,0.0,0.07792207792207792,35.723684210526315,60303.0,4.272435897435898,239.10256410256412,30057.0
20220713,13,0.97,27.393589743589754,36.17307692307692,6.728476821192053,0.0,0.07142857142857142,35.317880794701985,62692.53333333333,4.549358974358975,246.47435897435898,28320.25
20220713,14,0.87,27.537820512820506,35.756410256410255,6.483443708609271,0.0,0.07142857142857142,34.50993377483444,62257.933333333334,4.689743589743593,256.53846153846155,24869.25
20220713,15,0.71,27.44551282051284,36.044871794871796,6.490066225165563,0.0012987012987012987,0.06493506493506493,31.589403973509935,62783.0,4.7910256410256435,265.64102564102564,20275.25
20220713,16,0.5,27.030128205128197,37.59615384615385,6.039735099337748,0.0025974025974025974,0.05844155844155844,32.21854304635762,62120.6,4.750000000000002,260.5128205128205,15109.0
20220713,17,0.26,26.21025641025641,40.294871794871796,5.986754966887418,0.0012987012987012987,0.07142857142857142,30.70198675496689,61825.26666666667,4.666025641025639,271.6666666666667,9255.25
20220713,18,0.0,25.007692307692317,43.87820512820513,6.086092715231788,0.0,0.06493506493506493,27.68211920529801,61622.8,4.287179487179486,268.0128205128205,4384.0
20220713,19,-0.26,23.33225806451613,48.94838709677419,6.293333333333333,0.003896103896103896,0.05844155844155844,20.966887417218544,60984.42953020134,3.8461538461538463,270.2564102564103,1352.0
20220713,20,-0.5,21.729032258064517,53.81935483870968,6.433333333333334,0.03006535947712418,0.0392156862745098,3.251655629139073,59999.73154362416,3.449032258064515,274.4516129032258,95.25
20220713,21,-0.71,20.479999999999997,57.76129032258064,6.433333333333334,0.0,0.0392156862745098,0,59662.48322147651,3.2116129032258045,264.7096774193548,0.0
20220713,22,-0.87,19.51410256410256,61.42948717948718,6.42,0.0,0.0392156862745098,0,58136.44295302014,2.973548387096776,266.7741935483871,0.0
20220713,23,-0.97,18.483974358974365,64.57692307692308,6.64,0.0,0.006535947712418301,0,56762.95302013423,2.831612903225807,252.38709677419354,0.0
20220714,00,-1.0,17.551923076923078,68.10897435897436,6.433333333333334,0.0,0.0196078431372549,0,55684.42953020134,2.648387096774194,251.93548387096774,0.0
20220714,01,-0.97,16.7775641025641,70.73717948717949,6.32,0.0,0.013071895424836602,0,54614.42953020134,2.5129032258064505,252.90322580645162,0.0
20220714,02,-0.87,16.169230769230754,72.85897435897436,6.1,0.0,0.026143790849673203,0,53142.41610738255,2.446451612903226,245.03225806451613,0.0
20220714,03,-0.71,15.449358974358969,75.35897435897436,6.04,0.0006535947712418301,0.058823529411764705,0.0,52094.22818791946,2.2941935483870974,251.3548387096774,0.0
20220714,04,-0.5,15.130769230769225,76.9551282051282,6.006666666666667,0.004575163398692811,0.0784313725490196,2.6907894736842106,49828.85906040268,2.2070967741935483,243.93548387096774,206.5
20220714,05,-0.26,15.950000000000005,74.3974358974359,5.586666666666667,0.00784313725490196,0.08496732026143791,22.644736842105264,50641.275167785236,2.250322580645162,238.58064516129033,2027.25
20220714,06,-0.0,17.37707006369427,68.70700636942675,5.36,0.0026143790849673205,0.09803921568627451,32.473684210526315,51062.86666666667,2.48516129032258,225.32051282051282,6473.25
20220714,07,0.26,18.792356687898085,62.65605095541401,5.4635761589403975,0.0012987012987012987,0.05844155844155844,35.598684210526315,52974.46666666667,2.721153846153845,225.12820512820514,12930.25
20220714,08,0.5,20.05350318471337,57.70700636942675,5.913907284768212,0.0006493506493506494,0.045454545454545456,36.276315789473685,53548.666666666664,2.8788461538461534,239.80769230769232,19518.25
20220714,09,0.71,21.32356687898089,52.445859872611464,5.733333333333333,0.0006493506493506494,0.03896103896103896,38.8421052631579,55180.53333333333,3.088461538461539,253.97435897435898,25387.5
20220714,10,0.87,22.543312101910814,48.038216560509554,5.64,0.0,0.032467532467532464,41.875,56328.17567567567,3.376774193548387,267.1794871794872,30299.0
20220714,11,0.97,23.446794871794864,44.76282051282051,5.429530201342282,0.07662337662337662,0.05844155844155844,41.80794701986755,56548.51351351351,3.7658064516129044,266.51612903225805,32850.0
20220714,12,1.0,23.853205128205115,43.76282051282051,5.771812080536913,0.03506493506493506,0.08441558441558442,39.12582781456954,56834.72972972973,4.286451612903228,274.38709677419354,32385.0
20220714,13,0.97,24.14394904458598,42.59872611464968,5.926666666666667,0.033766233766233764,0.1038961038961039,35.549668874172184,57980.53333333333,4.685256410256411,275.96153846153845,29182.5
20220714,14,0.87,24.107006369426752,42.42675159235669,6.486666666666666,0.05974025974025973,0.13636363636363635,30.57236842105263,56551.6,5.024999999999999,278.84615384615387,24784.0
20220714,15,0.71,23.774522292993634,43.24203821656051,6.713333333333333,0.028571428571428574,0.17532467532467533,27.585526315789473,57297.933333333334,5.310256410256408,287.1794871794872,20047.25
20220714,16,0.5,23.154140127388523,45.11464968152866,6.326666666666667,0.05584415584415584,0.18181818181818182,26.144736842105264,56976.6,5.43269230769231,292.94871794871796,14762.25
20220714,17,0.26,22.270700636942674,47.089171974522294,6.006666666666667,0.06948051948051948,0.15584415584415584,26.75,55690.4,5.3596153846153864,298.71794871794873,9365.75
20220714,18,0.0,21.103821656050943,50.22929936305732,4.973333333333334,0.04220779220779221,0.19480519480519481,31.164473684210527,56013.4,5.226923076923075,301.28205128205127,4573.75
20220714,19,-0.26,19.505095541401264,54.56687898089172,4.24,0.02467532467532468,0.13636363636363635,27.032894736842106,57121.2,4.914102564102564,296.9230769230769,1430.75
20220714,20,-0.5,17.956050955414018,58.71974522292994,3.986666666666667,0.03790849673202614,0.08496732026143791,3.039473684210526,55560.0,4.4705128205128215,301.9871794871795,95.5
20220714,21,-0.71,16.780254777070056,61.961783439490446,3.74,0.003921568627450981,0.0784313725490196,0,56904.2,4.194230769230769,290.8333333333333,0.0
20220714,22,-0.87,15.73694267515923,65.14012738853503,3.453333333333333,0.01948051948051948,0.07792207792207792,0,55870.6,3.8814102564102573,267.37179487179486,0.0
20220714,23,-0.97,14.838216560509554,68.2484076433121,3.3866666666666667,0.020129870129870133,0.07142857142857142,0,56778.8,3.583974358974358,271.79487179487177,0.0
20220715,00,-1.0,14.035031847133743,71.12101910828025,3.2733333333333334,0.0012987012987012987,0.05194805194805195,0,54720.2,3.38076923076923,264.93589743589746,0.0
20220715,01,-0.97,13.171337579617829,74.53503184713375,3.54,0.025974025974025976,0.07142857142857142,0,53966.46666666667,3.1467948717948744,246.47435897435898,0.0
20220715,02,-0.87,12.56433121019108,77.01273885350318,3.8533333333333335,0.01038961038961039,0.08441558441558442,0,51266.0,3.0006410256410274,235.3846153846154,0.0
20220715,03,-0.71,12.21656050955414,78.14649681528662,3.966666666666667,0.017532467532467535,0.08441558441558442,0.0,51235.666666666664,2.954487179487179,231.34615384615384,0.0
20220715,04,-0.5,12.050955414012742,79.1592356687898,4.533333333333333,0.009740259740259742,0.09090909090909091,3.033112582781457,49915.73333333333,2.914102564102565,237.05128205128204,188.75
20220715,05,-0.26,12.926114649681521,76.20382165605096,4.48,0.0019480519480519483,0.09090909090909091,24.695364238410598,49688.86666666667,2.9525641025641023,226.4102564102564,2030.5
20220715,06,-0.0,14.224203821656035,70.6687898089172,4.833333333333333,0.001948051948051948,0.07792207792207792,30.09933774834437,50892.13333333333,3.1314102564102564,230.96153846153845,6671.25
20220715,07,0.26,15.480254777070064,64.47770700636943,4.946666666666666,0.012987012987012988,0.07142857142857142,30.635761589403973,52134.666666666664,3.5121794871794862,232.82051282051282,13221.75
20220715,08,0.5,16.557324840764323,58.70700636942675,5.8,0.003246753246753247,0.05844155844155844,31.119205298013245,53311.066666666666,3.85448717948718,235.44871794871796,19893.75
20220715,09,0.71,17.368152866242045,54.554140127388536,5.6066666666666665,0.015584415584415584,0.05194805194805195,30.728476821192054,55853.31125827815,3.9756410256410266,239.10256410256412,24017.25
20220715,10,0.87,17.95859872611465,52.07643312101911,5.746666666666667,0.018831168831168834,0.06493506493506493,28.125827814569536,56824.105960264904,4.092948717948716,278.0128205128205,26220.75
20220715,11,0.97,18.67006369426752,49.43312101910828,5.766666666666667,0.02142857142857143,0.05194805194805195,28.56953642384106,56755.562913907284,4.294871794871796,283.71794871794873,27740.0
20220715,12,1.0,19.26496815286623,47.36305732484077,5.324503311258278,0.004545454545454545,0.045454545454545456,30.079470198675498,59904.23841059603,4.376282051282051,298.46153846153845,28414.5
20220715,13,0.97,19.811464968152862,45.48407643312102,5.258278145695364,0.011688311688311687,0.03896103896103896,31.94039735099338,59267.21854304636,4.371153846153844,293.78205128205127,27712.25
20220715,14,0.87,20.13885350318471,44.15923566878981,5.172185430463577,0.004545454545454545,0.01948051948051948,32.741721854304636,61399.53642384106,4.333333333333331,295.8974358974359,25701.5
20220715,15,0.71,20.221019108280256,44.40127388535032,5.125827814569536,0.01103896103896104,0.032467532467532464,32.35099337748344,62210.198675496686,4.255128205128209,292.7564102564103,22157.5
20220715,16,0.5,20.229299363057315,44.34394904458599,4.7947019867549665,0.0012987012987012987,0.032467532467532464,33.88079470198676,61266.75496688742,4.180128205128205,298.20512820512823,17371.25
20220715,17,0.26,19.870700636942683,45.42675159235669,4.701986754966887,0.009090909090909092,0.025974025974025976,35.09933774834437,62654.37086092715,4.008974358974361,296.15384615384613,11160.0
20220715,18,0.0,19.16624203821656,47.71974522292994,4.437086092715232,0.0025974025974025974,0.05194805194805195,32.98675496688742,64022.384105960264,3.733333333333331,289.35897435897436,5250.0
20220715,19,-0.26,17.759872611464978,52.904458598726116,3.8543046357615895,0.024025974025974027,0.05194805194805195,28.582781456953644,63505.43046357616,3.1980769230769233,285.64102564102564,1422.75
20220715,20,-0.5,16.044585987261133,59.78343949044586,4.039735099337748,0.015584415584415586,0.07142857142857142,2.443708609271523,59240.46357615894,2.692948717948718,254.03846153846155,66.25
20220715,21,-0.71,14.992993630573253,64.4267515923567,4.066225165562914,0.03571428571428571,0.09090909090909091,0,59448.34437086093,2.4499999999999997,235.89743589743588,0.0
20220715,22,-0.87,14.22101910828025,68.11464968152866,3.980132450331126,0.033116883116883114,0.1038961038961039,0,58431.05960264901,2.409615384615384,218.14102564102564,0.0
20220715,23,-0.97,13.577070063694267,70.89171974522293,4.112582781456954,0.048051948051948054,0.14935064935064934,0,57017.48344370861,2.3762820512820504,219.74358974358975,0.0
20220716,00,-1.0,13.015286624203819,73.51592356687898,4.198675496688741,0.1090909090909091,0.16233766233766234,0,57232.78145695364,2.382051282051282,225.96153846153845,0.0
20220716,01,-0.97,12.59108280254777,75.3312101910828,3.947019867549669,0.1287581699346405,0.16993464052287582,0,56256.887417218546,2.4038461538461537,213.52564102564102,0.0
20220716,02,-0.87,12.266242038216562,76.4140127388535,4.059602649006623,0.10980392156862744,0.19607843137254902,0,53408.079470198674,2.494871794871794,219.42307692307693,0.0
20220716,03,-0.71,12.003821656050954,77.48407643312102,4.066225165562914,0.10522875816993463,0.1895424836601307,0.0,53499.27152317881,2.6846153846153844,227.56410256410257,0.5
20220716,04,-0.5,11.84968152866242,78.78980891719745,4.0927152317880795,0.15555555555555556,0.24836601307189543,0.45695364238410596,50571.72185430463,2.8288461538461562,227.8846153846154,136.5
20220716,05,-0.26,12.871337579617833,75.63694267515923,4.079470198675497,0.18496732026143795,0.2549019607843137,23.880794701986755,50410.596026490064,3.0352564102564097,235.7051282051282,1676.75
20220716,06,-0.0,14.427388535031847,69.61146496815287,4.046357615894039,0.16405228758169937,0.2679738562091503,32.450331125827816,53737.74834437086,3.262179487179486,236.85897435897436,5900.25
20220716,07,0.26,15.873248407643317,64.44585987261146,4.152317880794702,0.03571428571428571,0.23376623376623376,35.4635761589404,55749.403973509936,3.7897435897435887,252.69230769230768,12607.0
20220716,08,0.5,17.007643312101912,59.37579617834395,4.3509933774834435,0.03766233766233767,0.24675324675324675,36.27814569536424,54637.615894039736,4.462179487179487,268.65384615384613,19344.5
20220716,09,0.71,18.03885350318471,54.560509554140125,4.23841059602649,0.012987012987012988,0.18831168831168832,39.03973509933775,57991.32450331126,4.97628205128205,276.6666666666667,25163.25
20220716,10,0.87,18.711464968152864,51.955414012738856,4.317880794701987,0.03961038961038961,0.14935064935064934,38.48344370860927,58380.33112582781,5.310256410256408,291.6666666666667,29054.75
20220716,11,0.97,19.455414012738853,48.681528662420384,4.251655629139073,0.013636363636363637,0.11688311688311688,39.16556291390729,57280.26490066225,5.456410256410256,295.5769230769231,31086.5
20220716,12,1.0,20.271974522292997,45.54140127388535,4.066225165562914,0.013636363636363637,0.08441558441558442,41.05298013245033,59450.39735099338,5.607051282051284,294.87179487179486,31989.75
20220716,13,0.97,20.67070063694267,43.81528662420382,3.986754966887417,0.0071428571428571435,0.05194805194805195,41.89403973509934,59239.33774834437,5.742307692307692,297.1794871794872,31457.0
20220716,14,0.87,21.028662420382176,42.11464968152866,3.576158940397351,0.001948051948051948,0.03896103896103896,44.675496688741724,59423.046357615895,5.715384615384614,298.0769230769231,29787.0
20220716,15,0.71,21.228662420382168,40.51592356687898,3.423841059602649,0.0,0.012987012987012988,47.99337748344371,61330.86092715232,5.671794871794875,296.15384615384613,26560.25
20220716,16,0.5,21.196178343949054,40.2484076433121,3.0463576158940397,0.0,0.012987012987012988,49.66225165562914,60986.75496688742,5.466666666666669,305.44871794871796,20606.5
20220716,17,0.26,20.712738853503172,40.955414012738856,2.7533333333333334,0.0,0.0,49.841059602649004,60773.84105960265,5.194230769230766,299.4230769230769,12784.75
20220716,18,0.0,19.943312101910827,42.92356687898089,2.2933333333333334,0.0,0.0,52.36423841059602,61255.23178807947,4.833974358974354,305.0,5388.25
20220716,19,-0.26,18.421019108280255,47.4203821656051,1.82,0.0,0.0,49.49006622516556,61978.27814569537,4.18076923076923,292.3076923076923,1560.75
20220716,20,-0.5,16.302547770700635,54.97452229299363,1.7066666666666668,0.0,0.0,5.966887417218543,59496.82119205298,3.3685897435897445,266.53846153846155,102.25
20220716,21,-0.71,14.80573248407643,60.81528662420382,1.3,0.0,0.0,0,58670.66225165563,3.0057692307692316,250.89743589743588,0.0
20220716,22,-0.87,13.721656050955419,64.9171974522293,1.42,0.0,0.0,0,58009.801324503314,2.8301282051282044,223.14102564102564,0.0
20220716,23,-0.97,12.80764331210191,68.56687898089172,1.1266666666666667,0.0,0.0,0,57092.11920529801,2.6083333333333334,205.76923076923077,0.0
20220717,00,-1.0,11.947770700636946,71.92356687898089,1.3,0.0,0.0,0,56339.93377483444,2.439743589743589,209.35897435897436,0.0
20220717,01,-0.97,11.24203821656051,74.68152866242038,1.3666666666666667,0.0,0.0,0,54521.72185430463,2.315384615384615,197.94871794871796,0.0
20220717,02,-0.87,10.49108280254777,77.49044585987261,1.4333333333333333,0.0,0.0,0,52365.43046357616,2.3083333333333322,198.52564102564102,0.0
20220717,03,-0.71,9.991719745222934,79.45859872611464,1.7866666666666666,0.0,0.0,0.0,51656.225165562915,2.207692307692309,194.16666666666666,1.0
20220717,04,-0.5,9.86114649681529,80.44585987261146,2.2066666666666666,0.0,0.0,3.2582781456953644,50379.93377483444,2.205128205128204,197.56410256410257,186.25
20220717,05,-0.26,11.622929936305734,75.02547770700637,2.74,0.0,0.0,37.17880794701987,52654.6,2.1596153846153836,197.69230769230768,2010.75
20220717,06,-0.0,13.831210191082796,67.52229299363057,3.2933333333333334,0.0,0.0,45.52317880794702,54061.26666666667,2.2423076923076923,190.0,7301.25
20220717,07,0.26,15.985987261146501,59.547770700636946,3.98,0.0,0.0,47.145695364238414,55956.666666666664,2.5673076923076907,195.44871794871796,15096.25
20220717,08,0.5,17.570063694267514,53.82802547770701,4.266666666666667,0.0,0.006493506493506494,47.89403973509934,57644.066666666666,2.882051282051282,194.23076923076923,22641.5
20220717,09,0.71,18.95477707006369,49.30573248407644,3.7533333333333334,0.0,0.01948051948051948,48.66225165562914,56758.2119205298,3.084615384615383,211.60256410256412,28885.75
20220717,10,0.87,20.040127388535034,45.038216560509554,3.1133333333333333,0.0,0.012987012987012988,52.152317880794705,57525.09933774835,3.18397435897436,212.69230769230768,33712.5
20220717,11,0.97,21.24777070063694,41.10828025477707,3.0733333333333333,0.0,0.025974025974025976,54.841059602649004,59639.403973509936,3.2326923076923078,215.25641025641025,37059.75
20220717,12,1.0,22.2484076433121,37.732484076433124,2.6733333333333333,0.0,0.01948051948051948,57.33774834437086,61349.60264900662,3.237179487179486,213.5897435897436,38133.5
20220717,13,0.97,23.160509554140123,35.11464968152866,2.8666666666666667,0.0,0.0,58.615894039735096,59676.4238410596,3.2121794871794878,223.07692307692307,37106.75
20220717,14,0.87,23.797452229299363,33.968152866242036,2.86,0.0,0.0,59.34437086092715,60025.96026490066,3.282692307692308,224.23076923076923,34150.0
20220717,15,0.71,24.143949044585984,33.0828025477707,3.486666666666667,0.0,0.0,59.64238410596027,59514.37086092715,3.2685897435897444,230.96153846153845,28920.25
20220717,16,0.5,24.173248407643317,32.910828025477706,3.98,0.0,0.0,59.384105960264904,62507.28476821192,3.166666666666668,227.94871794871796,21265.0
20220717,17,0.26,23.82866242038217,33.99363057324841,4.593333333333334,0.0,0.0,57.973509933774835,63236.09271523179,3.032692307692308,224.42307692307693,12652.75
20220717,18,0.0,22.871974522293,37.07006369426752,5.166666666666667,0.0,0.0,52.09933774834437,63935.03311258278,2.759615384615385,215.44871794871796,5203.75
20220717,19,-0.26,20.857961783439485,43.318471337579616,5.58,0.0,0.0,33.74834437086093,63668.2119205298,2.2750000000000004,188.26923076923077,1483.75
20220717,20,-0.5,18.526114649681535,51.210191082802545,5.5,0.0,0.0,2.23841059602649,59318.94039735099,1.961538461538462,178.2051282051282,93.5
20220717,21,-0.71,16.902547770700643,56.789808917197455,4.8933333333333335,0.0,0.006493506493506494,0,61645.03311258278,1.7749999999999995,167.62820512820514,0.0
20220717,22,-0.87,15.83184713375795,60.8343949044586,5.14,0.0,0.006493506493506494,0,61328.41059602649,1.7000000000000004,159.93589743589743,0.0
20220717,23,-0.97,14.938216560509549,64.19745222929936,4.806666666666667,0.0,0.006493506493506494,0,60698.27814569537,1.6743589743589742,178.65384615384616,0.0
20220718,00,-1.0,14.264331210191083,66.55414012738854,4.206666666666667,0.0,0.0,0,59490.66225165563,1.7070512820512833,171.7948717948718,0.0
20220718,01,-0.97,13.707006369426749,68.72611464968153,3.8733333333333335,0.0,0.0,0,58681.52317880795,1.6570512820512828,180.06410256410257,0.0
20220718,02,-0.87,13.124203821656051,70.78980891719745,3.28,0.0,0.0,0,57784.90066225165,1.6269230769230776,176.73076923076923,0.0
20220718,03,-0.71,12.67898089171975,72.54140127388536,3.52,0.0,0.0,0.0,55352.4,1.6205128205128214,181.98717948717947,0.75
20220718,04,-0.5,12.504458598726117,73.4267515923567,3.32,0.0,0.0,1.8079470198675496,55477.8,1.641025641025641,177.5,171.25
20220718,05,-0.26,14.39044585987261,67.53503184713375,3.1266666666666665,0.0,0.012987012987012988,38.35099337748344,55532.53333333333,1.6378205128205128,167.43589743589743,1927.75
20220718,06,-0.0,17.219108280254783,58.089171974522294,3.52,0.0,0.025974025974025976,51.09271523178808,56848.666666666664,1.6358974358974359,160.25641025641025,7093.0
20220718,07,0.26,19.863694267515932,49.5859872611465,4.246666666666667,0.0,0.025974025974025976,50.90066225165563,59000.0,1.8929487179487177,165.51282051282053,15039.75
20220718,08,0.5,22.108917197452218,42.732484076433124,4.932885906040268,0.0,0.012987012987012988,51.00662251655629,58287.6,2.1282051282051277,173.84615384615384,22759.0
20220718,09,0.71,23.827388535031844,37.738853503184714,4.96,0.0,0.006493506493506494,51.88815789473684,57871.2,2.29679487179487,179.87179487179486,28790.75
20220718,10,0.87,25.22993630573249,34.28662420382165,4.706666666666667,0.0,0.01948051948051948,51.453947368421055,58774.8,2.417948717948718,186.0897435897436,32557.0
20220718,11,0.97,26.277070063694275,32.05732484076433,5.26,0.0,0.01948051948051948,50.83552631578947,58104.53333333333,2.5544871794871797,187.05128205128204,34236.75
20220718,12,1.0,27.177070063694263,30.738853503184714,5.28,0.0,0.025974025974025976,48.88815789473684,57737.15231788079,2.565384615384615,197.69230769230768,34147.75
20220718,13,0.97,27.944585987261142,29.477707006369428,5.826666666666667,0.0,0.006493506493506494,47.16447368421053,57877.81456953642,2.593589743589744,209.35897435897436,32696.0
20220718,14,0.87,28.451592356687907,28.84713375796178,6.3533333333333335,0.0,0.0,47.848684210526315,59205.69536423841,2.549358974358974,201.85897435897436,29316.75
20220718,15,0.71,28.77961783439492,28.43949044585987,6.573333333333333,0.0,0.0,47.50657894736842,59927.28476821192,2.471153846153846,211.53846153846155,24650.0
20220718,16,0.5,28.759235668789824,28.898089171974522,6.6866666666666665,0.0,0.0,45.71895424836601,60320.46357615894,2.3525641025641026,209.67948717948718,18282.25
20220718,17,0.26,28.46369426751592,30.133757961783438,6.493333333333333,0.0,0.0,46.73202614379085,59028.079470198674,2.215384615384614,205.19230769230768,11264.0
20220718,18,0.0,27.517197452229293,33.21656050955414,5.946666666666666,0.0,0.0,46.58169934640523,58798.14569536424,1.9814102564102574,188.5897435897436,5124.5
20220718,19,-0.26,25.294904458598733,39.445859872611464,5.113333333333333,0.0,0.0,41.59477124183007,57810.66225165563,1.6974358974358972,164.80769230769232,1512.5
20220718,20,-0.5,22.243312101910824,48.40127388535032,4.133333333333334,0.0,0.0,4.73202614379085,54559.53642384106,1.665384615384615,152.05128205128204,88.5
20220718,21,-0.71,20.453503184713377,54.318471337579616,2.5533333333333332,0.0,0.0,0,54669.20529801324,1.7160256410256414,155.12820512820514,0.0
20220718,22,-0.87,19.288535031847136,58.01273885350319,1.5533333333333332,0.0,0.0,0,53885.62913907285,1.72051282051282,159.6153846153846,0.0
20220718,23,-0.97,18.126751592356694,61.732484076433124,1.0,0.0,0.0,0,54828.2119205298,1.7019230769230762,163.52564102564102,0.0
20220719,00,-1.0,17.250318471337582,64.5732484076433,0.35333333333333333,0.0,0.006493506493506494,0,52473.046357615895,1.6852564102564105,159.55128205128204,0.0
20220719,01,-0.97,16.421019108280255,67.10828025477707,0.22666666666666666,0.0,0.0,0,52093.377483443706,1.729487179487179,162.05128205128204,0.0
20220719,02,-0.87,15.73312101910829,69.55414012738854,0.08666666666666667,0.0,0.0,0,51101.258278145695,1.6929487179487184,154.35897435897436,0.0
20220719,03,-0.71,15.252229299363053,70.78980891719745,0.08,0.0,0.0,0.0,50861.58940397351,1.7467948717948723,159.48717948717947,0.75
20220719,04,-0.5,15.117197452229302,71.54777070063695,0.09333333333333334,0.0,0.0,2.986842105263158,49459.867549668874,1.7442307692307697,158.01282051282053,150.75
20220719,05,-0.26,17.243949044585985,65.26114649681529,0.4,0.0,0.0,46.89473684210526,49723.774834437085,1.7012820512820515,156.92307692307693,1880.0
20220719,06,-0.0,20.398726114649676,55.038216560509554,0.6733333333333333,0.0,0.0,59.64473684210526,51017.682119205296,1.5967948717948717,149.35897435897436,7191.75
20220719,07,0.26,23.473248407643315,45.77707006369427,0.6933333333333334,0.0,0.0,59.93464052287582,52795.3642384106,1.748076923076923,156.92307692307693,15350.75
20220719,08,0.5,26.02866242038216,39.17834394904459,0.5771812080536913,0.0,0.0,59.97385620915033,54218.87417218543,2.107051282051282,154.35897435897436,23561.5
20220719,09,0.71,28.1095541401274,33.745222929936304,0.5637583892617449,0.0,0.0,60.0,52952.98013245033,2.448387096774193,152.1290322580645,30049.0
20220719,10,0.87,29.614012738853507,29.694267515923567,0.6912751677852349,0.0,0.0,60.0,56489.470198675495,2.827741935483871,157.16129032258064,34469.75
20220719,11,0.97,30.797452229299363,26.808917197452228,0.7651006711409396,0.0,0.0,59.98039215686274,56240.26490066225,3.134193548387097,161.09677419354838,36807.75
20220719,12,1.0,31.643589743589764,25.256410256410255,0.7635135135135135,0.0,0.0,59.98026315789474,56180.0,3.2445161290322577,161.74193548387098,37274.75
20220719,13,0.97,32.30448717948717,24.0,0.6621621621621622,0.0,0.0,59.98684210526316,57576.4,3.1974025974025975,158.1818181818182,35885.0
20220719,14,0.87,32.82307692307692,22.987179487179485,0.6824324324324325,0.0,0.0,59.9671052631579,55085.333333333336,3.203246753246754,148.83116883116884,32605.25
20220719,15,0.71,32.95256410256408,23.141935483870967,0.6621621621621622,0.0,0.0,59.728476821192054,56573.333333333336,3.2512987012987034,142.33766233766235,27548.25
20220719,16,0.5,32.80641025641027,23.516129032258064,0.9391891891891891,0.0,0.0,59.66887417218543,56844.6,3.2564935064935074,127.33766233766234,20501.0
20220719,17,0.26,32.2269230769231,24.793548387096774,1.2162162162162162,0.0,0.0,59.35099337748344,56725.333333333336,3.315584415584416,113.24675324675324,12232.75
20220719,18,0.0,30.878846153846162,27.825806451612902,1.1006711409395973,0.0,0.0,58.86754966887417,56367.666666666664,3.1675324675324674,105.51948051948052,5024.5
20220719,19,-0.26,28.119871794871788,34.13548387096774,1.1275167785234899,0.0,0.0,47.384105960264904,55061.86666666667,2.7071428571428577,102.53246753246754,1340.75
20220719,20,-0.5,25.384615384615394,40.774193548387096,1.483221476510067,0.0,0.0,2.337748344370861,52239.2,2.5811688311688323,103.24675324675324,56.5
20220719,21,-0.71,23.90641025641026,44.6,1.3288590604026846,0.0,0.0,0,51761.0,2.5902597402597403,111.2987012987013,0.0
20220719,22,-0.87,22.70833333333333,47.78709677419355,1.3758389261744965,0.0,0.0,0,52805.0,2.631168831168829,113.76623376623377,0.0
20220719,23,-0.97,21.697435897435895,50.64102564102564,1.342281879194631,0.0,0.006493506493506494,0,53136.6,2.587662337662338,121.49350649350649,0.0
20220720,00,-1.0,20.841666666666658,53.35897435897436,1.5302013422818792,0.0,0.0,0,52352.46666666667,2.4993506493506503,127.46753246753246,0.0
20220720,01,-0.97,20.14551282051282,55.87179487179487,1.4630872483221478,0.0,0.0,0,52131.86666666667,2.524675324675324,129.28571428571428,0.0
20220720,02,-0.87,19.487179487179496,57.8974358974359,1.3691275167785235,0.0,0.0,0,51684.066666666666,2.461038961038961,137.92207792207793,0.0
20220720,03,-0.71,18.990384615384617,59.955128205128204,1.825503355704698,0.0,0.0,0.0,51203.333333333336,2.416883116883116,143.83116883116884,0.5
20220720,04,-0.5,18.694871794871798,61.6474358974359,1.7583892617449663,0.0,0.0,0.09271523178807947,50287.13333333333,2.404545454545454,141.1038961038961,140.25
20220720,05,-0.26,20.242948717948714,57.8525641025641,1.7651006711409396,0.0,0.0,39.99333333333333,49913.0,2.314838709677421,138.4516129032258,1827.0
20220720,06,-0.0,23.038461538461533,49.88461538461539,2.1879194630872485,0.0,0.0,58.854304635761586,49120.13333333333,2.3161290322580643,144.1290322580645,6878.0
20220720,07,0.26,25.64935897435897,43.532051282051285,2.0604026845637584,0.0,0.0,59.47682119205298,47463.4,2.6516129032258062,153.29032258064515,14695.5
20220720,08,0.5,27.97770700636943,39.17834394904459,2.161073825503356,0.0,0.006493506493506494,59.09933774834437,49166.291390728475,3.0070967741935495,162.8846153846154,22435.75
20220720,09,0.71,29.78216560509555,35.72611464968153,2.436241610738255,0.001948051948051948,0.006493506493506494,58.741721854304636,47135.496688741725,3.283974358974358,167.8846153846154,28858.25
20220720,10,0.87,31.270063694267513,32.961783439490446,2.3691275167785233,0.0025974025974025974,0.012987012987012988,59.0,46298.14569536424,3.496794871794871,177.3248407643312,33252.75
20220720,11,0.97,32.27070063694267,30.80128205128205,2.61744966442953,0.0012987012987012987,0.012987012987012988,58.52980132450331,47848.94039735099,3.6503184713375783,188.15286624203821,35321.75
20220720,12,1.0,33.059872611464975,29.166666666666668,2.4832214765100673,0.0025974025974025974,0.01948051948051948,57.66225165562914,48000.132450331126,3.8082802547770713,193.31210191082803,35635.75
20220720,13,0.97,33.20769230769232,29.419354838709676,2.574324324324324,0.0006493506493506494,0.025974025974025976,57.5,45350.933333333334,3.9198717948717947,199.36305732484075,33851.25
20220720,14,0.87,33.08525641025644,30.16774193548387,2.673469387755102,0.0019607843137254906,0.05228758169934641,54.93333333333333,45501.73333333333,3.8698717948717944,197.75641025641025,29599.25
20220720,15,0.71,32.92115384615387,30.89032258064516,3.619047619047619,0.0019607843137254906,0.05228758169934641,50.00666666666667,45829.6,3.879487179487182,196.02564102564102,24077.75
20220720,16,0.5,32.37628205128204,32.329032258064515,4.175675675675675,0.02679738562091503,0.0392156862745098,48.586666666666666,45063.46666666667,3.792948717948719,205.3846153846154,17316.0
20220720,17,0.26,31.15031847133758,35.967948717948715,4.469798657718121,0.015686274509803925,0.0915032679738562,44.21333333333333,43843.708609271525,3.873248407643313,204.96815286624204,9596.0
20220720,18,0.0,29.26815286624203,42.43589743589744,4.456375838926174,0.2601307189542484,0.1437908496732026,38.22516556291391,42074.30463576159,3.8847133757961774,202.48407643312103,3814.75
20220720,19,-0.26,26.771974522292993,49.267515923566876,4.691275167785235,0.24379084967320255,0.20261437908496732,24.516556291390728,40395.496688741725,3.7101910828025493,196.81528662420382,966.0
20220720,20,-0.5,24.629936305732503,57.30573248407644,4.671140939597316,0.7019607843137257,0.2679738562091503,0.39072847682119205,37431.32450331126,3.508917197452229,204.77707006369425,30.5
20220720,21,-0.71,23.307006369426755,62.031847133757964,5.261744966442953,0.34705882352941175,0.2875816993464052,0,36081.05960264901,3.5146496815286623,210.5095541401274,0.0
20220720,22,-0.87,22.224203821656037,66.6687898089172,5.201342281879195,0.4392156862745098,0.3333333333333333,0,34779.93377483444,3.5292993630573255,215.60509554140128,0.0
20220720,23,-0.97,21.401910828025475,70.0828025477707,5.483221476510067,0.618300653594771,0.35294117647058826,0,34596.68874172185,3.462420382165603,222.54777070063693,0.0
20220721,00,-1.0,20.728662420382168,72.80891719745223,5.731543624161074,0.23202614379084963,0.30718954248366015,0,34568.87417218543,3.1764331210191084,220.06369426751593,0.0
20220721,01,-0.97,20.126751592356687,75.43312101910828,5.859060402684563,0.3383116883116884,0.2857142857142857,0,32366.225165562915,3.1598726114649685,217.64331210191082,0.0
20220721,02,-0.87,19.61401273885349,78.19108280254777,5.9865771812080535,0.29935064935064937,0.3051948051948052,0,29792.91390728477,3.0872611464968145,226.87898089171975,0.0
20220721,03,-0.71,19.22356687898089,80.10191082802548,6.208053691275167,0.2281045751633987,0.3006535947712418,0.0,28482.847682119205,3.0490445859872612,222.1656050955414,0.25
20220721,04,-0.5,18.994904458598725,81.04458598726114,6.644295302013423,0.1294117647058824,0.32679738562091504,0.03333333333333333,27831.258278145695,3.079617834394904,230.25477707006368,125.5
20220721,05,-0.26,19.208917197452234,81.04458598726114,6.364864864864865,0.14313725490196075,0.32679738562091504,12.633333333333333,27792.847682119205,2.97452229299363,235.35031847133757,1271.25
20220721,06,-0.0,19.848407643312104,78.99363057324841,6.080536912751678,0.1712418300653595,0.26143790849673204,20.686666666666667,29214.370860927153,3.0375796178343943,238.9171974522293,4441.0
20220721,07,0.26,20.59808917197453,75.87261146496816,6.308724832214765,0.05228758169934641,0.20915032679738563,23.08,31432.2,3.3484076433121,244.01273885350318,8793.0
20220721,08,0.5,21.331210191082796,72.45859872611464,6.214765100671141,0.08116883116883117,0.22727272727272727,24.166666666666668,36189.4,3.6082802547770703,245.60509554140128,13380.0
20220721,09,0.71,22.096815286624206,68.6624203821656,6.167785234899329,0.04285714285714286,0.22727272727272727,25.013245033112582,39623.046357615895,3.7917197452229296,242.4203821656051,17665.25
20220721,10,0.87,22.66496815286625,65.70063694267516,6.416107382550336,0.037254901960784306,0.23529411764705882,24.70198675496689,41470.79470198676,4.047133757961781,241.40127388535032,20105.25
20220721,11,0.97,23.215286624203827,63.07006369426752,6.12,0.11111111111111109,0.3464052287581699,25.17763157894737,41847.28476821192,4.198726114649681,240.3184713375796,21904.25
20220721,12,1.0,23.54458598726115,61.24203821656051,6.46,0.21568627450980393,0.2875816993464052,23.875,43738.079470198674,4.340764331210191,239.36305732484075,22233.25
20220721,13,0.97,23.748407643312092,60.031847133757964,6.44,0.2285714285714286,0.33116883116883117,22.980263157894736,44379.33774834437,4.287898089171977,240.63694267515925,20800.75
20220721,14,0.87,23.735668789808916,59.904458598726116,6.446666666666666,0.28246753246753253,0.33116883116883117,22.44736842105263,44343.31125827815,4.184713375796179,244.84076433121018,19926.0
20220721,15,0.71,23.66178343949044,60.40127388535032,6.046666666666667,0.17922077922077922,0.2987012987012987,22.94078947368421,46323.97350993378,4.046496815286624,241.59235668789808,17261.5
20220721,16,0.5,23.30445859872613,61.21656050955414,6.093333333333334,0.2415584415584416,0.3116883116883117,21.848684210526315,46461.39072847682,4.031210191082802,244.77707006369425,13222.0
20220721,17,0.26,22.855414012738837,62.84076433121019,5.426666666666667,0.1209150326797386,0.3137254901960784,23.401315789473685,46683.50993377483,3.7496815286624194,245.28662420382165,8234.5
20220721,18,0.0,22.119108280254764,65.73885350318471,5.16,0.09607843137254901,0.2875816993464052,24.651315789473685,45697.682119205296,3.4681528662420376,247.70700636942675,3769.5
20220721,19,-0.26,20.89936305732484,71.19108280254777,4.6,0.11818181818181818,0.2532467532467532,17.63157894736842,42342.25165562914,3.144585987261145,249.42675159235668,961.25
20220721,20,-0.5,19.538853503184704,77.02547770700637,4.626666666666667,0.061688311688311674,0.24025974025974026,0.08552631578947369,38425.43046357616,2.82675159235669,245.98726114649682,20.25
20220721,21,-0.71,18.59108280254777,80.61146496815287,4.2,0.06753246753246754,0.21428571428571427,0,36908.807947019865,2.6675159235668806,242.54777070063693,0.0
20220721,22,-0.87,17.940127388535036,83.22292993630573,3.9133333333333336,0.11493506493506496,0.22727272727272727,0,34306.4238410596,2.598726114649681,234.52229299363057,0.0
20220721,23,-0.97,17.375159235668786,84.94904458598727,4.126666666666667,0.049350649350649346,0.18831168831168832,0,33220.99337748344,2.6038216560509566,233.7579617834395,0.0
20220722,00,-1.0,16.956687898089175,86.39490445859873,4.3133333333333335,0.02077922077922078,0.22077922077922077,0,31544.900662251657,2.633121019108282,231.46496815286625,0.0
20220722,01,-0.97,16.506369426751597,87.49044585987261,4.226666666666667,0.03311688311688311,0.2077922077922078,0,29847.01986754967,2.5980891719745234,235.03184713375796,0.0
20220722,02,-0.87,16.14012738853503,88.52866242038216,4.206666666666667,0.03376623376623377,0.21428571428571427,0,28385.099337748343,2.5815286624203844,229.4904458598726,0.0
20220722,03,-0.71,15.800636942675169,89.15286624203821,4.513333333333334,0.03766233766233767,0.19480519480519481,0.0,27568.807947019868,2.594904458598725,226.43312101910828,0.0
20220722,04,-0.5,15.586624203821664,89.45859872611464,4.42,0.01818181818181818,0.18181818181818182,0.0718954248366013,25683.245033112584,2.6006369426751594,226.36942675159236,83.75
20220722,05,-0.26,16.098726114649683,87.19745222929936,4.42,0.012987012987012988,0.18181818181818182,15.816993464052288,28573.443708609273,2.628025477707006,227.96178343949043,1379.75
20220722,06,-0.0,17.245859872611465,82.49044585987261,4.553333333333334,0.024025974025974027,0.12987012987012986,26.26797385620915,31197.08609271523,2.7012738853503206,220.06369426751593,5205.25
20220722,07,0.26,18.32292993630573,77.1592356687898,4.426666666666667,0.00909090909090909,0.12337662337662338,28.281045751633986,36554.56953642384,2.928025477707007,211.27388535031847,11167.25
20220722,08,0.5,19.398726114649676,71.65605095541402,4.193333333333333,0.006493506493506493,0.14285714285714285,29.869281045751634,41537.08609271523,3.1025477707006375,213.43949044585986,17430.75
20220722,09,0.71,20.374522292993625,66.60509554140127,4.293333333333333,0.006493506493506494,0.12337662337662338,30.73202614379085,44338.807947019865,3.2452229299363062,215.35031847133757,22492.5
20220722,10,0.87,21.367515923566874,62.267515923566876,4.113333333333333,0.0012987012987012987,0.1038961038961039,31.686274509803923,48470.86092715232,3.340764331210191,219.74522292993632,25806.5
20220722,11,0.97,22.284713375796173,58.152866242038215,4.446666666666666,0.0,0.025974025974025976,32.35947712418301,50727.94701986755,3.4152866242038225,214.77707006369425,27845.0
20220722,12,1.0,23.07197452229299,54.87261146496815,4.54,0.0,0.03896103896103896,33.35294117647059,49966.225165562915,3.3898089171974517,227.38853503184714,28966.0
20220722,13,0.97,23.811538461538454,52.544871794871796,4.604026845637584,0.0,0.032467532467532464,34.7828947368421,51857.8,3.292993630573248,236.2420382165605,28548.25
20220722,14,0.87,24.30384615384614,50.62820512820513,4.879194630872483,0.0,0.032467532467532464,37.6578947368421,51935.13333333333,3.3326923076923083,233.01282051282053,26765.25
20220722,15,0.71,24.573717948717952,49.40384615384615,4.758389261744966,0.0,0.012987012987012988,40.55263157894737,51377.0,3.2942307692307704,227.30769230769232,23145.25
20220722,16,0.5,24.523076923076925,49.205128205128204,5.342281879194631,0.0,0.01948051948051948,41.05921052631579,50663.066666666666,3.2262820512820523,238.9102564102564,17478.75
20220722,17,0.26,24.107051282051287,50.52564102564103,5.469798657718121,0.0,0.03896103896103896,41.07236842105263,51443.666666666664,3.0929487179487176,235.25641025641025,10361.5
20220722,18,0.0,23.085256410256402,54.03846153846154,5.9865771812080535,0.0,0.05194805194805195,35.0,51886.333333333336,2.914743589743589,240.25641025641025,4233.25
20220722,19,-0.26,21.400636942675153,60.388535031847134,6.573333333333333,0.033116883116883114,0.07142857142857142,16.75657894736842,48867.41721854304,2.7445859872611473,228.78980891719746,1097.0
20220722,20,-0.5,19.861146496815287,66.67515923566879,7.046666666666667,0.0,0.045454545454545456,0.05228758169934641,47377.48344370861,2.5229299363057316,210.0,26.5
20220722,21,-0.71,18.847133757961785,71.01910828025478,7.013333333333334,0.0019480519480519483,0.11038961038961038,0,45802.78145695364,2.40063694267516,204.3312101910828,0.0
20220722,22,-0.87,18.110828025477712,74.01910828025478,7.066666666666666,0.048701298701298704,0.12987012987012986,0,44659.60264900662,2.2745222929936313,205.0955414012739,0.0
20220722,23,-0.97,17.63503184713376,76.26114649681529,6.953333333333333,0.0461038961038961,0.2012987012987013,0,42308.741721854305,2.204458598726115,195.9235668789809,0.0
20220723,00,-1.0,17.17070063694268,78.27388535031847,7.206666666666667,0.18051948051948058,0.24025974025974026,0,41324.76821192053,2.3127388535031854,202.9936305732484,0.0
20220723,01,-0.97,16.773885350318473,79.84713375796179,7.453333333333333,0.16038961038961042,0.3051948051948052,0,38871.65562913907,2.327388535031846,204.77707006369425,0.0
20220723,02,-0.87,16.348407643312107,82.07643312101911,7.4,0.25389610389610406,0.4155844155844156,0,35981.192052980135,2.426751592356689,213.7579617834395,0.0
20220723,03,-0.71,16.007643312101916,83.93630573248407,7.333333333333333,0.2461038961038961,0.37662337662337664,0.0,34977.88079470199,2.4573248407643313,214.84076433121018,0.0
20220723,04,-0.5,15.75605095541401,85.35031847133757,7.213333333333333,0.30259740259740264,0.38961038961038963,0.0,33319.00662251656,2.4847133757961775,223.05732484076432,72.5
20220723,05,-0.26,15.940127388535034,85.27388535031847,6.96,0.20194805194805196,0.4090909090909091,2.6209150326797386,32448.741721854305,2.438853503184714,227.96178343949043,1103.5
20220723,06,-0.0,16.675796178343944,82.2484076433121,6.633333333333334,0.12402597402597404,0.38311688311688313,11.869281045751634,35970.33112582781,2.4414012738853508,224.96815286624204,3825.5
20220723,07,0.26,17.491719745222937,78.45222929936305,6.6466666666666665,0.057142857142857134,0.33766233766233766,17.254901960784313,39580.79470198676,2.6159235668789815,228.21656050955414,7880.75
20220723,08,0.5,18.38216560509554,74.12738853503184,6.413333333333333,0.07077922077922078,0.3181818181818182,21.22222222222222,42068.87417218543,2.9076433121019116,239.04458598726114,13157.5
20220723,09,0.71,19.45859872611465,68.28662420382166,6.233333333333333,0.025974025974025972,0.22077922077922077,24.973856209150327,45797.08609271523,3.141401273885349,261.656050955414,18855.75
20220723,10,0.87,20.344871794871796,64.37820512820512,6.093959731543624,0.00974025974025974,0.2012987012987013,28.44078947368421,48530.46666666667,3.3108974358974366,259.7452229299363,23547.25
20220723,11,0.97,21.148076923076935,60.78846153846154,5.845637583892618,0.011688311688311689,0.17532467532467533,29.70394736842105,49823.4,3.657051282051283,268.20512820512823,26088.25
20220723,12,1.0,21.908333333333328,57.23076923076923,5.651006711409396,0.022727272727272728,0.11688311688311688,30.585526315789473,53472.53333333333,3.829487179487179,279.1025641025641,27907.25
20220723,13,0.97,22.587820512820503,54.32692307692308,5.6644295302013425,0.0006493506493506494,0.11688311688311688,32.48026315789474,52650.86666666667,3.9391025641025648,282.5,26866.75
20220723,14,0.87,22.89102564102564,52.56410256410256,5.644295302013423,0.0,0.09090909090909091,32.69736842105263,55812.13333333333,4.128846153846155,281.6666666666667,24747.5
20220723,15,0.71,23.213461538461534,51.0,5.073825503355705,0.001948051948051948,0.05194805194805195,35.671052631578945,55378.666666666664,4.214102564102564,287.5,21358.5
20220723,16,0.5,23.057051282051294,50.833333333333336,4.865771812080537,0.0642857142857143,0.03896103896103896,36.5,54984.46666666667,4.123076923076922,286.6666666666667,16469.75
20220723,17,0.26,22.676282051282058,51.794871794871796,4.516778523489933,0.03896103896103896,0.06493506493506493,37.30921052631579,56391.86666666667,3.9769230769230774,286.9230769230769,10592.5
20220723,18,0.0,21.93269230769229,53.93589743589744,4.0134228187919465,0.0,0.006493506493506494,40.88815789473684,57197.46666666667,3.6698717948717965,291.7307692307692,4754.0
20220723,19,-0.26,20.444230769230764,59.52564102564103,3.8926174496644297,0.0,0.0,31.888157894736842,55367.2,3.05,276.7307692307692,1263.5
20220723,20,-0.5,18.7248407643312,66.26114649681529,3.76,0.0,0.0,1.9407894736842106,52121.72185430463,2.4312101910828017,242.03821656050957,34.75
20220723,21,-0.71,17.420382165605105,71.59872611464968,3.54,0.0006493506493506494,0.032467532467532464,0,51339.53642384106,2.070700636942676,209.4904458598726,0.0
20220723,22,-0.87,16.487898089171978,75.19108280254777,3.066666666666667,0.004545454545454545,0.012987012987012988,0,49955.562913907284,1.984076433121019,200.0,0.0
20220723,23,-0.97,15.713375796178353,77.98726114649682,2.8,0.01948051948051948,0.01948051948051948,0,48072.25165562914,1.897452229299364,206.68789808917197,0.0
20220724,00,-1.0,14.993630573248408,80.8343949044586,3.0933333333333333,0.003246753246753247,0.01948051948051948,0,45367.15231788079,1.7789808917197456,192.80254777070064,0.0
20220724,01,-0.97,14.460509554140131,82.71974522292993,3.1133333333333333,0.0,0.012987012987012988,0,43556.09271523179,1.6490445859872607,188.98089171974522,0.0
20220724,02,-0.87,13.98853503184713,84.43949044585987,3.3133333333333335,0.0,0.0,0,41011.65562913907,1.6732484076433127,186.81528662420382,0.0
20220724,03,-0.71,13.640764331210185,85.38853503184713,3.3,0.0,0.012987012987012988,0.0,39561.45695364238,1.6585987261146495,181.9108280254777,0.0
20220724,04,-0.5,13.515923566878975,85.73885350318471,3.1933333333333334,0.0,0.0,1.6339869281045751,38899.60264900662,1.6414012738853503,187.38853503184714,100.0
20220724,05,-0.26,14.875796178343961,80.92993630573248,2.88,0.0012987012987012987,0.012987012987012988,30.333333333333332,42729.33774834437,1.5859872611464965,175.28662420382165,1702.75
20220724,06,-0.0,17.100636942675155,72.56050955414013,2.433333333333333,0.0,0.01948051948051948,52.54248366013072,47417.88079470199,1.6375796178343953,178.28025477707007,6639.0
20220724,07,0.26,19.330573248407635,63.611464968152866,2.56,0.0,0.0,54.93464052287582,52299.470198675495,1.9261146496815296,187.13375796178343,14521.25
20220724,08,0.5,21.357051282051284,56.294871794871796,2.6040268456375837,0.0,0.0,57.44078947368421,53601.933333333334,2.239490445859873,186.56050955414014,22990.75
20220724,09,0.71,23.063461538461542,51.17948717948718,2.5838926174496644,0.0,0.0,57.83552631578947,53465.4,2.444871794871797,203.97435897435898,29701.0
20220724,10,0.87,24.357692307692307,46.743589743589745,2.6040268456375837,0.0,0.012987012987012988,55.58552631578947,52895.86666666667,2.7032051282051284,208.01282051282053,33729.5
20220724,11,0.97,25.531410256410254,43.26282051282051,3.4966442953020134,0.0,0.012987012987012988,54.578947368421055,53692.6,2.923717948717948,220.3846153846154,35488.25
20220724,12,1.0,26.345512820512823,40.87179487179487,3.751677852348993,0.0,0.01948051948051948,53.00657894736842,53147.066666666666,3.024358974358976,218.9102564102564,35363.75
20220724,13,0.97,27.17179487179488,38.6474358974359,3.697986577181208,0.0,0.012987012987012988,52.9078947368421,55881.53333333333,2.9487179487179485,230.64102564102564,34162.0
20220724,14,0.87,27.67612903225808,37.41935483870968,3.953020134228188,0.0,0.01948051948051948,52.375,56278.6,2.924358974358974,208.9102564102564,31467.75
20220724,15,0.71,28.036774193548368,36.87096774193548,3.7449664429530203,0.0,0.012987012987012988,53.42384105960265,56115.666666666664,2.7820512820512837,200.32051282051282,26734.5
20220724,16,0.5,28.141935483870984,36.83870967741935,3.523489932885906,0.0,0.012987012987012988,55.0,57140.0,2.6294871794871804,196.02564102564102,19927.75
20220724,17,0.26,27.918709677419354,37.39354838709677,3.0067114093959733,0.0,0.0,54.88079470198676,57616.53333333333,2.4358974358974375,187.75641025641025,12093.25
20220724,18,0.0,27.141290322580645,40.12258064516129,2.6912751677852347,0.0,0.006493506493506494,55.63576158940398,56615.8,2.1294871794871786,175.96153846153845,4921.75
20220724,19,-0.26,24.812903225806448,48.064516129032256,2.140939597315436,0.0,0.0,44.966887417218544,54354.86666666667,1.7974358974358973,151.28205128205127,1081.0
20220724,20,-0.5,22.39677419354838,56.3741935483871,2.4295302013422817,0.0,0.0,0.9470198675496688,51593.53333333333,1.7358974358974355,138.71794871794873,31.25
20220724,21,-0.71,21.047096774193548,61.019354838709674,2.879194630872483,0.0,0.0,0,51367.4,1.8737179487179485,133.46153846153845,0.0
20220724,22,-0.87,20.127741935483865,64.33548387096774,3.3624161073825505,0.0,0.012987012987012988,0,49888.86666666667,1.9307692307692308,132.75641025641025,0.0
20220724,23,-0.97,19.45705128205128,66.37820512820512,3.6577181208053693,0.0,0.0,0,48893.73333333333,2.0756410256410263,144.93589743589743,0.0
20220725,00,-1.0,19.024203821656062,67.34394904458598,3.791946308724832,0.0006493506493506494,0.012987012987012988,0,46984.76821192053,2.240764331210192,147.89808917197453,0.0
20220725,01,-0.97,18.79936305732484,67.67515923566879,3.6333333333333333,0.00974025974025974,0.012987012987012988,0,47716.55629139073,2.360509554140127,146.81528662420382,0.0
20220725,02,-0.87,18.410191082802555,68.62420382165605,3.38,0.0,0.0,0,46477.48344370861,2.405732484076434,152.6751592356688,0.0
20220725,03,-0.71,18.15350318471338,69.45859872611464,2.933333333333333,0.0,0.0,0.0,45585.3642384106,2.4152866242038207,155.28662420382165,0.0
20220725,04,-0.5,17.850955414012752,70.42038216560509,2.6733333333333333,0.005844155844155844,0.006493506493506494,0.6013071895424836,45470.39735099338,2.420382165605096,150.5095541401274,94.75
20220725,05,-0.26,19.198726114649688,65.94904458598727,2.2533333333333334,0.0012987012987012987,0.01948051948051948,36.05882352941177,46572.98013245033,2.426751592356688,150.12738853503186,1571.75
20220725,06,-0.0,21.517834394904465,58.59872611464968,2.4,0.0,0.032467532467532464,54.20261437908497,48362.05298013245,2.6133757961783446,156.2420382165605,6448.0
20220725,07,0.26,24.018471337579612,52.02547770700637,2.42,0.0,0.013071895424836602,54.05263157894737,48111.52317880795,3.011464968152865,163.12101910828025,14208.0
20220725,08,0.5,26.297452229299356,46.52229299363057,2.7466666666666666,0.0,0.0196078431372549,55.08552631578947,48622.51655629139,3.4929936305732476,178.15286624203821,21874.25
20220725,09,0.71,28.157324840764343,42.17834394904459,2.879194630872483,0.0013071895424836603,0.006535947712418301,54.741721854304636,48644.13333333333,4.055128205128208,190.44585987261146,27814.5
20220725,10,0.87,29.481528662420384,39.12738853503185,3.402684563758389,0.0,0.0196078431372549,52.82119205298013,47839.86666666667,4.439743589743588,196.60256410256412,31540.75
20220725,11,0.97,30.228025477707014,37.54140127388535,4.120805369127517,0.0019607843137254906,0.06535947712418301,49.271523178807946,48687.53333333333,4.721794871794872,208.5897435897436,32561.5
20220725,12,1.0,30.63949044585986,36.98726114649681,4.87248322147651,0.0071895424836601295,0.12418300653594772,41.56953642384106,48942.58278145696,4.957324840764331,216.62420382165604,31528.75
20220725,13,0.97,30.690384615384627,37.17307692307692,5.25503355704698,0.015032679738562094,0.17647058823529413,36.9271523178808,48663.13333333333,5.285987261146497,227.3248407643312,28356.25
20220725,14,0.87,30.509032258064533,37.67741935483871,5.533783783783784,0.03571428571428571,0.18831168831168832,31.91390728476821,49667.13333333333,5.3621794871794854,235.25641025641025,23941.25
20220725,15,0.71,29.739354838709687,40.12258064516129,6.0272108843537415,0.07272727272727274,0.24025974025974026,28.573333333333334,49384.86666666667,5.393589743589746,244.93589743589743,18917.5
20220725,16,0.5,28.73354838709677,43.84516129032258,6.054421768707483,0.0883116883116883,0.2662337662337662,26.686666666666667,48582.8,5.25128205128205,249.2948717948718,13123.25
20220725,17,0.26,26.95354838709677,49.58709677419355,6.121621621621622,0.3155844155844156,0.2662337662337662,23.866666666666667,46871.2,5.210897435897438,256.6025641025641,7867.0
20220725,18,0.0,24.736774193548396,57.83225806451613,6.351351351351352,0.5733766233766235,0.36363636363636365,20.333333333333332,45471.6,4.940764331210193,256.8789808917197,3753.25
20220725,19,-0.26,23.076129032258056,63.26451612903226,6.610738255033557,0.12418300653594769,0.28104575163398693,11.311258278145695,44297.333333333336,4.479487179487178,266.9871794871795,998.75
20220725,20,-0.5,21.78258064516128,67.2258064516129,6.375838926174497,0.11960784313725493,0.29411764705882354,0.6225165562913907,44522.13333333333,4.0128205128205146,272.88461538461536,29.0
20220725,21,-0.71,20.692903225806436,70.92258064516129,6.134228187919463,0.2633986928104575,0.3006535947712418,0,43023.933333333334,3.744230769230769,267.8205128205128,0.0
20220725,22,-0.87,19.893589743589757,73.37179487179488,6.046979865771812,0.5320261437908498,0.2679738562091503,0,42948.13333333333,3.607051282051283,271.53846153846155,0.0
20220725,23,-0.97,19.164743589743587,76.0448717948718,6.241610738255034,0.42222222222222217,0.2549019607843137,0,42066.73333333333,3.5679487179487195,269.8076923076923,0.0
20220726,00,-1.0,18.585897435897447,78.17948717948718,6.375838926174497,0.5679738562091504,0.24183006535947713,0,42335.86666666667,3.430128205128206,268.84615384615387,0.0
20220726,01,-0.97,18.0025641025641,80.2051282051282,6.0,0.17777777777777778,0.22875816993464052,0,41707.6,3.287179487179486,259.2307692307692,0.0
20220726,02,-0.87,17.4724358974359,81.91025641025641,6.006711409395973,0.19934640522875818,0.24836601307189543,0,41036.6,3.1256410256410256,255.76923076923077,0.0
20220726,03,-0.71,17.076923076923066,82.96153846153847,6.275167785234899,0.18104575163398692,0.20915032679738563,0.0,40617.6,3.1512820512820516,250.7051282051282,0.0
20220726,04,-0.5,16.691666666666663,83.88461538461539,6.120805369127517,0.08758169934640522,0.1568627450980392,0.1986754966887417,40502.4,3.1525641025641025,249.10256410256412,69.5
20220726,05,-0.26,16.799358974358974,83.28846153846153,5.76510067114094,0.12418300653594772,0.1830065359477124,8.403973509933774,40331.6,3.2839743589743593,247.62820512820514,1020.25
20220726,06,-0.0,17.519871794871793,79.32692307692308,5.785234899328859,0.11437908496732026,0.23529411764705882,19.728476821192054,42779.13333333333,3.554487179487179,257.43589743589746,4147.0
20220726,07,0.26,18.325477707006367,74.39490445859873,5.604026845637584,0.05974025974025973,0.2662337662337662,25.642384105960264,46625.62913907285,4.146496815286623,268.1528662420382,9606.0
20220726,08,0.5,18.992948717948725,69.6923076923077,5.635135135135135,0.09740259740259738,0.23376623376623376,28.753333333333334,48016.46666666667,4.671612903225808,271.8709677419355,15967.75
20220726,09,0.71,19.630128205128212,65.47435897435898,6.0,0.09870129870129869,0.23376623376623376,27.82,51291.46666666667,4.916883116883117,270.97402597402595,20220.5
20220726,10,0.87,20.331410256410244,61.28846153846154,5.832214765100671,0.06623376623376623,0.2922077922077922,26.986666666666668,53157.8,5.096753246753244,275.5194805194805,22492.25
20220726,11,0.97,20.64935897435897,58.532051282051285,5.912751677852349,0.08571428571428572,0.2597402597402597,25.85333333333333,55547.53333333333,5.135064935064933,282.012987012987,23903.75
20220726,12,1.0,20.999358974358977,56.14102564102564,6.02027027027027,0.03766233766233767,0.18831168831168832,25.4,58033.62416107383,5.109032258064519,282.96774193548384,23735.5
20220726,13,0.97,21.064102564102573,55.33974358974359,6.449664429530201,0.07207792207792207,0.18181818181818182,23.326666666666668,57749.066666666666,5.088387096774193,287.37179487179486,23093.25
20220726,14,0.87,21.307692307692303,53.07692307692308,5.771812080536913,0.005194805194805195,0.14285714285714285,25.894039735099337,59695.6,5.0544871794871815,291.15384615384613,21278.0
20220726,15,0.71,21.26474358974359,52.65384615384615,6.087248322147651,0.040909090909090916,0.13636363636363635,25.066225165562916,59464.8,5.008333333333332,295.64102564102564,18631.25
20220726,16,0.5,21.02948717948718,52.756410256410255,5.946308724832215,0.01038961038961039,0.11038961038961038,26.29139072847682,62295.0,4.881410256410255,293.0128205128205,14509.25
20220726,17,0.26,20.5448717948718,54.532051282051285,5.6644295302013425,0.005194805194805195,0.08441558441558442,26.549668874172184,60784.86666666667,4.687820512820514,293.0769230769231,9161.0
20220726,18,0.0,19.722435897435894,56.63461538461539,5.76510067114094,0.0071428571428571435,0.05194805194805195,24.211920529801326,60954.2,4.325641025641024,295.3205128205128,4086.5
20220726,19,-0.26,18.45769230769231,61.32051282051282,5.919463087248322,0.0,0.08441558441558442,15.119205298013245,59714.6,3.7378205128205106,293.5897435897436,932.0
20220726,20,-0.5,17.260256410256417,66.12179487179488,5.97986577181208,0.0019480519480519483,0.06493506493506493,0.026490066225165563,57807.46666666667,3.1346153846153837,276.6025641025641,16.0
20220726,21,-0.71,16.33141025641026,69.71153846153847,5.912751677852349,0.026623376623376622,0.09090909090909091,0,56426.6,2.935897435897436,266.85897435897436,0.0
20220726,22,-0.87,15.621153846153835,72.6923076923077,6.114093959731544,0.0038961038961038965,0.09090909090909091,0,54734.066666666666,2.8724358974358966,245.3846153846154,0.0
20220726,23,-0.97,15.122435897435894,74.66666666666667,6.516778523489933,0.005844155844155844,0.09090909090909091,0,53725.666666666664,2.843589743589743,251.53846153846155,0.0
20220727,00,-1.0,14.678846153846157,75.87179487179488,6.610738255033557,0.0006493506493506494,0.08441558441558442,0,53265.0,2.843589743589744,250.25641025641025,0.0
20220727,01,-0.97,14.176282051282051,77.35897435897436,6.718120805369128,0.0038961038961038965,0.1038961038961039,0,52531.8,2.7116129032258067,236.21794871794873,0.0
20220727,02,-0.87,13.791666666666673,78.66666666666667,7.006711409395973,0.0,0.09740259740259741,0,50990.933333333334,2.6354838709677417,233.71794871794873,0.0
20220727,03,-0.71,13.435897435897436,79.74358974358974,6.906040268456376,0.025974025974025976,0.08441558441558442,0.0,50016.333333333336,2.671153846153844,234.03846153846155,0.0
20220727,04,-0.5,13.19743589743589,80.82051282051282,6.879194630872483,0.0071428571428571435,0.12337662337662338,0.12582781456953643,47762.8,2.7173076923076924,231.21794871794873,59.25
20220727,05,-0.26,13.58269230769231,79.68589743589743,7.108108108108108,0.0071428571428571435,0.08441558441558442,3.980132450331126,47402.13333333333,2.7387096774193536,222.1153846153846,1142.25
20220727,06,-0.0,14.561538461538458,75.06410256410257,6.7687074829931975,0.02077922077922078,0.11688311688311688,11.814569536423841,49249.73333333333,2.9425806451612893,229.2948717948718,4548.25
20220727,07,0.26,15.546794871794877,69.92948717948718,6.533783783783784,0.03766233766233766,0.14285714285714285,16.62251655629139,51404.6,3.343870967741936,225.83333333333334,9819.5
20220727,08,0.5,16.51089743589744,64.6474358974359,6.236486486486487,0.03896103896103896,0.11688311688311688,21.14569536423841,51816.4,3.6685897435897394,230.76923076923077,15931.75
20220727,09,0.71,17.42229299363057,59.17197452229299,6.243243243243243,0.01168831168831169,0.13636363636363635,24.90066225165563,53310.86666666667,3.8923076923076927,224.87179487179486,21161.0
20220727,10,0.87,18.134394904458592,55.66242038216561,6.466216216216216,0.0,0.07142857142857142,24.06578947368421,55647.6,4.054193548387099,245.7051282051282,23631.0
20220727,11,0.97,18.933121019108277,52.3312101910828,6.5675675675675675,0.0006493506493506494,0.08441558441558442,23.486842105263158,56591.666666666664,4.112820512820513,259.87179487179486,24696.25
20220727,12,1.0,19.423566878980907,49.955414012738856,6.283783783783784,0.0006493506493506494,0.05194805194805195,24.333333333333332,57874.8,4.240384615384614,261.53846153846155,25254.5
20220727,13,0.97,19.826751592356693,48.11464968152866,6.20945945945946,0.0006493506493506494,0.05194805194805195,25.15686274509804,57656.8,4.29487179487179,263.3333333333333,25396.0
20220727,14,0.87,20.32675159235669,46.47133757961783,5.89261744966443,0.0,0.045454545454545456,27.575163398692812,58791.85430463576,4.306369426751592,249.23566878980893,24056.5
20220727,15,0.71,20.31847133757963,45.82802547770701,5.382550335570469,0.0,0.012987012987012988,30.77124183006536,58624.17218543046,4.328846153846151,242.80254777070064,21202.75
20220727,16,0.5,20.212738853503172,45.63694267515923,4.5369127516778525,0.0,0.006493506493506494,33.02614379084967,60459.66887417219,4.227564102564104,245.28662420382165,16449.5
20220727,17,0.26,19.836942675159232,46.732484076433124,4.167785234899329,0.0,0.0,33.58169934640523,61459.73509933775,4.128205128205129,224.84076433121018,10310.0
20220727,18,0.0,19.040127388535044,48.92993630573248,3.5033557046979866,0.0,0.006493506493506494,37.77777777777778,61376.953642384105,3.891025641025641,206.2420382165605,4428.0
20220727,19,-0.26,17.53375796178345,54.07643312101911,3.2013422818791946,0.0,0.006493506493506494,27.745098039215687,60458.41059602649,3.451592356687898,203.69426751592357,1018.5
20220727,20,-0.5,15.854140127388538,60.40764331210191,3.140939597315436,0.0,0.01948051948051948,0.20261437908496732,57933.112582781454,2.9834394904458597,193.56687898089172,17.75
20220727,21,-0.71,14.768789808917196,64.64968152866243,3.2416107382550337,0.0,0.006493506493506494,0,57835.165562913906,2.7796178343949034,182.61146496815286,0.0
20220727,22,-0.87,13.847133757961778,68.38216560509554,3.6711409395973154,0.0,0.0,0,55724.56953642384,2.6439490445859875,170.95541401273886,0.0
20220727,23,-0.97,13.129936305732485,71.12101910828025,4.100671140939597,0.0,0.006493506493506494,0,55297.01986754967,2.5280254777070055,163.31210191082803,0.0
20220728,00,-1.0,12.463694267515924,73.81528662420382,4.348993288590604,0.0,0.01948051948051948,0,53819.470198675495,2.3808917197452235,175.9235668789809,0.0
20220728,01,-0.97,11.861146496815287,76.10191082802548,4.328859060402684,0.0,0.0,0,53066.225165562915,2.2993630573248414,187.38853503184714,0.0
20220728,02,-0.87,11.421019108280257,78.12101910828025,4.322147651006712,0.0,0.006493506493506494,0,51572.649006622516,2.2751592356687897,185.7324840764331,0.0
20220728,03,-0.71,11.064968152866237,79.71337579617834,4.302013422818792,0.0,0.01948051948051948,0.0,49737.81456953642,2.264968152866242,188.72611464968153,0.0
20220728,04,-0.5,10.937579617834393,80.54777070063695,5.241610738255034,0.0,0.0,0.7843137254901961,48418.87417218543,2.261146496815286,166.56050955414014,72.0
20220728,05,-0.26,12.04713375796179,77.38216560509554,5.671140939597316,0.0,0.01948051948051948,19.516339869281047,50088.47682119205,2.1738853503184714,165.54140127388536,1552.0
20220728,06,-0.0,13.914012738853502,70.50955414012739,6.060402684563758,0.0,0.012987012987012988,36.27450980392157,51944.56953642384,2.273717948717948,158.47133757961782,6186.25
20220728,07,0.26,15.840127388535024,62.503184713375795,6.046979865771812,0.0,0.012987012987012988,42.64052287581699,53756.887417218546,2.6840764331210196,130.89171974522293,13297.5
20220728,08,0.5,17.476433121019102,56.56687898089172,5.402684563758389,0.0,0.0,46.21568627450981,55088.41059602649,2.993630573248407,123.2484076433121,21439.5
20220728,09,0.71,18.902547770700632,51.97452229299363,5.053691275167785,0.0,0.0,47.81699346405229,55643.24503311258,3.1076433121019127,129.10828025477707,28403.75
20220728,10,0.87,20.124203821656046,48.42675159235669,5.0,0.0,0.0,49.254901960784316,55059.33774834437,3.2203821656050957,127.38853503184713,33115.0
20220728,11,0.97,21.147133757961782,45.4140127388535,4.87248322147651,0.0,0.0,51.02614379084967,57957.350993377484,3.293630573248409,121.84713375796179,35217.5
20220728,12,1.0,21.954140127388538,42.961783439490446,5.167785234899329,0.0,0.012987012987012988,49.705882352941174,56755.09933774835,3.2891719745222945,122.1656050955414,35180.5
20220728,13,0.97,22.694904458598735,41.140127388535035,5.577181208053691,0.0,0.0,47.869281045751634,57573.17880794702,3.194904458598726,129.61783439490446,33136.0
20220728,14,0.87,23.080891719745228,40.1656050955414,5.617449664429531,0.0,0.0,45.6078431372549,57248.87417218543,3.137579617834394,107.45222929936305,29150.0
20220728,15,0.71,23.26433121019109,39.605095541401276,5.926174496644295,0.0,0.012987012987012988,43.8562091503268,58199.73509933775,3.1000000000000005,109.171974522293,24000.5
20220728,16,0.5,23.224840764331205,40.140127388535035,6.026845637583893,0.0,0.006493506493506494,43.71895424836601,59529.27152317881,3.105732484076432,101.21019108280255,17485.5
20220728,17,0.26,22.73821656050956,41.42675159235669,6.241610738255034,0.005844155844155844,0.012987012987012988,41.01960784313726,57845.82781456954,3.233757961783438,98.53503184713375,10272.25
20220728,18,0.0,21.82547770700637,44.57324840764331,6.469798657718121,0.027272727272727268,0.03896103896103896,36.21568627450981,59540.39735099338,3.255414012738853,78.08917197452229,4234.25
20220728,19,-0.26,20.157324840764346,50.2484076433121,6.8389261744966445,0.08896103896103896,0.032467532467532464,17.516339869281047,57602.384105960264,3.0324840764331196,68.08917197452229,1012.25
20220728,20,-0.5,18.549044585987264,55.98726114649681,6.993288590604027,0.18766233766233764,0.03896103896103896,0.37254901960784315,55820.99337748344,2.8942675159235685,76.43312101910828,16.25
20220728,21,-0.71,17.656050955414017,59.452229299363054,7.120805369127517,0.0779220779220779,0.05194805194805195,0,54096.15894039735,2.9923566878980883,78.15286624203821,0.0
20220728,22,-0.87,16.863057324840767,62.77707006369427,7.208053691275167,0.06883116883116883,0.07792207792207792,0,54895.96026490066,2.9382165605095545,91.84713375796179,0.0
20220728,23,-0.97,16.459872611464963,64.52866242038216,7.033557046979865,0.05454545454545455,0.06493506493506493,0,55070.596026490064,2.8267515923566884,102.54777070063695,0.0
20220729,00,-1.0,15.794267515923563,67.47133757961784,6.845637583892618,0.026623376623376622,0.06493506493506493,0,55218.34437086093,2.6420382165605094,109.36305732484077,0.0
20220729,01,-0.97,15.33694267515923,69.63694267515923,7.087248322147651,0.019480519480519484,0.06493506493506493,0,53571.72185430463,2.4617834394904463,100.44585987261146,0.0
20220729,02,-0.87,14.937579617834393,71.0,6.912751677852349,0.0012987012987012987,0.045454545454545456,0,52902.05298013245,2.405732484076433,108.59872611464968,0.0
20220729,03,-0.71,14.515286624203824,73.24203821656052,6.718120805369128,0.013636363636363637,0.032467532467532464,0.0,50199.470198675495,2.30764331210191,113.75796178343948,0.0
20220729,04,-0.5,14.408917197452231,74.171974522293,6.624161073825503,0.013636363636363637,0.05194805194805195,0.6339869281045751,50747.88079470199,2.2280254777070057,125.09554140127389,56.5
20220729,05,-0.26,14.97006369426752,73.46496815286625,6.885906040268456,0.007792207792207792,0.045454545454545456,8.372549019607844,51319.13907284768,2.1585987261146506,121.59235668789809,1163.0
20220729,06,-0.0,16.400636942675167,68.89808917197452,7.02013422818792,0.01038961038961039,0.05844155844155844,19.235294117647058,53164.437086092716,2.17452229299363,122.73885350318471,4555.25
20220729,07,0.26,18.025477707006374,63.4203821656051,7.040268456375839,0.013636363636363637,0.06493506493506493,24.81699346405229,55664.76821192053,2.3719745222929935,125.22292993630573,9820.25
20220729,08,0.5,19.6108280254777,58.802547770700635,7.080536912751678,0.01038961038961039,0.08441558441558442,29.73856209150327,54771.39072847682,2.4910828025477714,128.6624203821656,15997.25
20220729,09,0.71,21.094267515923562,55.07643312101911,7.337837837837838,0.025974025974025976,0.08441558441558442,32.666666666666664,54988.94039735099,2.6891719745222926,125.22292993630573,21931.25
20220729,10,0.87,22.313375796178352,51.54140127388535,7.1866666666666665,0.01948051948051948,0.11038961038961038,34.189542483660134,54353.112582781454,2.97452229299363,130.828025477707,26048.0
20220729,11,0.97,23.378343949044588,48.27388535031847,7.073333333333333,0.00974025974025974,0.11688311688311688,33.66013071895425,53844.6357615894,3.28471337579618,135.9235668789809,27282.0
20220729,12,1.0,24.084076433121016,46.267515923566876,6.973333333333334,0.022727272727272724,0.09740259740259741,35.37908496732026,53865.43046357616,3.5280254777070055,142.54777070063693,26684.0
20220729,13,0.97,24.438853503184717,45.40127388535032,7.086666666666667,0.03506493506493507,0.07792207792207792,30.836601307189543,54295.562913907284,3.5834394904458606,147.2611464968153,23892.5
20220729,14,0.87,24.482165605095542,45.87261146496815,7.213333333333333,0.20324675324675326,0.14935064935064934,28.954248366013072,53757.48344370861,3.603184713375796,153.7579617834395,20384.25
20220729,15,0.71,24.145222929936306,47.46496815286624,7.12,0.26363636363636367,0.22077922077922077,24.81045751633987,53953.64238410596,3.610191082802546,154.3312101910828,16311.0
20220729,16,0.5,23.522292993630572,50.681528662420384,7.246666666666667,0.34805194805194806,0.2792207792207792,22.30065359477124,51630.39735099338,3.647133757961783,145.03184713375796,11171.5
20220729,17,0.26,22.765605095541396,54.044585987261144,7.053333333333334,0.15844155844155844,0.2792207792207792,20.836601307189543,51603.97350993378,3.6503184713375796,149.93630573248407,6626.75
20220729,18,0.0,21.664331210191097,58.7515923566879,6.566666666666666,0.27012987012987016,0.2597402597402597,16.88235294117647,49260.99337748344,3.501910828025478,147.0063694267516,2907.25
20220729,19,-0.26,20.32929936305733,64.2547770700637,6.593333333333334,0.5123376623376623,0.2987012987012987,10.61437908496732,48534.834437086094,3.2273885350318468,155.0955414012739,711.75
20220729,20,-0.5,19.122929936305727,69.47133757961784,6.266666666666667,0.24220779220779215,0.33116883116883117,0.1568627450980392,45824.503311258275,3.035031847133759,150.95541401273886,14.5
20220729,21,-0.71,18.35987261146497,73.29299363057325,6.486666666666666,0.17077922077922075,0.33116883116883117,0,44408.079470198674,2.872611464968153,162.1656050955414,0.0
20220729,22,-0.87,17.66751592356689,76.20382165605096,6.12,0.14285714285714282,0.35714285714285715,0,44182.649006622516,2.6821656050955403,162.1656050955414,0.0
20220729,23,-0.97,17.189808917197457,78.54140127388536,6.093333333333334,0.09480519480519477,0.2857142857142857,0,42713.708609271525,2.566242038216559,179.171974522293,0.0
20220730,00,-1.0,16.705732484076435,80.1592356687898,6.006666666666667,0.07987012987012986,0.24025974025974026,0,40852.18543046358,2.3821656050955418,181.84713375796179,0.0
20220730,01,-0.97,16.223566878980897,82.35668789808918,5.746666666666667,0.10324675324675323,0.21428571428571427,0,37642.649006622516,2.2802547770700636,190.38216560509554,0.0
20220730,02,-0.87,15.70955414012739,84.64331210191082,5.6066666666666665,0.14025974025974028,0.2597402597402597,0,34171.12582781457,2.22484076433121,189.42675159235668,0.0
20220730,03,-0.71,15.2235668789809,86.54777070063695,5.053333333333334,0.11428571428571427,0.2077922077922078,0.0,32487.549668874173,2.1108280254777085,187.89808917197453,0.0
20220730,04,-0.5,14.977707006369421,87.63694267515923,5.14,0.11168831168831168,0.22077922077922077,0.27631578947368424,30528.741721854305,2.09872611464968,202.61146496815286,33.0
20220730,05,-0.26,15.28471337579618,86.87898089171975,5.386666666666667,0.1142857142857143,0.21428571428571427,7.368421052631579,30624.370860927153,2.0980891719745225,206.05095541401275,819.25
20220730,06,-0.0,16.301273885350327,83.00636942675159,5.426666666666667,0.07012987012987011,0.16883116883116883,20.79605263157895,32929.867549668874,2.124840764331209,204.3312101910828,3779.75
20220730,07,0.26,17.391082802547768,78.26751592356688,5.133333333333334,0.07662337662337661,0.18181818181818182,25.32894736842105,37162.84768211921,2.47515923566879,222.29299363057325,9273.25
20220730,08,0.5,18.64968152866242,72.45222929936305,5.013333333333334,0.05194805194805195,0.13636363636363635,32.0921052631579,41918.47682119205,2.682165605095541,228.9171974522293,15940.75
20220730,09,0.71,19.815923566878975,67.05095541401273,4.833333333333333,0.08376623376623378,0.15584415584415584,34.01315789473684,44102.45033112583,2.898089171974522,232.6751592356688,22007.75
20220730,10,0.87,20.82738853503184,61.71337579617835,4.706666666666667,0.057142857142857134,0.09090909090909091,35.03947368421053,47308.013245033115,3.2050955414012736,239.87261146496814,25606.0
20220730,11,0.97,21.733757961783425,57.46496815286624,4.826666666666667,0.06493506493506493,0.09090909090909091,35.58552631578947,48426.02649006622,3.493630573248407,243.94904458598725,27222.75
20220730,12,1.0,22.25541401273885,55.2484076433121,4.793333333333333,0.15129870129870132,0.15584415584415584,35.88157894736842,50152.98013245033,3.7057324840764356,250.0,26635.0
20220730,13,0.97,22.556050955414026,54.0,5.54,0.15714285714285717,0.15584415584415584,32.796052631578945,51799.20529801324,3.8197452229299387,242.54777070063693,25191.75
20220730,14,0.87,22.91337579617833,52.52229299363057,5.626666666666667,0.0792207792207792,0.17532467532467533,33.828947368421055,54423.774834437085,3.8942675159235667,239.36305732484075,23089.25
20220730,15,0.71,22.86942675159236,52.70063694267516,5.926666666666667,0.028571428571428567,0.16883116883116883,33.71052631578947,54623.377483443706,3.938216560509556,235.7324840764331,19617.75
20220730,16,0.5,22.64267515923567,53.17197452229299,6.154362416107382,0.0461038961038961,0.14935064935064934,32.526315789473685,54065.62913907285,3.913461538461538,227.37179487179486,14688.5
20220730,17,0.26,22.2140127388535,54.36305732484077,6.355704697986577,0.014285714285714287,0.11038961038961038,31.543046357615893,56030.529801324505,3.65548387096774,228.96774193548387,8882.5
20220730,18,0.0,21.340127388535034,57.51592356687898,6.275167785234899,0.017532467532467535,0.11038961038961038,27.821192052980134,54984.105960264904,3.173548387096775,236.6451612903226,3821.25
20220730,19,-0.26,19.868152866242035,63.94267515923567,6.073333333333333,0.016233766233766232,0.07142857142857142,14.05921052631579,53640.66225165563,2.448717948717948,234.67948717948718,786.5
20220730,20,-0.5,18.428662420382167,70.1656050955414,5.64,0.016233766233766232,0.09090909090909091,0.0,49150.79470198676,2.110897435897435,223.84615384615384,5.25
20220730,21,-0.71,17.50764331210191,74.02547770700637,5.133333333333334,0.03766233766233766,0.05844155844155844,0,48457.94701986755,1.9173076923076917,219.03846153846155,0.0
20220730,22,-0.87,16.686624203821662,77.07006369426752,4.6,0.0,0.032467532467532464,0,45091.65562913907,1.7724358974358974,209.55128205128204,0.0
20220730,23,-0.97,16.000636942675158,79.78980891719745,4.64,0.0,0.01948051948051948,0,42050.33112582781,1.7198717948717943,203.07692307692307,0.0
20220731,00,-1.0,15.473248407643313,81.68789808917198,4.846666666666667,0.0,0.006493506493506494,0,40612.58278145696,1.6692307692307684,199.74358974358975,0.0
20220731,01,-0.97,15.106410256410253,83.10897435897436,5.100671140939597,0.0,0.006535947712418301,0,39503.26666666667,1.6141935483870966,193.5483870967742,0.0
20220731,02,-0.87,14.745512820512818,84.18589743589743,5.181208053691275,0.0,0.0,0,36956.933333333334,1.6316129032258067,206.38709677419354,0.0
20220731,03,-0.71,14.416666666666673,85.44871794871794,5.483221476510067,0.0,0.006535947712418301,0.0,34529.73333333333,1.5529032258064506,209.41935483870967,0.0
20220731,04,-0.5,14.28141025641026,85.98076923076923,5.597315436241611,0.0006535947712418301,0.026143790849673203,0.23178807947019867,33539.933333333334,1.6141935483870968,206.06451612903226,46.25
20220731,05,-0.26,15.216666666666674,83.73076923076923,5.865771812080537,0.0006535947712418301,0.0457516339869281,14.821192052980132,35436.53333333333,1.6825806451612908,203.93548387096774,1288.0
20220731,06,-0.0,16.849358974358974,78.08333333333333,5.953020134228188,0.0,0.0392156862745098,22.920529801324502,40492.26666666667,1.733548387096775,202.7741935483871,5179.25
20220731,07,0.26,18.560256410256418,70.35897435897436,6.154362416107382,0.0,0.0196078431372549,23.125827814569536,46792.4,1.9916129032258072,215.5483870967742,10486.25
20220731,08,0.5,20.299358974358967,63.19871794871795,5.926174496644295,0.0006535947712418301,0.05228758169934641,26.52980132450331,52232.0,2.229677419354839,216.83870967741936,16754.5
20220731,09,0.71,21.801923076923078,56.52564102564103,5.738255033557047,0.0,0.0784313725490196,30.887417218543046,54530.2,2.6032258064516105,220.90322580645162,23154.0
20220731,10,0.87,22.997435897435896,51.52564102564103,5.778523489932886,0.0,0.0915032679738562,34.52980132450331,55329.933333333334,3.003870967741934,228.96774193548387,27701.5
20220731,11,0.97,24.005128205128205,47.955128205128204,5.919463087248322,0.007189542483660131,0.10457516339869281,33.94701986754967,54490.73333333333,3.4432258064516152,243.29032258064515,29102.5
20220731,12,1.0,24.548387096774192,46.18064516129032,5.851351351351352,0.0196078431372549,0.16339869281045752,33.88666666666666,54865.70469798658,3.703870967741935,243.33333333333334,28637.5
20220731,13,0.97,24.97870967741935,45.380645161290325,6.121621621621622,0.024836601307189544,0.16993464052287582,31.12,57290.26845637584,3.834193548387097,245.74193548387098,25712.25
20220731,14,0.87,25.041935483870983,46.28387096774193,6.364864864864865,0.09999999999999999,0.20915032679738563,28.086666666666666,55780.20134228188,3.9296774193548383,246.0897435897436,21474.5
20220731,15,0.71,24.907741935483877,47.251612903225805,6.405405405405405,0.12679738562091508,0.19607843137254902,23.30666666666667,56453.82550335571,3.95225806451613,249.29032258064515,16729.5
20220731,16,0.5,24.692948717948727,48.88461538461539,6.331081081081081,0.19215686274509802,0.2549019607843137,19.74,55704.2,3.7122580645161287,247.69230769230768,12141.25
20220731,17,0.26,24.04294871794872,52.166666666666664,6.364864864864865,0.1830065359477124,0.27450980392156865,17.483443708609272,54651.8,3.4551282051282066,250.3846153846154,7024.0
20220731,18,0.0,23.052564102564105,56.90384615384615,6.671232876712328,0.29346405228758177,0.32679738562091504,12.079470198675496,53795.906040268455,3.032258064516129,246.0,2852.25
20220731,19,-0.26,21.812820512820508,62.30769230769231,6.897260273972603,0.23725490196078433,0.3333333333333333,7.178807947019868,51926.17449664429,2.5787096774193548,245.80645161290323,538.25
20220731,20,-0.5,20.701282051282053,67.2948717948718,6.821917808219178,0.17777777777777778,0.38562091503267976,0.24503311258278146,49784.56375838926,2.436129032258065,227.16129032258064,4.25
20220731,21,-0.71,19.886538461538457,71.46794871794872,6.465753424657534,0.2653594771241831,0.3790849673202614,0,47605.57046979866,2.414193548387097,220.06451612903226,0.0
20220731,22,-0.87,19.40128205128205,73.73076923076923,6.554794520547945,0.222875816993464,0.4117647058823529,0,47088.724832214764,2.4632258064516135,226.58064516129033,0.0
20220731,23,-0.97,18.97051282051282,75.8974358974359,6.554794520547945,0.15490196078431373,0.3790849673202614,0,45895.70469798658,2.5916129032258053,236.58064516129033,0.0
20220801,00,-1.0,18.587820512820514,77.8974358974359,6.541095890410959,0.05882352941176469,0.37254901960784315,0,45850.13422818792,2.7090322580645165,238.19354838709677,0.0
20220801,01,-0.97,18.090384615384608,80.40384615384616,6.062068965517241,0.07450980392156863,0.3333333333333333,0,43912.214765100674,2.75483870967742,252.06451612903226,0.0
20220801,02,-0.87,17.723717948717955,82.03205128205128,6.198630136986301,0.05947712418300653,0.2875816993464052,0,44744.89932885906,2.7735483870967745,246.06451612903226,0.0
20220801,03,-0.71,17.482692307692314,83.21794871794872,6.1438356164383565,0.034640522875816995,0.2679738562091503,0.0,42605.906040268455,2.839999999999999,257.741935483871,0.0
20220801,04,-0.5,17.208333333333332,84.3525641025641,6.417808219178082,0.05359477124183006,0.2875816993464052,0.033112582781456956,41035.36912751678,2.876774193548388,261.35483870967744,24.25
20220801,05,-0.26,17.40576923076923,84.0,6.267123287671233,0.03660130718954248,0.26143790849673204,4.913907284768212,39640.80536912752,2.8180645161290343,264.258064516129,814.25
20220801,06,-0.0,18.217948717948723,81.26923076923077,6.469387755102041,0.054901960784313725,0.2875816993464052,14.23841059602649,41083.46666666667,2.9683870967741957,275.93548387096774,3823.75
20220801,07,0.26,19.01089743589744,78.25,6.115646258503402,0.08627450980392154,0.3202614379084967,18.509933774834437,43069.73333333333,3.3264516129032273,283.5483870967742,9110.5
20220801,08,0.5,19.750318471337586,74.71337579617834,6.25,0.08116883116883115,0.2662337662337662,21.67549668874172,48170.26666666667,3.492948717948717,284.20382165605093,15062.25
20220801,09,0.71,20.466878980891718,70.59872611464968,6.337837837837838,0.053896103896103886,0.23376623376623376,22.513157894736842,53028.86666666667,3.6796178343949046,284.7770700636943,19625.5
20220801,10,0.87,21.15286624203821,66.88535031847134,6.154362416107382,0.04155844155844156,0.22077922077922077,22.95394736842105,53253.53333333333,3.890445859872613,290.2547770700637,22332.25
20220801,11,0.97,21.826114649681536,63.197452229299365,6.033557046979865,0.04415584415584415,0.22077922077922077,26.388157894736842,56756.066666666666,4.052866242038218,286.2420382165605,24139.25
20220801,12,1.0,22.33630573248407,60.261146496815286,6.087248322147651,0.04935064935064935,0.18831168831168832,28.164473684210527,57862.933333333334,4.177070063694269,289.2356687898089,24633.75
20220801,13,0.97,22.82165605095542,57.27388535031847,6.358108108108108,0.02077922077922078,0.16883116883116883,27.90066225165563,58553.933333333334,4.178980891719744,290.5732484076433,23948.0
20220801,14,0.87,23.040127388535023,55.63057324840764,6.513513513513513,0.028571428571428567,0.13636363636363635,29.503311258278146,59664.36241610738,4.212179487179485,296.7515923566879,22369.25
20220801,15,0.71,23.105732484076434,54.203821656050955,6.79054054054054,0.012987012987012988,0.09740259740259741,30.735099337748345,61092.41610738255,4.196794871794872,295.38461538461536,19341.75
20220801,16,0.5,22.784713375796183,54.87261146496815,6.736486486486487,0.0025974025974025974,0.045454545454545456,30.14569536423841,61302.281879194634,4.065384615384613,303.3333333333333,13888.5
20220801,17,0.26,22.17324840764331,56.62420382165605,6.597315436241611,0.06168831168831169,0.045454545454545456,28.165562913907284,61443.666666666664,3.729299363057327,296.56050955414014,8426.5
20220801,18,0.0,21.160509554140123,60.22292993630573,6.10738255033557,0.1409090909090909,0.06493506493506493,25.75657894736842,60755.066666666666,3.363694267515922,288.47133757961785,3600.0
20220801,19,-0.26,19.739490445859882,65.80254777070064,5.724832214765101,0.18311688311688315,0.08441558441558442,18.085526315789473,59843.86666666667,2.8305732484076436,277.19745222929936,791.25
20220801,20,-0.5,18.248407643312092,72.10191082802548,5.120805369127517,0.06753246753246754,0.12987012987012986,0.45394736842105265,54557.666666666664,2.3382165605095544,266.4331210191083,8.75
20220801,21,-0.71,17.24458598726115,76.2484076433121,5.114093959731544,0.08116883116883118,0.12337662337662338,0,54700.8,2.1668789808917204,233.88535031847132,0.0
20220801,22,-0.87,16.32993630573248,80.38853503184713,5.114093959731544,0.1077922077922078,0.11038961038961038,0,50266.0,2.0261146496815297,222.4203821656051,0.0
20220801,23,-0.97,15.482802547770705,83.34394904458598,5.147651006711409,0.09545454545454544,0.07792207792207792,0,47153.73333333333,1.9299363057324834,219.42675159235668,0.0
20220802,00,-1.0,14.852229299363058,85.38853503184713,5.208053691275167,0.13896103896103898,0.07792207792207792,0,45450.26666666667,1.7828025477707006,217.19745222929936,0.0
20220802,01,-0.97,14.297452229299374,87.38216560509554,5.087248322147651,0.049999999999999996,0.05844155844155844,0,42720.2,1.7388535031847145,210.12738853503186,0.0
20220802,02,-0.87,13.78471337579618,88.67515923566879,5.167785234899329,0.03701298701298701,0.05844155844155844,0,40639.2,1.6101910828025476,219.80891719745222,0.0
20220802,03,-0.71,13.315286624203825,89.98726114649682,5.644295302013423,0.007792207792207792,0.01948051948051948,0.0,36359.26666666667,1.5528662420382164,213.69426751592357,0.0
20220802,04,-0.5,13.04458598726114,90.75796178343948,5.543624161073826,0.0,0.01948051948051948,0.14473684210526316,33563.333333333336,1.577707006369427,207.89808917197453,37.0
20220802,05,-0.26,13.833121019108285,88.56050955414013,5.087248322147651,0.0006493506493506494,0.012987012987012988,16.289473684210527,36819.0,1.4401273885350312,197.5796178343949,1241.25
20220802,06,-0.0,15.950318471337587,80.45859872611464,4.405405405405405,0.0006493506493506494,0.01948051948051948,44.85526315789474,44446.066666666666,1.3936305732484078,178.28025477707007,5657.25
20220802,07,0.26,17.98917197452229,71.63057324840764,4.436241610738255,0.0,0.01948051948051948,53.63815789473684,48834.26666666667,1.654140127388536,190.95541401273886,13106.75
20220802,08,0.5,19.863057324840764,64.03184713375796,4.391891891891892,0.0,0.0,56.80794701986755,52595.70469798658,2.0050955414012743,190.19108280254778,21801.25
20220802,09,0.71,21.33184713375797,57.47770700636943,3.8095238095238093,0.0,0.0,55.873333333333335,55032.61744966443,2.3694267515923557,198.72611464968153,28880.25
20220802,10,0.87,22.67579617834396,51.28025477707006,3.328767123287671,0.0,0.006535947712418301,54.46666666666667,57576.711409395975,2.6916666666666673,215.44871794871796,33178.0
20220802,11,0.97,23.804458598726114,47.5796178343949,3.8013698630136985,0.0,0.006535947712418301,53.22666666666667,58262.61744966443,2.928662420382167,220.12738853503186,34741.5
20220802,12,1.0,24.795512820512815,44.66025641025641,4.061224489795919,0.0,0.013071895424836602,52.79194630872483,59625.23489932886,3.112101910828025,226.2420382165605,34865.0
20220802,13,0.97,25.48205128205127,42.64102564102564,4.486486486486487,0.0,0.0196078431372549,51.77852348993289,58921.87919463087,3.1662420382165584,224.20382165605096,33370.25
20220802,14,0.87,26.121794871794865,41.30128205128205,5.217687074829932,0.01176470588235294,0.05228758169934641,51.22818791946309,59620.93959731544,3.1464968152866235,229.61783439490446,30020.25
20220802,15,0.71,26.25705128205128,40.6025641025641,6.2534246575342465,0.018954248366013074,0.0718954248366013,50.1554054054054,60239.6644295302,3.139490445859872,230.38216560509554,24318.0
20220802,16,0.5,26.15961538461539,41.19230769230769,6.659863945578231,0.01764705882352941,0.05228758169934641,45.92617449664429,60923.4899328859,2.981410256410258,230.51282051282053,17049.5
20220802,17,0.26,25.818589743589737,42.743589743589745,7.149659863945578,0.0196078431372549,0.0718954248366013,39.58389261744966,61611.409395973154,2.684076433121019,223.88535031847132,9739.5
20220802,18,0.0,24.953205128205138,46.67307692307692,7.342281879194631,0.00457516339869281,0.0784313725490196,34.288590604026844,61827.18120805369,2.2840764331210197,221.52866242038218,4103.5
20220802,19,-0.26,22.874358974358984,54.3525641025641,7.120805369127517,0.0032679738562091504,0.0718954248366013,19.2,59771.81208053691,1.7229299363057324,206.81528662420382,812.5
20220802,20,-0.5,21.04294871794872,61.42307692307692,6.946308724832215,0.0026143790849673205,0.0718954248366013,0.32,57168.523489932886,1.4885350318471338,172.22929936305732,6.5
20220802,21,-0.71,19.917948717948722,65.90384615384616,6.275167785234899,0.0,0.05228758169934641,0,58419.73154362416,1.463057324840765,165.28662420382165,0.0
20220802,22,-0.87,19.13589743589743,68.5576923076923,5.369127516778524,0.0,0.026143790849673203,0,56523.55704697986,1.5089171974522302,158.9171974522293,0.0
20220802,23,-0.97,18.49423076923076,70.96153846153847,4.4630872483221475,0.0006535947712418301,0.013071895424836602,0,56923.89261744967,1.4987261146496806,158.40764331210192,0.0
20220803,00,-1.0,17.96987179487179,72.74358974358974,3.5503355704697985,0.0,0.006535947712418301,0,55437.718120805366,1.5178343949044582,162.29299363057325,0.0
20220803,01,-0.97,17.580254777070056,73.80891719745223,2.953020134228188,0.0,0.013071895424836602,0,53951.0067114094,1.5872611464968154,159.93630573248407,0.0
20220803,02,-0.87,17.086624203821657,75.50955414012739,2.4161073825503356,0.0,0.006535947712418301,0,51487.44966442953,1.6649681528662412,155.47770700636943,0.0
20220803,03,-0.71,16.749681528662425,76.43312101910828,2.38255033557047,0.0,0.0,0.0,51108.657718120805,1.7605095541401266,164.96815286624204,0.0
20220803,04,-0.5,16.364331210191075,77.79617834394904,2.208053691275168,0.0,0.006535947712418301,0.0,49218.92617449664,1.7764331210191096,171.656050955414,34.25
20220803,05,-0.26,17.46815286624204,74.19745222929936,2.228187919463087,0.0,0.0,27.337748344370862,50539.73154362416,1.7675159235668794,160.5095541401274,1107.0
20220803,06,-0.0,20.023566878980898,64.95541401273886,2.214765100671141,0.0,0.0,55.94039735099338,52661.07382550336,1.79936305732484,161.21019108280254,5772.5
20220803,07,0.26,22.62611464968152,56.66242038216561,2.1946308724832213,0.0,0.0,58.90728476821192,55278.724832214764,2.0312101910828027,168.9171974522293,13918.75
20220803,08,0.5,24.938216560509556,49.6687898089172,2.704697986577181,0.0,0.0,59.152317880794705,56465.23489932886,2.4184713375796183,174.5859872611465,22404.5
20220803,09,0.71,26.6732484076433,44.51592356687898,3.25,0.0,0.0,59.370860927152314,57648.18791946309,2.791719745222931,182.48407643312103,29242.75
20220803,10,0.87,27.89426751592356,41.267515923566876,3.7162162162162162,0.0,0.0,59.16447368421053,57154.161073825504,3.201910828025479,189.10828025477707,33861.25
20220803,11,0.97,28.81210191082803,38.76433121019108,3.5135135135135136,0.0,0.0,59.01315789473684,60061.476510067114,3.3471337579617844,193.12101910828025,36291.25
20220803,12,1.0,29.571974522292994,36.7515923566879,3.824324324324324,0.0,0.0,58.23684210526316,58684.8322147651,3.3184713375796187,197.3248407643312,36673.0
20220803,13,0.97,30.136305732484075,35.29299363057325,3.9863945578231292,0.0,0.0,58.75657894736842,58068.85135135135,3.2273885350318463,202.1656050955414,35123.75
20220803,14,0.87,30.629299363057314,34.445859872611464,3.795918367346939,0.0,0.0,57.9078947368421,59649.39189189189,3.0660256410256412,208.71794871794873,31664.75
20220803,15,0.71,30.778343949044572,33.94904458598726,3.836734693877551,0.0,0.0,55.98026315789474,60979.45945945946,2.933333333333333,213.46153846153845,26191.25
20220803,16,0.5,30.611464968152884,34.605095541401276,3.7210884353741496,0.0,0.0,54.83552631578947,60293.04054054054,2.6487179487179495,216.02564102564102,18948.25
20220803,17,0.26,30.111464968152866,35.70700636942675,3.7687074829931975,0.0,0.0,51.46052631578947,59830.2027027027,2.4141025641025644,213.07692307692307,10802.75
20220803,18,0.0,28.88461538461539,39.85897435897436,3.4829931972789114,0.0,0.0,50.65562913907285,59255.27027027027,2.1243589743589744,199.42307692307693,4068.25
20220803,19,-0.26,26.066666666666663,48.63461538461539,2.7567567567567566,0.0,0.006535947712418301,30.56291390728477,58372.02702702703,1.6916666666666669,178.65384615384616,653.25
20220803,20,-0.5,23.758333333333322,56.30128205128205,2.114864864864865,0.0,0.0,0.06622516556291391,54950.27027027027,1.5948717948717943,154.03846153846155,5.25
20220803,21,-0.71,22.47820512820513,60.92948717948718,1.777027027027027,0.0,0.0,0,54045.87837837838,1.5570512820512832,145.0,0.0
20220803,22,-0.87,21.525641025641026,63.73717948717949,1.5608108108108107,0.0,0.0,0,54110.67567567567,1.563461538461539,142.8846153846154,0.0
20220803,23,-0.97,20.653205128205137,67.07051282051282,1.2297297297297298,0.0,0.0,0,52578.91891891892,1.6282051282051277,145.64102564102564,0.0
20220804,00,-1.0,19.948717948717956,69.50641025641026,1.2094594594594594,0.0,0.0,0,51559.86486486487,1.7025641025641023,141.21794871794873,0.0
20220804,01,-0.97,19.322435897435902,71.8525641025641,1.25,0.0,0.0,0,50243.31081081081,1.7044871794871794,154.03846153846155,0.0
20220804,02,-0.87,18.85833333333333,73.87820512820512,2.0135135135135136,0.0,0.0,0,48716.62162162162,1.7141025641025658,149.67948717948718,0.0
20220804,03,-0.71,18.415384615384603,74.96794871794872,2.6824324324324325,0.0,0.0,0.0,47783.24324324324,1.7102564102564104,147.8846153846154,0.0
20220804,04,-0.5,18.149999999999995,75.81410256410257,3.3716216216216215,0.0,0.0,0.09333333333333334,46808.98648648649,1.7621794871794871,158.65384615384616,24.75
20220804,05,-0.26,19.2423076923077,72.16666666666667,3.310810810810811,0.0,0.006535947712418301,27.253333333333334,48028.37837837838,1.7032051282051288,158.97435897435898,1142.75
20220804,06,-0.0,22.05000000000001,62.6474358974359,3.1486486486486487,0.0,0.0,55.44,48503.85135135135,1.7051282051282048,146.85897435897436,5733.75
20220804,07,0.26,24.802564102564098,53.41025641025641,3.7837837837837838,0.0,0.0,58.5,53485.06756756757,1.8935897435897446,153.65384615384616,13465.5
20220804,08,0.5,27.323076923076925,45.77564102564103,4.027027027027027,0.0,0.0,58.72,54180.67567567567,2.1820512820512827,160.32051282051282,21551.5
20220804,09,0.71,29.338461538461527,40.22435897435897,4.292517006802721,0.0,0.0,59.22666666666667,55255.27027027027,2.5134615384615384,169.74358974358975,28026.75
20220804,10,0.87,30.862179487179485,36.243589743589745,4.299319727891157,0.0,0.0,58.36666666666667,56196.01351351351,2.939102564102564,173.33333333333334,32381.25
20220804,11,0.97,31.867307692307694,33.282051282051285,4.1768707482993195,0.0,0.006535947712418301,56.32666666666667,57072.5,3.2730769230769234,184.55128205128204,34330.75
20220804,12,1.0,32.45961538461539,31.685897435897434,4.360544217687075,0.0006535947712418301,0.013071895424836602,55.57333333333333,56875.973154362415,3.4185897435897434,194.20382165605096,33921.25
20220804,13,0.97,32.67820512820512,31.224358974358974,4.533783783783784,0.0,0.013071895424836602,50.79333333333334,57627.04697986577,3.5815286624203817,208.98089171974522,31080.75
20220804,14,0.87,32.66153846153847,31.91025641025641,4.716216216216216,0.007189542483660131,0.0196078431372549,46.126666666666665,56544.093959731545,3.5299363057324844,211.97452229299364,26992.25
20220804,15,0.71,32.26987179487178,33.05769230769231,4.557823129251701,0.027450980392156862,0.0457516339869281,42.74666666666667,59096.97986577181,3.4878980891719737,215.60509554140128,22159.25
20220804,16,0.5,31.78333333333334,34.8525641025641,4.466216216216216,0.033333333333333326,0.09803921568627451,40.126666666666665,57481.476510067114,3.2917197452229288,218.53503184713375,15794.25
20220804,17,0.26,30.710897435897444,37.78846153846154,3.925675675675676,0.04379084967320261,0.11764705882352941,40.31333333333333,57773.288590604025,3.268152866242039,221.71974522292993,9089.5
20220804,18,0.0,29.069871794871794,43.032051282051285,3.8783783783783785,0.14901960784313725,0.0915032679738562,37.3,57027.852348993285,2.961146496815287,223.31210191082803,3454.75
20220804,19,-0.26,26.47179487179488,50.03846153846154,3.61744966442953,0.028104575163398697,0.0915032679738562,18.666666666666668,56304.56375838926,2.723566878980891,228.02547770700636,546.5
20220804,20,-0.5,24.79615384615386,55.59615384615385,3.4093959731543624,0.00392156862745098,0.0718954248366013,0.02666666666666667,53958.724832214764,2.561146496815286,225.47770700636943,3.0
20220804,21,-0.71,23.725641025641032,59.26282051282051,3.879194630872483,0.016993464052287584,0.08496732026143791,0,53604.96644295302,2.5853503184713365,216.4968152866242,0.0
20220804,22,-0.87,22.779487179487177,62.48076923076923,4.543624161073826,0.02287581699346405,0.08496732026143791,0,52497.51677852349,2.5834394904458597,216.68789808917197,0.0
20220804,23,-0.97,21.809615384615388,66.83333333333333,4.624161073825503,0.09215686274509804,0.13071895424836602,0,49632.68456375839,2.6267515923566878,212.7388535031847,0.0
20220805,00,-1.0,21.05833333333332,69.74358974358974,4.503355704697986,0.1803921568627451,0.1895424836601307,0,47501.409395973154,2.7242038216560496,214.77707006369425,0.0
20220805,01,-0.97,20.422435897435896,72.67307692307692,5.006711409395973,0.16339869281045752,0.19607843137254902,0,44771.74496644295,2.654777070063693,213.43949044585986,0.0
20220805,02,-0.87,19.89423076923078,75.12820512820512,5.395973154362416,0.16688741721854303,0.2119205298013245,0,43225.23489932886,2.6554140127388535,234.45859872611464,0.0
20220805,03,-0.71,19.509615384615376,77.26282051282051,6.033557046979865,0.29072847682119207,0.2582781456953642,0.0,39992.214765100674,2.785350318471339,225.6687898089172,0.0
20220805,04,-0.5,19.099999999999998,79.36538461538461,6.369127516778524,0.3476821192052981,0.32450331125827814,0.0,37966.24161073825,2.750318471337579,240.3184713375796,19.5
20220805,05,-0.26,19.30384615384616,79.76282051282051,6.503355704697986,0.28609271523178803,0.37748344370860926,8.38,36244.42953020134,2.582165605095541,224.39490445859872,795.25
20220805,06,-0.0,20.13141025641025,77.38461538461539,6.577181208053691,0.25761589403973506,0.40397350993377484,16.053333333333335,37310.06711409396,2.6050955414012744,247.3248407643312,3600.0
20220805,07,0.26,20.885897435897444,75.03846153846153,6.2885906040268456,0.19602649006622516,0.36423841059602646,18.6,38621.81208053691,2.8292993630573227,244.64968152866243,7891.25
20220805,08,0.5,21.64615384615384,72.53205128205128,6.563758389261745,0.12697368421052632,0.3881578947368421,22.0,41524.8322147651,3.1579617834394895,257.0700636942675,13349.75
20220805,09,0.71,22.299999999999994,69.1025641025641,6.297297297297297,0.12026143790849675,0.3660130718954248,25.473333333333333,42284.026845637585,3.2955414012738844,252.10191082802547,18039.0
20220805,10,0.87,23.003846153846162,65.98076923076923,6.134228187919463,0.1339869281045752,0.3660130718954248,25.5,44399.328859060406,3.3006369426751587,254.9044585987261,22129.75
20220805,11,0.97,23.548717948717947,63.544871794871796,6.214765100671141,0.11125827814569535,0.33112582781456956,25.913333333333334,46436.10738255033,3.4000000000000017,263.43949044585986,24260.5
20220805,12,1.0,23.899358974358965,61.243589743589745,6.530201342281879,0.10196078431372547,0.27450980392156865,26.726666666666667,48410.3355704698,3.4025477707006364,275.1592356687898,25559.25
20220805,13,0.97,24.07692307692307,60.13461538461539,6.486486486486487,0.1470588235294118,0.30718954248366015,27.186666666666667,47692.147651006715,3.612738853503183,275.2229299363057,24904.75
20220805,14,0.87,24.05769230769232,58.78846153846154,6.337837837837838,0.08431372549019607,0.2549019607843137,26.026666666666667,51335.1677852349,3.924840764331208,280.1910828025478,22377.0
20220805,15,0.71,23.57948717948718,58.66025641025641,6.087837837837838,0.03486842105263157,0.21710526315789475,25.54,55360.402684563756,4.327388535031847,286.7515923566879,18035.5
20220805,16,0.5,22.8724358974359,59.76923076923077,6.195945945945946,0.08223684210526315,0.19736842105263158,23.886666666666667,55632.68456375839,4.569426751592359,294.8407643312102,12555.5
20220805,17,0.26,21.940384615384612,61.19871794871795,6.344594594594595,0.03006535947712418,0.21568627450980393,22.093333333333334,55411.87919463087,4.621656050955413,291.2738853503185,7216.0
20220805,18,0.0,20.760897435897444,63.69871794871795,6.208053691275167,0.043137254901960784,0.1568627450980392,20.313333333333333,57162.88590604027,4.548407643312105,290.0,3096.75
20220805,19,-0.26,19.305769230769236,68.1025641025641,6.140939597315437,0.24509803921568626,0.12418300653594772,11.98,56246.17449664429,4.261146496815288,282.80254777070064,549.5
20220805,20,-0.5,18.013461538461534,71.50641025641026,5.89261744966443,0.14407894736842106,0.13157894736842105,0.04666666666666667,56624.76510067114,3.9382165605095554,272.35668789808915,5.0
20220805,21,-0.71,16.976923076923075,74.60897435897436,5.76510067114094,0.373202614379085,0.23529411764705882,0,54473.959731543626,3.810191082802546,260.828025477707,0.0
20220805,22,-0.87,16.041025641025637,77.15384615384616,5.389261744966443,0.25882352941176473,0.23529411764705882,0,51920.80536912752,3.7407643312101895,262.22929936305735,0.0
20220805,23,-0.97,15.211538461538458,79.66025641025641,5.466216216216216,0.2875816993464052,0.28104575163398693,0,51428.45637583893,3.5420382165605098,254.45859872611464,0.0
20220806,00,-1.0,14.514102564102554,81.34615384615384,5.472972972972973,0.2823529411764706,0.2679738562091503,0,49988.92617449664,3.35031847133758,233.69426751592357,0.0
20220806,01,-0.97,13.917307692307686,82.5,5.408163265306122,0.22875816993464057,0.2549019607843137,0,48412.41610738255,3.1942675159235656,244.3312101910828,0.0
20220806,02,-0.87,13.422435897435903,83.12179487179488,5.236486486486487,0.07385620915032678,0.20915032679738563,0,50099.597315436244,3.0700636942675152,239.4904458598726,0.0
20220806,03,-0.71,12.908333333333331,83.92307692307692,4.912162162162162,0.01895424836601307,0.20261437908496732,0.0,51196.57718120806,3.0668789808917185,241.46496815286625,0.0
20220806,04,-0.5,12.416666666666668,84.8974358974359,4.472972972972973,0.023529411764705882,0.16339869281045752,0.07333333333333333,49125.10067114094,2.9846153846153842,241.71974522292993,22.25
20220806,05,-0.26,12.546794871794877,83.7948717948718,4.013513513513513,0.028758169934640525,0.11764705882352941,11.919463087248323,49949.328859060406,2.8503184713375798,236.43312101910828,762.75
20220806,06,-0.0,13.732692307692306,78.48076923076923,3.635135135135135,0.01895424836601307,0.12418300653594772,35.51677852348993,51151.41891891892,2.970063694267517,213.18471337579618,4412.0
20220806,07,0.26,15.0198717948718,72.51923076923077,3.3175675675675675,0.055263157894736854,0.11842105263157894,43.80536912751678,52773.58108108108,3.450318471337579,208.28025477707007,10957.5
20220806,08,0.5,16.172435897435896,65.93589743589743,3.7094594594594597,0.028947368421052635,0.10526315789473684,45.557046979865774,55611.48648648649,3.8847133757961774,201.9108280254777,18210.25
20220806,09,0.71,17.12179487179487,59.89102564102564,4.168918918918919,0.01513157894736842,0.10526315789473684,43.59060402684564,57807.77027027027,4.019745222929937,206.2420382165605,23586.25
20220806,10,0.87,17.950641025641033,55.37179487179487,4.0608108108108105,0.0059210526315789476,0.07236842105263158,42.45637583892618,57387.2972972973,4.0375796178343935,197.3248407643312,27005.25
20220806,11,0.97,18.660897435897436,52.07692307692308,4.1891891891891895,0.002631578947368421,0.09210526315789473,41.15436241610738,57422.7027027027,3.938216560509554,206.87898089171975,29136.75
20220806,12,1.0,19.350641025641032,48.61538461538461,4.391891891891892,0.006578947368421052,0.06578947368421052,40.76510067114094,57692.97297297297,3.8452229299363045,210.44585987261146,29961.0
20220806,13,0.97,19.994230769230764,46.02564102564103,3.8783783783783785,0.001973684210526316,0.019736842105263157,41.95973154362416,59661.08108108108,3.8414012738853502,211.3375796178344,29222.25
20220806,14,0.87,20.42307692307692,44.34615384615385,3.7635135135135136,0.0,0.013157894736842105,42.81208053691275,60374.39189189189,3.8095541401273896,206.36942675159236,27008.5
20220806,15,0.71,20.60384615384616,43.41935483870968,3.3783783783783785,0.0,0.039473684210526314,44.19463087248322,60065.06756756757,3.814649681528661,202.22929936305732,22988.75
20220806,16,0.5,20.51282051282052,43.76774193548387,3.3513513513513513,0.0,0.013157894736842105,43.624161073825505,61195.2027027027,3.783333333333336,202.82051282051282,17484.5
20220806,17,0.26,20.138461538461545,44.774193548387096,2.7635135135135136,0.002631578947368421,0.019736842105263157,45.79194630872483,62415.33783783784,3.6108974358974373,190.3184713375796,10217.25
20220806,18,0.0,19.33548387096774,47.42580645161291,2.135135135135135,0.0006578947368421052,0.013157894736842105,47.53691275167785,61661.01351351351,3.386538461538462,175.98726114649682,3929.75
20220806,19,-0.26,17.441290322580635,54.41935483870968,1.8445945945945945,0.0,0.013157894736842105,30.71812080536913,62311.62162162162,2.892948717948718,174.55128205128204,623.75
20220806,20,-0.5,15.769032258064511,61.25806451612903,1.8783783783783783,0.0,0.006578947368421052,0.10067114093959731,59164.39189189189,2.4615384615384617,176.60256410256412,1.75
20220806,21,-0.71,14.749677419354837,65.3225806451613,2.168918918918919,0.0,0.006578947368421052,0,57469.7972972973,2.3961538461538456,157.69230769230768,0.0
20220806,22,-0.87,13.914193548387095,68.43870967741935,2.3175675675675675,0.0,0.0,0,56293.91891891892,2.3012820512820533,153.26923076923077,0.0
20220806,23,-0.97,13.141935483870965,71.50322580645161,2.0945945945945947,0.0,0.006578947368421052,0,54421.28378378379,2.223076923076923,150.06410256410257,0.0
20220807,00,-1.0,12.489102564102563,74.17307692307692,2.081081081081081,0.0,0.006578947368421052,0,52444.026845637585,2.139102564102565,157.19745222929936,0.0
20220807,01,-0.97,11.99294871794872,75.82051282051282,2.189189189189189,0.0,0.0,0,52290.671140939594,2.13248407643312,163.88535031847132,0.0
20220807,02,-0.87,11.513461538461538,77.57051282051282,2.1824324324324325,0.0,0.006578947368421052,0,50943.75838926175,2.1216560509554157,160.06369426751593,0.0
20220807,03,-0.71,11.00576923076923,79.51282051282051,2.3513513513513513,0.0,0.006578947368421052,0.0,49510.671140939594,2.1751592356687897,166.17834394904457,0.0
20220807,04,-0.5,10.645512820512817,81.02564102564102,2.574324324324324,0.001973684210526316,0.013157894736842105,0.02666666666666667,48317.24832214765,2.12547770700637,155.7324840764331,21.0
20220807,05,-0.26,11.563461538461535,77.76282051282051,2.2818791946308723,0.0,0.006578947368421052,24.926666666666666,49805.1677852349,2.159872611464968,157.45222929936307,977.25
20220807,06,-0.0,13.988461538461534,69.43589743589743,2.4966442953020134,0.0,0.013157894736842105,52.48,52460.0,2.116560509554141,155.6687898089172,5586.5
20220807,07,0.26,16.335256410256417,60.85897435897436,2.51006711409396,0.003289473684210526,0.019736842105263157,54.61333333333334,56166.91275167785,2.359235668789808,130.38216560509554,13619.0
20220807,08,0.5,18.161538461538466,53.67948717948718,2.5033557046979866,0.0,0.019736842105263157,54.78,59333.78378378379,2.8522292993630574,130.89171974522293,22264.0
20220807,09,0.71,19.450000000000003,47.993589743589745,2.8053691275167787,0.0,0.006578947368421052,53.54,60600.0,3.1237179487179474,134.42307692307693,28820.0
20220807,10,0.87,20.453846153846147,44.25,2.912751677852349,0.0,0.006578947368421052,49.96,61741.35135135135,3.224358974358975,145.19230769230768,32588.25
20220807,11,0.97,21.159615384615375,41.85897435897436,3.228187919463087,0.0006578947368421052,0.019736842105263157,49.02,61587.16216216216,3.3083333333333336,148.07692307692307,34358.5
20220807,12,1.0,21.879487179487185,39.717948717948715,3.3959731543624163,0.0,0.013157894736842105,48.653333333333336,62516.35135135135,3.317948717948719,133.78205128205127,34603.75
20220807,13,0.97,22.452564102564107,38.15384615384615,3.469798657718121,0.0,0.006578947368421052,50.16,62556.75675675676,3.185897435897437,141.7948717948718,33676.25
20220807,14,0.87,22.859615384615385,37.455128205128204,3.557046979865772,0.0,0.019736842105263157,49.906666666666666,61980.13513513513,3.223076923076923,147.69230769230768,30718.75
20220807,15,0.71,22.937820512820515,37.205128205128204,3.530201342281879,0.0,0.006578947368421052,49.46666666666667,64366.14864864865,3.1096153846153842,135.96153846153845,25249.75
20220807,16,0.5,22.835256410256413,37.92948717948718,3.704697986577181,0.0,0.006578947368421052,49.053333333333335,65133.10810810811,3.1269230769230765,149.74358974358975,18178.0
20220807,17,0.26,22.34358974358974,39.18589743589744,4.100671140939597,0.0,0.006578947368421052,46.5,65234.86486486487,3.092307692307693,144.6153846153846,10414.75
20220807,18,0.0,21.409615384615385,42.03846153846154,3.7449664429530203,0.0,0.006578947368421052,45.68666666666667,65885.4054054054,2.987179487179487,136.7948717948718,3862.25
20220807,19,-0.26,19.375641025641016,49.41025641025641,3.5704697986577183,0.0,0.006578947368421052,26.586666666666666,65389.32432432433,2.516666666666667,141.02564102564102,629.0
20220807,20,-0.5,17.605769230769234,56.01923076923077,3.1946308724832213,0.0,0.0,0.08,61319.93243243243,2.189743589743589,134.35897435897436,2.75
20220807,21,-0.71,16.398717948717962,60.6474358974359,3.0675675675675675,0.0,0.0,0,61917.48299319728,2.1262820512820504,126.85897435897436,0.0
20220807,22,-0.87,15.45576923076923,64.01282051282051,2.668918918918919,0.0,0.0,0,59258.231292517004,2.0870967741935487,146.96774193548387,0.0
20220807,23,-0.97,14.714102564102568,66.73717948717949,2.5337837837837838,0.0,0.0,0,58960.204081632655,1.9916129032258056,143.3548387096774,0.0
20220808,00,-1.0,13.930128205128216,69.8525641025641,2.418918918918919,0.0,0.006578947368421052,0,56284.82993197279,1.890322580645162,155.8709677419355,0.0
20220808,01,-0.97,13.322435897435904,72.33974358974359,2.581081081081081,0.0,0.013157894736842105,0,55146.5306122449,1.7677419354838706,150.96774193548387,0.0
20220808,02,-0.87,12.730128205128207,74.8076923076923,2.5067567567567566,0.010526315789473684,0.006578947368421052,0,52198.639455782315,1.7032258064516133,166.90322580645162,0.0
20220808,03,-0.71,12.227564102564095,76.86538461538461,2.391891891891892,0.0,0.006578947368421052,0.0,50985.6462585034,1.6767741935483862,176.4516129032258,0.0
20220808,04,-0.5,11.730769230769232,78.78205128205128,2.2567567567567566,0.0,0.026490066225165563,0.006666666666666667,48888.50340136055,1.6535483870967742,184.90322580645162,17.0
20220808,05,-0.26,12.555769230769227,76.53205128205128,1.8657718120805369,0.0,0.019736842105263157,18.94,48407.09459459459,1.6346153846153852,183.78205128205127,913.25
20220808,06,-0.0,15.212179487179489,67.60897435897436,1.8120805369127517,0.0,0.013157894736842105,49.57333333333333,52219.25675675676,1.5205128205128202,180.64102564102564,5461.75
20220808,07,0.26,17.74871794871795,58.42307692307692,2.1006711409395975,0.0,0.019736842105263157,52.75333333333333,54187.63513513513,1.8115384615384613,149.03846153846155,13444.5
20220808,08,0.5,19.766666666666662,51.467948717948715,2.040268456375839,0.0,0.03289473684210526,53.486666666666665,59104.39189189189,2.17371794871795,151.0897435897436,22182.75
20220808,09,0.71,21.31783439490447,46.0,2.2348993288590604,0.0,0.019736842105263157,54.03333333333333,58932.65306122449,2.5378205128205127,138.52564102564102,29189.0
20220808,10,0.87,22.340127388535027,42.35668789808917,2.310810810810811,0.0,0.006578947368421052,52.9271523178808,59398.50340136055,2.851282051282052,138.97435897435898,33521.0
20220808,11,0.97,23.083439490445855,40.36942675159236,2.5704697986577183,0.0,0.02631578947368421,49.609271523178805,59941.49659863945,2.9769230769230752,152.30769230769232,34826.25
20220808,12,1.0,23.715923566878978,38.64331210191083,2.6375838926174495,0.0,0.013157894736842105,49.17880794701987,59606.87074829932,2.990384615384616,154.48717948717947,34583.5
20220808,13,0.97,24.191082802547772,37.70063694267516,2.6442953020134228,0.0,0.019736842105263157,47.94701986754967,62152.99319727891,2.973717948717949,156.4102564102564,33072.75
20220808,14,0.87,24.485987261146494,37.30573248407644,2.6040268456375837,0.0,0.006578947368421052,47.728476821192054,61517.21088435374,3.1217948717948727,161.66666666666666,29931.75
20220808,15,0.71,24.607006369426756,37.07643312101911,2.436241610738255,0.0,0.006578947368421052,48.258278145695364,61786.01351351351,3.208333333333333,166.4102564102564,24963.0
20220808,16,0.5,24.43184713375798,37.56687898089172,2.1140939597315436,0.0,0.0,49.728476821192054,63014.32432432433,3.2596153846153837,138.84615384615384,18148.5
20220808,17,0.26,23.905732484076427,39.12738853503185,2.040268456375839,0.0,0.0,50.28476821192053,61984.7972972973,3.3788461538461547,138.84615384615384,10130.75
20220808,18,0.0,22.777070063694282,42.47770700636943,1.4630872483221478,0.0,0.0,49.549668874172184,62884.32432432433,3.3929487179487174,123.14102564102564,3583.75
20220808,19,-0.26,20.761783439490447,49.00636942675159,1.1812080536912752,0.0,0.0,27.483443708609272,61529.72972972973,2.9480769230769237,123.84615384615384,510.5
20220808,20,-0.5,19.070700636942675,54.904458598726116,1.0134228187919463,0.0,0.0,0.19205298013245034,61040.40540540541,2.6532051282051285,112.94871794871794,1.75
20220808,21,-0.71,17.81528662420382,59.64968152866242,0.6308724832214765,0.0,0.0,0,59427.56756756757,2.485256410256411,117.88461538461539,0.0
20220808,22,-0.87,16.91528662420383,63.496815286624205,0.5973154362416108,0.0,0.0,0,58001.14093959732,2.4445859872611466,130.25477707006368,0.0
20220808,23,-0.97,15.961783439490448,67.26114649681529,0.5637583892617449,0.0,0.0,0,56630.13422818792,2.30955414012739,126.24203821656052,0.0
20220809,00,-1.0,15.183439490445867,70.53503184713375,0.5369127516778524,0.0,0.0,0,54248.05369127517,2.171337579617835,147.5796178343949,0.0
20220809,01,-0.97,14.62292993630574,72.69426751592357,0.7181208053691275,0.0,0.0,0,52027.04697986577,2.1171974522293,152.54777070063693,0.0
20220809,02,-0.87,13.98980891719745,75.17834394904459,0.912751677852349,0.0,0.0,0,50059.93288590604,2.0490445859872612,156.17834394904457,0.0
20220809,03,-0.71,13.543949044585979,76.77707006369427,0.8657718120805369,0.0,0.0,0.0,48529.597315436244,2.0184713375796175,160.5095541401274,0.0
20220809,04,-0.5,13.107643312101908,78.51592356687898,0.87248322147651,0.0,0.0,0.0,46732.81879194631,1.9878980891719757,160.0,12.5
20220809,05,-0.26,13.84713375796178,76.31847133757962,0.9395973154362416,0.0,0.0,20.70860927152318,46997.31543624161,1.9496815286624212,163.31210191082803,844.0
20220809,06,-0.0,16.13566878980892,68.78343949044586,1.1486486486486487,0.0,0.0,51.41059602649007,50036.5100671141,1.9732484076433126,129.4904458598726,5131.25
20220809,07,0.26,18.467515923566875,60.12101910828026,1.2432432432432432,0.0,0.0,53.90728476821192,54992.48322147651,2.362420382165605,106.36942675159236,12898.5
20220809,08,0.5,20.511464968152858,52.89171974522293,1.0939597315436242,0.0,0.0,56.90066225165563,56910.13513513513,2.7547770700636933,105.1592356687898,21627.75
20220809,09,0.71,22.109554140127397,47.10191082802548,1.2080536912751678,0.0,0.0,58.35099337748344,56444.39189189189,3.1159235668789815,92.1656050955414,29212.25
20220809,10,0.87,23.323566878980888,42.617834394904456,1.389261744966443,0.0,0.0,58.29139072847682,58084.72972972973,3.4936305732484105,95.73248407643312,34290.0
20220809,11,0.97,24.120382165605093,40.044585987261144,1.832214765100671,0.0,0.0,56.16556291390729,58355.0,3.5974522292993636,97.89808917197452,36393.25
20220809,12,1.0,24.69936305732484,38.33757961783439,2.214765100671141,0.0,0.0,53.06622516556291,59992.2972972973,3.55605095541401,102.29299363057325,35753.75
20220809,13,0.97,25.16242038216562,37.33757961783439,2.5704697986577183,0.0,0.0,51.24503311258278,58627.97297297297,3.5114649681528665,99.4267515923567,33450.25
20220809,14,0.87,25.468789808917187,36.56687898089172,2.6711409395973154,0.0,0.0,50.16556291390729,60576.28378378379,3.540127388535033,91.97452229299363,30263.0
20220809,15,0.71,25.42611464968153,36.388535031847134,2.6442953020134228,0.0,0.0,51.788079470198674,62347.7027027027,3.669426751592356,85.73248407643312,25038.25
20220809,16,0.5,25.266242038216564,36.71974522292994,2.436241610738255,0.0,0.0,52.47019867549669,62734.59459459459,3.721019108280254,82.92993630573248,18293.75
20220809,17,0.26,24.656050955414017,38.22929936305732,1.9865771812080537,0.0,0.0,54.41059602649007,62172.77027027027,3.8394904458598718,77.89808917197452,10297.25
20220809,18,0.0,23.512738853503183,41.62420382165605,1.7315436241610738,0.0,0.0,55.98675496688742,61553.44594594595,3.6929936305732496,73.05732484076434,3588.75
20220809,19,-0.26,21.467515923566882,48.038216560509554,1.1879194630872483,0.0,0.006578947368421052,28.410596026490065,62138.10810810811,3.1630573248407634,75.4140127388535,479.25
20220809,20,-0.5,19.644585987261156,54.445859872611464,1.0201342281879195,0.0,0.0,0.0,61042.2972972973,2.715286624203822,78.85350318471338,0.75
20220809,21,-0.71,18.540127388535023,58.72611464968153,1.3020134228187918,0.0,0.0,0,59197.22972972973,2.5694267515923563,88.9171974522293,0.0
20220809,22,-0.87,17.5656050955414,62.5859872611465,1.2147651006711409,0.0,0.0,0,57433.51351351351,2.521656050955415,84.14012738853503,0.0
20220809,23,-0.97,16.685350318471333,65.71974522292993,1.4161073825503356,0.0,0.0,0,56673.10810810811,2.5363057324840765,100.828025477707,0.0
20220810,00,-1.0,15.940127388535037,68.64968152866243,1.8120805369127517,0.0,0.0,0,53587.43243243243,2.398726114649681,99.4267515923567,0.0
20220810,01,-0.97,15.205095541401272,71.38216560509554,1.7181208053691275,0.0,0.0,0,50994.93243243243,2.2044585987261134,117.89808917197452,0.0
20220810,02,-0.87,14.630573248407648,73.70700636942675,1.832214765100671,0.0,0.0,0,48939.52702702703,2.1496815286624207,134.39490445859872,0.0
20220810,03,-0.71,13.990445859872603,76.2547770700637,1.8926174496644295,0.0,0.0,0.0,46966.68918918919,2.0636942675159244,133.94904458598725,0.0
20220810,04,-0.5,13.540127388535034,77.93630573248407,2.0268456375838926,0.0,0.0,0.059602649006622516,44776.01351351351,2.043949044585987,144.71337579617835,11.0
20220810,05,-0.26,14.186624203821657,76.28025477707007,1.8523489932885906,0.0,0.0,21.12,45141.35135135135,2.061146496815287,142.10191082802547,848.0
20220810,06,-0.0,16.711464968152868,68.18471337579618,2.0,0.0,0.006578947368421052,56.22666666666667,49251.01351351351,2.0566878980891716,121.59235668789809,5247.5
20220810,07,0.26,19.20700636942675,59.28025477707006,2.2751677852348995,0.0,0.006578947368421052,58.946666666666665,53652.77027027027,2.456050955414013,100.44585987261146,13342.25
20220810,08,0.5,21.347770700636946,51.42675159235669,2.738255033557047,0.0,0.0,58.913333333333334,57618.58108108108,2.999363057324841,83.69426751592357,22273.75
20220810,09,0.71,22.855414012738848,45.23566878980892,2.4966442953020134,0.0,0.0,58.50666666666667,56450.27027027027,3.5439490445859887,77.96178343949045,29551.25
20220810,10,0.87,23.966242038216553,40.75796178343949,2.134228187919463,0.0,0.0,57.22666666666667,57040.74324324324,3.8738853503184707,77.19745222929936,33955.5
20220810,11,0.97,24.71656050955414,38.19108280254777,2.0337837837837838,0.0,0.0,54.653333333333336,57266.08108108108,3.9656050955414006,82.80254777070064,35642.75
20220810,12,1.0,25.30509554140128,36.095541401273884,2.0067114093959733,0.0,0.02631578947368421,53.693333333333335,58965.67567567567,3.9611464968152865,93.43949044585987,35801.25
20220810,13,0.97,25.89108280254778,34.611464968152866,1.8581081081081081,0.0,0.019736842105263157,54.013333333333335,59170.93959731544,3.966878980891721,91.71974522292993,34173.5
20220810,14,0.87,26.06624203821657,34.12820512820513,1.945945945945946,0.0,0.019736842105263157,53.63333333333333,58662.281879194634,3.9815286624203807,87.19745222929936,30953.75
20220810,15,0.71,26.11528662420383,34.05769230769231,1.7852348993288591,0.0,0.0,54.28,59135.63758389262,3.9261146496815313,81.71974522292993,25797.25
20220810,16,0.5,25.96282051282051,34.47096774193548,1.651006711409396,0.0,0.0,55.06666666666667,61018.724832214764,3.8719745222929927,81.59235668789809,18709.25
20220810,17,0.26,25.394871794871793,35.619354838709675,1.5771812080536913,0.0,0.006578947368421052,56.093333333333334,60198.12080536913,3.7668789808917187,83.88535031847134,10374.5
20220810,18,0.0,24.222435897435894,38.92258064516129,1.3288590604026846,0.0,0.006578947368421052,57.266666666666666,62490.73825503356,3.4777070063694246,74.01273885350318,3473.0
20220810,19,-0.26,21.958974358974356,45.50967741935484,0.8322147651006712,0.0,0.006578947368421052,29.14666666666667,61271.0067114094,2.915923566878982,76.24203821656052,413.0
20220810,20,-0.5,20.019230769230774,51.8,0.6577181208053692,0.0,0.006578947368421052,0.12666666666666668,59343.221476510065,2.59171974522293,74.52229299363057,0.5
20220810,21,-0.71,18.855128205128203,56.148387096774194,0.7718120805369127,0.0,0.0,0,58305.43624161074,2.525477707006369,89.93630573248407,0.0
20220810,22,-0.87,17.98589743589744,59.15483870967742,0.959731543624161,0.0,0.006578947368421052,0,56908.38926174497,2.4833333333333343,95.57692307692308,0.0
20220810,23,-0.97,17.11410256410256,62.36129032258064,0.959731543624161,0.0,0.0,0,56152.01342281879,2.4032051282051285,102.05128205128206,0.0
20220811,00,-1.0,16.273076923076932,65.28387096774193,0.9060402684563759,0.0,0.0,0,55235.23489932886,2.3499999999999996,105.57692307692308,0.0
20220811,01,-0.97,15.567948717948717,67.98064516129033,0.6845637583892618,0.0,0.0,0,52228.05369127517,2.2147435897435894,112.37179487179488,0.0
20220811,02,-0.87,14.965384615384627,70.16774193548387,0.6174496644295302,0.0,0.0,0,51925.57046979866,2.1339743589743594,111.28205128205128,0.0
20220811,03,-0.71,14.459615384615384,71.95483870967742,0.6510067114093959,0.0,0.006578947368421052,0.0,50864.22818791946,2.166025641025641,119.8076923076923,0.0
20220811,04,-0.5,13.8673076923077,74.34193548387097,0.40268456375838924,0.0,0.006578947368421052,0.1,49422.55033557047,2.0282051282051268,135.83333333333334,10.25
20220811,05,-0.26,14.496794871794874,72.66451612903226,0.3221476510067114,0.0,0.0,21.913333333333334,49440.20134228188,1.9762820512820518,129.03846153846155,791.0
20220811,06,-0.0,17.249358974358973,63.60645161290323,0.2348993288590604,0.0,0.0,58.333333333333336,51950.402684563756,1.927388535031847,127.26114649681529,5258.25
20220811,07,0.26,19.92756410256411,54.43225806451613,0.3624161073825503,0.0,0.0,59.82666666666667,53178.92617449664,2.2280254777070057,103.56687898089172,13437.5
20220811,08,0.5,22.170063694267512,47.43589743589744,0.5570469798657718,0.0,0.0,59.93333333333333,55705.838926174496,2.689808917197453,89.7452229299363,22297.75
20220811,09,0.71,24.0140127388535,41.80128205128205,0.4594594594594595,0.0,0.0,59.68666666666667,55855.973154362415,3.2630573248407635,87.96178343949045,29564.0
20220811,10,0.87,25.16751592356687,37.48076923076923,0.4594594594594595,0.0,0.0,58.87417218543046,57743.02013422819,3.851592356687897,90.12738853503184,34527.0
20220811,11,0.97,25.885987261146504,34.909677419354836,0.5973154362416108,0.0,0.0,59.12582781456954,56678.590604026846,4.119745222929937,81.71974522292993,37131.5
20220811,12,1.0,26.638216560509566,33.36774193548387,0.825503355704698,0.0,0.0,59.58278145695364,57575.838926174496,3.9414012738853508,86.68789808917198,37680.75
20220811,13,0.97,27.051592356687905,32.019354838709674,1.6308724832214765,0.0,0.0,59.6953642384106,58406.10738255033,3.9318471337579615,83.75796178343948,35902.0
20220811,14,0.87,27.31656050955414,31.374193548387098,2.040268456375839,0.0,0.0,59.64900662251656,57244.96644295302,3.9101910828025477,79.7452229299363,32142.25
20220811,15,0.71,27.378343949044574,31.129032258064516,2.7248322147651005,0.0,0.0,59.16556291390729,59743.89261744967,3.9159235668789822,75.6687898089172,26323.0
20220811,16,0.5,27.10828025477707,31.574193548387097,3.261744966442953,0.0,0.0,58.89403973509934,60464.89932885906,3.932484076433118,74.39490445859873,18772.0
20220811,17,0.26,26.454777070063685,32.980645161290326,3.174496644295302,0.0,0.0,58.09933774834437,59850.20134228188,3.9171974522293014,72.1656050955414,10149.0
20220811,18,0.0,25.187261146496812,36.15483870967742,2.859060402684564,0.0,0.0,58.158940397350996,61484.42953020134,3.664968152866242,73.69426751592357,3320.25
20220811,19,-0.26,22.90764331210191,42.14102564102564,2.348993288590604,0.0,0.0,25.76158940397351,60306.30872483221,2.9821656050955405,72.10191082802548,407.0
20220811,20,-0.5,20.884615384615376,48.303225806451614,2.141891891891892,0.0,0.0,0.0728476821192053,58484.12162162162,2.6426751592356683,72.1656050955414,0.5
20220811,21,-0.71,19.53782051282051,52.60645161290323,1.6081081081081081,0.0,0.0,0,58805.60810810811,2.5564102564102567,73.07692307692308,0.0
20220811,22,-0.87,18.490384615384624,55.961290322580645,1.1554054054054055,0.0,0.0,0,57630.27027027027,2.435897435897436,86.34615384615384,0.0
20220811,23,-0.97,17.607692307692307,59.329032258064515,0.777027027027027,0.0,0.0,0,57357.77027027027,2.3756410256410256,98.33333333333333,0.0
20220812,00,-1.0,16.77564102564103,62.21935483870968,0.38513513513513514,0.0,0.0,0,56427.63513513513,2.230128205128205,98.65384615384616,0.0
20220812,01,-0.97,16.048076923076934,64.87096774193549,0.13513513513513514,0.0,0.0,0,56036.95945945946,2.217948717948717,104.35897435897436,0.0
20220812,02,-0.87,15.252564102564094,67.99354838709678,0.10135135135135136,0.0,0.0,0,54026.62162162162,2.1089743589743577,118.01282051282051,0.0
20220812,03,-0.71,14.543589743589747,70.63225806451612,0.02702702702702703,0.0,0.0,0.0,53079.45945945946,2.037179487179487,116.85897435897436,0.0
20220812,04,-0.5,13.985897435897433,72.6774193548387,0.21621621621621623,0.0,0.0,0.039735099337748346,52118.98648648649,2.019871794871795,115.25641025641026,8.5
20220812,05,-0.26,14.585897435897428,71.09677419354838,0.14189189189189189,0.0,0.0,21.635761589403973,50847.22972972973,1.967948717948717,111.34615384615384,734.5
20220812,06,-0.0,17.470700636942677,61.86451612903226,0.25,0.0,0.0,58.03973509933775,52771.28378378379,1.9782051282051276,105.06410256410257,5149.25
20220812,07,0.26,20.07692307692308,53.13548387096774,0.5608108108108109,0.0,0.0,58.86666666666667,55878.58108108108,2.335256410256411,95.32051282051282,13268.75
20220812,08,0.5,22.358974358974354,46.04516129032258,0.8108108108108109,0.0,0.0,58.74,57436.01351351351,2.9493589743589737,93.52564102564102,22150.0
20220812,09,0.71,23.946794871794868,40.58064516129032,0.9459459459459459,0.0,0.0,58.406666666666666,59536.89189189189,3.5198717948717957,89.8076923076923,28900.5
20220812,10,0.87,24.986538461538455,37.08387096774194,0.9054054054054054,0.0,0.0,58.06666666666667,57787.02702702703,4.250000000000001,85.25641025641026,33588.5
20220812,11,0.97,25.7801282051282,34.41935483870968,1.2905405405405406,0.0,0.0,56.92666666666667,58980.60810810811,4.480128205128207,85.12820512820512,35649.5
20220812,12,1.0,26.33205128205128,32.95483870967742,1.2702702702702702,0.0,0.0,54.653333333333336,59622.09459459459,4.383333333333332,83.46153846153847,35463.0
20220812,13,0.97,26.625641025641027,32.21935483870968,1.695945945945946,0.0,0.013157894736842105,52.68,61044.66216216216,4.414102564102565,82.05128205128206,33035.75
20220812,14,0.87,26.89294871794872,31.974193548387095,1.6283783783783783,0.0,0.03289473684210526,51.3,60544.12162162162,4.389743589743589,81.6025641025641,29007.0
20220812,15,0.71,26.78653846153846,32.34193548387097,1.8986486486486487,0.004605263157894736,0.03289473684210526,50.913333333333334,61481.75675675676,4.417948717948718,84.1025641025641,23714.25
20220812,16,0.5,26.55833333333333,32.806451612903224,1.837837837837838,0.03026315789473684,0.039473684210526314,50.513333333333335,63068.58108108108,4.385256410256408,82.56410256410257,17232.75
20220812,17,0.26,25.78846153846153,35.354838709677416,1.6486486486486487,0.015131578947368423,0.046052631578947366,51.77333333333333,62843.10810810811,4.347435897435899,82.3076923076923,9583.75
20220812,18,0.0,24.646153846153847,38.21290322580645,1.3716216216216217,0.001973684210526316,0.019736842105263157,54.45333333333333,64020.81081081081,3.8916666666666675,81.02564102564102,3227.75
20220812,19,-0.26,22.50064102564102,44.380645161290325,1.0608108108108107,0.0,0.013157894736842105,24.94,62674.12162162162,3.020512820512818,81.47435897435898,374.75
20220812,20,-0.5,20.57756410256409,51.0,1.0,0.0,0.006578947368421052,0.006666666666666667,60929.59459459459,2.5852564102564086,77.5,0.5
20220812,21,-0.71,19.19871794871796,55.87741935483871,0.6486486486486487,0.0,0.0,0,60409.25675675676,2.4326923076923075,86.41025641025641,0.0
20220812,22,-0.87,18.162820512820513,59.619354838709675,0.7972972972972973,0.0,0.0,0,60012.02702702703,2.304487179487179,96.15384615384616,0.0
20220812,23,-0.97,17.273076923076925,62.909677419354836,0.7162162162162162,0.0,0.0,0,59478.78378378379,2.2032051282051284,103.33333333333333,0.0
20220813,00,-1.0,16.534615384615382,65.65161290322581,0.9527027027027027,0.0,0.0,0,59133.58108108108,2.1294871794871804,112.3076923076923,0.0
20220813,01,-0.97,15.867948717948721,68.49032258064516,0.972972972972973,0.0,0.0,0,57515.13513513513,2.0762820512820515,122.5,0.0
20220813,02,-0.87,15.152564102564106,71.44516129032257,1.1013513513513513,0.0,0.0,0,56574.72972972973,1.9634615384615381,133.39743589743588,0.0
20220813,03,-0.71,14.639743589743583,73.50967741935484,1.5405405405405406,0.0,0.0,0.0,54521.41891891892,1.9211538461538442,139.87179487179486,0.0
20220813,04,-0.5,14.15833333333334,75.78709677419354,1.8783783783783783,0.0,0.0,0.0,53500.67567567567,1.808974358974358,143.97435897435898,6.25
20220813,05,-0.26,14.612179487179493,74.54193548387097,2.1013513513513513,0.0,0.006578947368421052,11.013333333333334,53662.43243243243,1.7878205128205134,142.94871794871796,638.25
20220813,06,-0.0,17.3551282051282,65.85161290322581,1.804054054054054,0.0,0.006578947368421052,49.57333333333333,56284.12162162162,1.6532051282051288,143.07692307692307,4639.0
20220813,07,0.26,20.006410256410252,57.270967741935486,1.8310810810810811,0.0,0.0,53.306666666666665,55803.85135135135,1.894230769230769,119.74358974358974,12082.5
20220813,08,0.5,22.25961538461539,51.348387096774196,2.364864864864865,0.0006578947368421052,0.013157894736842105,52.02,57294.86486486487,2.2455128205128205,108.78205128205128,19845.0
20220813,09,0.71,23.96666666666667,47.13548387096774,2.939189189189189,0.003289473684210526,0.05263157894736842,49.486666666666665,56602.5,2.7519230769230774,95.06410256410257,25684.75
20220813,10,0.87,25.096794871794884,43.87741935483871,3.135135135135135,0.009868421052631578,0.09210526315789473,48.17333333333333,57389.18918918919,3.3929487179487174,79.74358974358974,29261.25
20220813,11,0.97,25.748076923076926,42.0,3.608108108108108,0.009210526315789473,0.07236842105263158,45.24,55808.85135135135,3.6833333333333327,77.43589743589743,29743.0
20220813,12,1.0,26.175000000000004,41.16129032258065,3.891891891891892,0.006578947368421052,0.05263157894736842,42.46666666666667,57044.93243243243,3.84615384615385,82.17948717948718,29255.75
20220813,13,0.97,26.60833333333333,39.87096774193548,4.217687074829932,0.0013157894736842105,0.07236842105263158,41.013422818791945,55115.74324324324,3.853846153846155,79.03846153846153,28033.25
20220813,14,0.87,26.83910256410255,39.77272727272727,4.360544217687075,0.009210526315789475,0.05921052631578947,40.68456375838926,56175.102040816324,3.7833333333333363,85.06410256410257,25320.25
20220813,15,0.71,26.74166666666667,40.87662337662338,4.458904109589041,0.007236842105263159,0.02631578947368421,40.66891891891892,57306.5306122449,3.7438709677419353,81.34615384615384,20725.25
20220813,16,0.5,26.566666666666663,41.532467532467535,4.280821917808219,0.0,0.013157894736842105,40.62837837837838,56531.08843537415,3.640645161290322,87.93548387096774,15071.25
20220813,17,0.26,26.045512820512826,43.35064935064935,3.9383561643835616,0.0,0.013157894736842105,44.75675675675676,57141.90476190476,3.505769230769229,91.92307692307692,8685.0
20220813,18,0.0,24.82307692307693,47.94193548387097,3.3469387755102042,0.006578947368421052,0.02631578947368421,44.527027027027025,56494.66216216216,3.2442307692307684,87.82051282051282,3098.25
20220813,19,-0.26,22.84038461538462,54.81935483870968,3.496598639455782,0.03881578947368421,0.02631578947368421,18.026845637583893,53597.09459459459,2.7275641025641013,90.38461538461539,333.5
20220813,20,-0.5,21.229487179487176,61.0,3.695945945945946,0.009868421052631578,0.046052631578947366,0.0,51267.97297297297,2.4807692307692317,88.52564102564102,0.25
20220813,21,-0.71,20.238853503184714,65.30322580645161,3.6824324324324325,0.023026315789473683,0.039473684210526314,0,50828.58108108108,2.296153846153846,97.11538461538461,0.0
20220813,22,-0.87,19.36050955414012,69.07096774193549,3.695945945945946,0.011184210526315791,0.03289473684210526,0,48969.66216216216,2.2410256410256424,108.91025641025641,0.0
20220813,23,-0.97,18.73694267515924,71.87820512820512,3.8175675675675675,0.0006578947368421052,0.013157894736842105,0,47028.17567567567,2.172435897435897,123.46153846153847,0.0
20220814,00,-1.0,18.2051282051282,74.49677419354839,3.472972972972973,0.001973684210526316,0.006578947368421052,0,45576.82432432433,2.1000000000000014,123.3974358974359,0.0
20220814,01,-0.97,17.51538461538462,77.4258064516129,3.47972972972973,0.0,0.0,0,43462.02702702703,1.9801282051282045,123.65384615384616,0.0
20220814,02,-0.87,16.96089743589744,79.72258064516129,3.5405405405405403,0.0,0.013157894736842105,0,40759.86486486487,1.9173076923076913,121.73076923076923,0.0
20220814,03,-0.71,16.52371794871795,81.73548387096774,3.4594594594594597,0.0,0.013157894736842105,0.0,39831.48648648649,1.9205128205128204,119.61538461538461,0.0
20220814,04,-0.5,16.142307692307696,83.54838709677419,3.4662162162162162,0.0,0.006578947368421052,0.0,35888.24324324324,1.9615384615384615,120.32051282051282,5.75
20220814,05,-0.26,16.525641025641022,82.49032258064516,3.27027027027027,0.0,0.006578947368421052,9.426666666666666,36550.67567567567,2.0044871794871786,118.91025641025641,659.0
20220814,06,-0.0,18.64935897435897,75.11612903225806,3.2027027027027026,0.0,0.006578947368421052,45.56666666666667,42336.62162162162,2.0346153846153854,123.71794871794872,4594.0
20220814,07,0.26,20.926923076923075,66.76774193548387,3.5472972972972974,0.0,0.0,52.07333333333333,46030.94594594595,2.3897435897435884,106.7948717948718,11998.75
20220814,08,0.5,22.99166666666666,59.6,3.8513513513513513,0.0,0.0,53.54666666666667,48586.48648648649,2.8320512820512818,103.84615384615384,20650.25
20220814,09,0.71,24.692307692307693,53.28387096774193,3.635135135135135,0.0,0.006578947368421052,52.7,50957.7027027027,3.2044871794871796,103.58974358974359,27398.5
20220814,10,0.87,26.238709677419354,47.603896103896105,3.5510204081632653,0.0,0.006578947368421052,51.95973154362416,53907.02702702703,3.5993589743589722,101.47435897435898,31641.75
20220814,11,0.97,27.114935064935075,44.150326797385624,3.1986301369863015,0.0,0.013157894736842105,51.83108108108108,52123.97260273973,3.9519480519480528,102.51612903225806,33476.0
20220814,12,1.0,27.83896103896104,41.47712418300654,3.6780821917808217,0.0,0.019736842105263157,49.46621621621622,52490.82191780822,4.058441558441559,105.71428571428571,32922.0
20220814,13,0.97,28.346103896103898,39.98039215686274,4.287671232876712,0.0,0.006578947368421052,46.804054054054056,54748.97260273973,4.055194805194806,111.68831168831169,30387.5
20220814,14,0.87,28.46298701298702,39.26797385620915,4.821917808219178,0.0019736842105263163,0.07236842105263158,44.41891891891892,54032.94520547945,3.9889610389610373,113.24675324675324,26498.5
20220814,15,0.71,28.427272727272715,38.99346405228758,5.054794520547945,0.004605263157894736,0.05263157894736842,40.851351351351354,55240.82191780822,3.88116883116883,115.45454545454545,21208.5
20220814,16,0.5,28.0974025974026,39.98039215686274,4.993150684931507,0.0059210526315789476,0.05921052631578947,39.101351351351354,56261.78082191781,3.709090909090907,117.01298701298701,14738.0
20220814,17,0.26,27.430519480519482,42.20261437908497,5.082191780821918,0.0019736842105263163,0.046052631578947366,34.87162162162162,56764.65753424657,3.448701298701298,118.37662337662337,7814.0
20220814,18,0.0,25.84903225806453,47.577922077922075,5.374149659863946,0.010526315789473684,0.06578947368421052,27.83783783783784,54326.19047619047,3.252903225806452,117.41935483870968,2526.5
20220814,19,-0.26,23.921935483870968,54.01298701298701,5.761904761904762,0.003289473684210526,0.039473684210526314,3.8053691275167787,52678.36734693877,2.827096774193547,119.35483870967742,222.75
20220814,20,-0.5,22.76217948717949,58.23225806451613,6.081081081081081,0.008552631578947369,0.02631578947368421,0.0,51860.27027027027,2.7256410256410253,116.73076923076923,0.25
20220814,21,-0.71,21.84423076923077,62.20645161290322,6.277027027027027,0.01513157894736842,0.05921052631578947,0,50296.08108108108,2.639102564102564,125.0,0.0
20220814,22,-0.87,21.122435897435896,65.18709677419355,5.77027027027027,0.006578947368421052,0.07894736842105263,0,49443.31081081081,2.5461538461538473,127.37179487179488,0.0
20220814,23,-0.97,20.510256410256424,68.12903225806451,5.824324324324325,0.0,0.08552631578947369,0,49107.63513513513,2.4346153846153853,130.51282051282053,0.0
20220815,00,-1.0,19.8801282051282,70.89677419354838,5.405405405405405,0.026973684210526313,0.11842105263157894,0,46899.39189189189,2.474358974358975,137.62820512820514,0.0
20220815,01,-0.97,19.346794871794877,73.3225806451613,5.216216216216216,0.01578947368421053,0.13815789473684212,0,45691.21621621621,2.43525641025641,142.05128205128204,0.0
20220815,02,-0.87,18.880128205128216,75.75483870967741,5.648648648648648,0.03223684210526316,0.13157894736842105,0,43716.82432432433,2.513548387096773,147.61290322580646,0.0
20220815,03,-0.71,18.433333333333334,78.3741935483871,5.554054054054054,0.03157894736842105,0.11842105263157894,0.0,40464.86486486487,2.443870967741937,156.38709677419354,0.0
20220815,04,-0.5,18.068589743589744,79.87096774193549,5.668918918918919,0.045033112582781455,0.13245033112582782,0.0,38397.36486486487,2.510967741935485,156.38709677419354,4.5
20220815,05,-0.26,18.375000000000007,79.54838709677419,5.743243243243243,0.03774834437086093,0.17218543046357615,6.16,38724.12162162162,2.490322580645161,161.8709677419355,564.25
20220815,06,-0.0,19.507051282051286,75.85806451612903,5.9324324324324325,0.017763157894736842,0.17763157894736842,20.473333333333333,39858.44594594595,2.5322580645161303,162.96774193548387,3280.25
20220815,07,0.26,20.7397435897436,71.19354838709677,5.79054054054054,0.007189542483660131,0.12418300653594772,23.35333333333333,43702.16216216216,2.7625806451612895,173.2258064516129,7968.0
20220815,08,0.5,22.144871794871786,65.90322580645162,5.527027027027027,0.03137254901960784,0.1111111111111111,28.526666666666667,45682.77027027027,3.0535483870967735,177.41935483870967,13796.75
20220815,09,0.71,23.348407643312097,61.032051282051285,5.4391891891891895,0.030263157894736846,0.125,33.77333333333333,48072.68456375839,3.32051282051282,180.25477707006368,19731.5
20220815,10,0.87,24.326751592356676,57.19871794871795,5.583892617449664,0.046052631578947366,0.1513157894736842,32.682119205298015,48798.92617449664,3.3961538461538465,184.2948717948718,23880.25
20220815,11,0.97,25.151592356687885,53.87820512820513,5.818791946308725,0.04379084967320262,0.1437908496732026,30.56953642384106,50557.18120805369,3.4897435897435902,184.67948717948718,25666.5
20220815,12,1.0,25.487179487179503,52.18709677419355,5.736486486486487,0.2542483660130719,0.1437908496732026,33.22666666666667,49880.4081632653,3.703225806451615,186.7948717948718,25893.25
20220815,13,0.97,25.43333333333333,52.645161290322584,5.837837837837838,0.29736842105263156,0.23026315789473684,31.153333333333332,49165.30612244898,3.943870967741935,190.19354838709677,24442.25
20220815,14,0.87,25.272435897435905,52.94838709677419,5.659863945578231,0.6677631578947368,0.23026315789473684,32.18120805369127,49830.95238095238,3.9393548387096766,195.3548387096774,21794.25
20220815,15,0.71,24.78525641025641,55.090322580645164,5.595890410958904,0.34066666666666673,0.3,27.763513513513512,50694.109589041094,3.883766233766235,198.76623376623377,17539.0
20220815,16,0.5,24.08269230769231,57.94838709677419,5.755102040816326,0.47651006711409394,0.28187919463087246,26.993243243243242,49331.98630136986,3.629870129870132,201.55844155844156,11923.5
20220815,17,0.26,23.16474358974358,61.34193548387097,6.1891891891891895,0.35827814569536426,0.26490066225165565,24.416107382550337,49155.6462585034,3.5845161290322576,209.3548387096774,6338.25
20220815,18,0.0,21.950641025641033,66.96774193548387,6.4391891891891895,0.3543046357615894,0.271523178807947,18.906040268456376,47072.448979591834,3.125806451612901,218.1290322580645,2116.0
20220815,19,-0.26,20.55384615384616,72.81935483870967,6.202702702702703,0.27960526315789475,0.27631578947368424,4.503355704697986,45720.61224489796,2.7677419354838704,208.4516129032258,195.25
20220815,20,-0.5,19.614743589743583,76.8258064516129,6.081081081081081,0.2542483660130719,0.20915032679738563,0.0,45019.319727891154,2.4683870967741943,208.58064516129033,0.0
20220815,21,-0.71,18.990445859872615,79.73717948717949,5.554054054054054,0.0784313725490196,0.13725490196078433,0,42256.08108108108,2.4634615384615386,208.9102564102564,0.0
20220815,22,-0.87,18.43248407643312,82.28846153846153,5.10738255033557,0.0392156862745098,0.16339869281045752,0,42132.02702702703,2.3185897435897442,202.69230769230768,0.0
20220815,23,-0.97,17.93949044585987,84.3525641025641,5.167785234899329,0.016993464052287584,0.13071895424836602,0,39299.72972972973,2.169230769230769,193.46153846153845,0.0
20220816,00,-1.0,17.590445859872606,85.49358974358974,4.563758389261745,0.012418300653594772,0.058823529411764705,0,37984.72972972973,2.134615384615386,189.87179487179486,0.0
20220816,01,-0.97,17.237579617834395,86.58974358974359,4.348993288590604,0.1366013071895425,0.0392156862745098,0,35366.95945945946,2.1839743589743605,196.34615384615384,0.0
20220816,02,-0.87,16.74267515923567,88.01923076923077,3.597315436241611,0.06601307189542484,0.058823529411764705,0,33849.12162162162,2.1108974358974346,201.47435897435898,0.0
20220816,03,-0.71,16.319745222929935,89.2948717948718,3.3758389261744965,0.00784313725490196,0.0392156862745098,0.0,32278.31081081081,2.0775641025641027,194.16666666666666,0.0
20220816,04,-0.5,15.933757961783442,90.28205128205128,2.684563758389262,0.2555555555555556,0.0196078431372549,0.0,30111.756756756757,2.099999999999999,189.74358974358975,3.5
20220816,05,-0.26,16.120382165605097,89.41666666666667,2.4563758389261743,0.0026143790849673205,0.026143790849673203,8.686666666666667,28848.175675675677,2.028846153846154,187.56410256410257,547.75
20220816,06,-0.0,17.76305732484076,83.3525641025641,2.4966442953020134,0.0,0.0457516339869281,41.46666666666667,33851.08108108108,2.083974358974358,184.35897435897436,4271.25
20220816,07,0.26,19.602547770700646,75.9551282051282,2.1543624161073827,0.003921568627450981,0.0392156862745098,47.56666666666667,39299.18918918919,2.274358974358974,194.55128205128204,11437.0
20220816,08,0.5,21.41656050955414,67.9423076923077,2.1554054054054053,0.0006535947712418301,0.0196078431372549,49.53333333333333,43102.7027027027,2.494230769230769,206.28205128205127,19868.5
20220816,09,0.71,23.05477707006369,60.40384615384615,2.2260273972602738,0.0,0.0,52.375838926174495,47989.795918367345,2.6483870967741945,214.58064516129033,26862.0
20220816,10,0.87,24.394267515923566,54.256410256410255,2.1655172413793102,0.0,0.006535947712418301,52.50675675675676,50217.02702702703,2.7916129032258055,213.03225806451613,30886.25
20220816,11,0.97,25.466878980891714,49.516129032258064,2.4689655172413794,0.0,0.0,50.945945945945944,52418.37837837838,2.948387096774193,210.4516129032258,32445.5
20220816,12,1.0,26.245806451612903,46.25657894736842,2.6666666666666665,0.0,0.026143790849673203,46.03378378378378,55027.260273972606,3.0199999999999996,212.56410256410257,31644.0
20220816,13,0.97,26.88064516129032,43.60526315789474,3.0277777777777777,0.0,0.019736842105263157,46.50340136054422,54866.598639455784,3.0761290322580646,217.80645161290323,29288.5
20220816,14,0.87,27.067741935483866,42.89473684210526,3.611111111111111,0.026973684210526313,0.07236842105263158,40.714285714285715,55345.578231292515,3.0335483870967743,225.3548387096774,25993.75
20220816,15,0.71,27.234193548387104,42.04635761589404,3.4405594405594404,0.030921052631578943,0.039473684210526314,41.34931506849315,55674.24657534246,2.878709677419355,229.48387096774192,21173.25
20220816,16,0.5,27.08451612903224,42.296052631578945,3.4055944055944054,0.001973684210526316,0.05921052631578947,42.56164383561644,55427.94520547945,2.749350649350649,241.16883116883116,15154.25
20220816,17,0.26,26.601290322580645,44.13157894736842,3.1458333333333335,0.001973684210526316,0.03289473684210526,44.224489795918366,56486.232876712325,2.4318181818181808,237.66233766233765,8100.25
20220816,18,0.0,25.17870967741935,49.901315789473685,2.9379310344827587,0.002631578947368421,0.02631578947368421,41.265306122448976,54995.61643835616,1.9251612903225819,228.83870967741936,2482.25
20220816,19,-0.26,22.623870967741937,59.032679738562095,3.328767123287671,0.0,0.03289473684210526,7.554054054054054,51328.707482993195,1.5470967741935489,200.32258064516128,178.75
20220816,20,-0.5,21.134615384615387,64.68181818181819,3.82312925170068,0.06447368421052632,0.013157894736842105,0.0,49135.47297297297,1.528205128205129,173.65384615384616,0.0
20220816,21,-0.71,20.02307692307692,69.06493506493507,3.63265306122449,0.0006578947368421052,0.006578947368421052,0,47037.77027027027,1.477564102564102,162.24358974358975,0.0
20220816,22,-0.87,19.15641025641026,72.42207792207792,3.7755102040816326,0.0,0.0,0,45274.32432432433,1.4455128205128214,159.74358974358975,0.0
20220816,23,-0.97,18.39487179487179,75.54545454545455,3.8299319727891157,0.0,0.0,0,42948.58108108108,1.416666666666667,164.42307692307693,0.0
20220817,00,-1.0,17.77051282051282,77.85064935064935,3.931972789115646,0.0,0.0,0,39785.2027027027,1.421153846153846,163.01282051282053,0.0
20220817,01,-0.97,17.25064102564102,79.74675324675324,4.35374149659864,0.0006578947368421052,0.013157894736842105,0,39328.51351351351,1.4262820512820522,160.25641025641025,0.0
20220817,02,-0.87,16.820512820512818,81.3961038961039,4.374149659863946,0.0,0.019736842105263157,0,37439.39189189189,1.4384615384615378,171.4102564102564,0.0
20220817,03,-0.71,16.45128205128205,82.72727272727273,4.619047619047619,0.0,0.013157894736842105,0.0,34857.5,1.4596153846153845,174.2948717948718,0.0
20220817,04,-0.5,16.227564102564102,83.53896103896103,5.299319727891157,0.005263157894736842,0.05263157894736842,0.0,34347.09459459459,1.5166666666666675,173.2051282051282,2.75
20220817,05,-0.26,16.621153846153845,82.62987012987013,5.578231292517007,0.007894736842105263,0.05263157894736842,8.093333333333334,34066.62162162162,1.482051282051282,176.73076923076923,572.0
20220817,06,-0.0,18.685256410256418,76.15584415584415,5.761904761904762,0.002631578947368421,0.05263157894736842,35.733333333333334,37295.67567567567,1.4564102564102566,155.76923076923077,4170.5
20220817,07,0.26,21.12179487179488,66.66233766233766,5.945578231292517,0.013157894736842105,0.06578947368421052,41.27333333333333,40119.45945945946,1.5801282051282048,143.5897435897436,10379.0
20220817,08,0.5,23.191025641025643,59.01298701298701,6.210884353741497,0.01644736842105263,0.07236842105263158,42.36666666666667,42606.41891891892,1.789102564102564,152.37179487179486,16890.0
20220817,09,0.71,24.882165605095548,53.46103896103896,6.082758620689655,0.011258278145695366,0.11258278145695365,42.195945945945944,46675.27027027027,2.071974522292993,141.84713375796179,21924.25
20220817,10,0.87,25.912738853503196,49.74025974025974,6.363013698630137,0.015131578947368423,0.125,39.308724832214764,46247.90540540541,2.417834394904459,146.81528662420382,24883.25
20220817,11,0.97,26.613375796178346,47.311688311688314,6.572413793103448,0.02565789473684211,0.14473684210526316,36.66442953020134,49456.598639455784,2.625000000000001,150.63694267515925,25128.5
20220817,12,1.0,27.055414012738858,45.58441558441559,6.696551724137931,0.004605263157894736,0.1513157894736842,32.26845637583892,49561.08843537415,2.8128205128205126,160.64102564102564,24189.5
20220817,13,0.97,27.48129032258064,44.1437908496732,6.659722222222222,0.00457516339869281,0.1503267973856209,32.03378378378378,51365.61643835616,2.88407643312102,160.76433121019107,23234.25
20220817,14,0.87,27.53419354838709,44.22222222222222,6.541666666666667,0.11842105263157897,0.1513157894736842,30.70945945945946,52698.150684931505,2.923225806451613,164.7741935483871,21243.25
20220817,15,0.71,27.47096774193547,44.44444444444444,6.506944444444445,0.011184210526315791,0.10526315789473684,32.00675675675676,53081.78082191781,2.863870967741936,161.74193548387098,17606.75
20220817,16,0.5,27.151612903225818,45.43790849673203,6.493055555555555,0.10526315789473684,0.09868421052631579,30.85135135135135,51908.08219178082,2.920000000000001,158.25806451612902,12292.5
20220817,17,0.26,26.372903225806464,48.56209150326797,6.736111111111111,0.19144736842105264,0.09210526315789473,25.68243243243243,51273.08219178082,2.8793548387096775,151.2258064516129,6254.5
20220817,18,0.0,24.993548387096777,52.908496732026144,7.020833333333333,0.10789473684210528,0.1118421052631579,15.29054054054054,50095.91836734694,2.634838709677418,157.48387096774192,2047.75
20220817,19,-0.26,23.141935483870963,59.45751633986928,6.9520547945205475,0.17105263157894737,0.09210526315789473,3.2013422818791946,47642.380952380954,2.3825806451612923,168.70967741935485,151.75
20220817,20,-0.5,21.891719745222932,64.38311688311688,6.571428571428571,0.3171052631578948,0.09868421052631579,0.0,44558.51351351351,2.2910256410256418,168.65384615384616,0.0
20220817,21,-0.71,21.00573248407644,68.11612903225806,6.1891891891891895,0.5999999999999999,0.16339869281045752,0,42282.63513513513,2.3687898089171964,183.43949044585986,0.0
20220817,22,-0.87,20.227388535031842,72.01290322580645,6.506756756756757,0.4809210526315789,0.19078947368421054,0,39447.5,2.3624203821656047,173.18471337579618,0.0
20220817,23,-0.97,19.603184713375793,74.98064516129033,6.716216216216216,0.31381578947368427,0.21710526315789475,0,36691.41891891892,2.4178343949044594,181.46496815286625,0.0
20220818,00,-1.0,19.02929936305731,77.85161290322581,6.6891891891891895,0.16973684210526316,0.25,0,35428.91891891892,2.450318471337579,174.96815286624204,0.0
20220818,01,-0.97,18.60636942675159,79.61935483870968,6.668918918918919,0.0875,0.19078947368421054,0,34057.09459459459,2.518471337579619,175.22292993630575,0.0
20220818,02,-0.87,18.226751592356692,81.7483870967742,6.70945945945946,0.12960526315789472,0.18421052631578946,0,31108.64864864865,2.5216560509554125,174.71337579617835,0.0
20220818,03,-0.71,17.8108280254777,83.2258064516129,6.837837837837838,0.18627450980392157,0.16339869281045752,0.0,29332.85714285714,2.4057692307692307,184.42307692307693,0.0
20220818,04,-0.5,17.59044585987261,84.2,6.986486486486487,0.03881578947368421,0.17763157894736842,0.0,27357.619047619046,2.1910256410256417,197.75641025641025,1.5
20220818,05,-0.26,17.67452229299363,85.21935483870968,6.952702702702703,0.027814569536423837,0.17880794701986755,1.2516556291390728,25297.278911564626,2.0442307692307695,212.62820512820514,384.0
20220818,06,-0.0,18.600000000000012,82.54838709677419,6.70945945945946,0.03112582781456954,0.17880794701986755,13.251655629139073,26149.662162162163,2.04551282051282,193.65384615384616,2798.0
20220818,07,0.26,19.580891719745228,79.41025641025641,6.668918918918919,0.045394736842105245,0.21710526315789475,16.192052980132452,27848.783783783783,2.189743589743589,209.03846153846155,6692.5
20220818,08,0.5,20.529299363057323,75.67948717948718,6.938775510204081,0.032236842105263154,0.20394736842105263,18.43046357615894,29812.972972972973,2.3339743589743582,210.32051282051282,10598.5
20220818,09,0.71,21.41592356687898,72.46451612903226,7.217687074829932,0.07549668874172184,0.2052980132450331,18.593333333333334,30404.965986394556,2.4358974358974375,217.1153846153846,14644.75
20220818,10,0.87,22.26305732484077,69.43589743589743,7.061224489795919,0.06622516556291391,0.23178807947019867,22.826666666666668,31649.115646258502,2.6121794871794872,216.85897435897436,18905.0
20220818,11,0.97,23.029936305732495,66.51282051282051,6.95945945945946,0.023178807947019868,0.2185430463576159,23.446666666666665,34100.816326530614,2.6750000000000003,227.37179487179486,21862.75
20220818,12,1.0,23.69487179487179,63.68387096774194,6.843537414965986,0.02039473684210526,0.13815789473684212,23.8,35491.91780821918,2.7451612903225815,232.56410256410257,22337.5
20220818,13,0.97,24.30580645161291,61.006493506493506,6.458904109589041,0.014473684210526317,0.09868421052631579,26.906040268456376,37924.75862068965,2.9467532467532473,213.2258064516129,20812.5
20220818,14,0.87,24.69225806451614,59.27272727272727,6.6438356164383565,0.003947368421052632,0.07894736842105263,28.550335570469798,39995.93103448276,3.0149350649350652,222.46753246753246,17884.0
20220818,15,0.71,24.428387096774202,60.298701298701296,6.675862068965517,0.10263157894736842,0.13157894736842105,26.651006711409394,37186.48275862069,3.1948051948051948,238.05194805194805,13786.25
20220818,16,0.5,23.95483870967741,62.4025974025974,6.655172413793103,0.32697368421052636,0.1513157894736842,21.7248322147651,38151.03448275862,3.2149350649350645,256.4935064935065,9312.5
20220818,17,0.26,23.225161290322582,65.5741935483871,6.863013698630137,0.17565789473684212,0.19736842105263158,15.697986577181208,37023.6301369863,3.1967532467532482,265.45454545454544,4896.75
20220818,18,0.0,22.283333333333335,69.06410256410257,7.054054054054054,0.38954248366013067,0.1895424836601307,8.684563758389261,36637.89115646258,3.1425806451612894,261.6774193548387,1657.75
20220818,19,-0.26,21.185987261146497,73.94871794871794,7.331081081081081,0.14802631578947367,0.24342105263157895,1.205298013245033,33936.73469387755,3.1051612903225823,261.741935483871,151.0
20220818,20,-0.5,20.322292993630565,77.48407643312102,7.331081081081081,0.35496688741721866,0.304635761589404,0.0,31712.162162162163,3.0173076923076927,243.71794871794873,0.0
20220818,21,-0.71,19.654777070063698,80.7515923566879,7.214765100671141,0.7706666666666666,0.31333333333333335,0,28415.405405405407,2.893589743589742,246.47435897435898,0.0
20220818,22,-0.87,19.121019108280247,83.36305732484077,7.331081081081081,0.375,0.2894736842105263,0,26358.986486486487,2.712820512820513,238.78205128205127,0.0
20220818,23,-0.97,18.654487179487177,85.57051282051282,7.527027027027027,0.23576158940397351,0.24503311258278146,0,23757.210884353743,2.550641025641027,245.32051282051282,0.0
20220819,00,-1.0,18.365384615384627,87.42307692307692,7.601351351351352,0.20266666666666672,0.26,0,21446.326530612245,2.4870967741935464,254.32258064516128,0.0
20220819,01,-0.97,18.134615384615383,88.59615384615384,7.628378378378378,0.21799999999999997,0.2733333333333333,0,19438.571428571428,2.5477419354838715,258.7096774193548,0.0
20220819,02,-0.87,17.91602564102564,89.59615384615384,7.533783783783784,0.39139072847682127,0.2781456953642384,0,17766.25850340136,2.581290322580645,252.25806451612902,0.0
20220819,03,-0.71,17.705128205128197,90.55128205128206,7.527027027027027,0.24800000000000003,0.22666666666666666,0.0,15780.952380952382,2.4935483870967747,264.19354838709677,0.0
20220819,04,-0.5,17.585256410256417,91.1025641025641,7.4391891891891895,0.22913907284768217,0.1986754966887417,0.0,15131.56462585034,2.43225806451613,265.61290322580646,0.5
20220819,05,-0.26,17.530128205128204,91.32692307692308,7.621621621621622,0.09066666666666666,0.24,0.0,14449.319727891156,2.445161290322581,265.741935483871,190.25
20220819,06,-0.0,17.890384615384612,89.82051282051282,7.351351351351352,0.10335570469798656,0.2684563758389262,3.1184210526315788,16838.299319727892,2.459740259740259,272.64516129032256,1543.0
20220819,07,0.26,18.43653846153845,87.7051282051282,7.3175675675675675,0.1342281879194631,0.3288590604026846,8.086092715231787,18469.319727891158,2.6474025974025968,271.75324675324674,3840.0
20220819,08,0.5,18.995483870967757,85.2,7.421768707482993,0.1867549668874172,0.3841059602649007,8.986666666666666,19872.397260273974,2.7780645161290316,280.19354838709677,6684.5
20220819,09,0.71,19.685064935064943,81.8051948051948,7.315068493150685,0.36308724832214767,0.348993288590604,11.75,22972.19178082192,2.8640522875816994,279.2857142857143,9774.5
20220819,10,0.87,20.339610389610392,78.64285714285714,7.075342465753424,0.19597315436241616,0.35570469798657717,13.385135135135135,26814.794520547945,3.1227272727272717,284.93506493506493,12180.5
20220819,11,0.97,20.95741935483871,75.43870967741935,6.891156462585034,0.2573333333333334,0.3,16.054054054054053,29183.835616438355,3.336129032258064,283.4193548387097,14618.5
20220819,12,1.0,21.543870967741928,72.59740259740259,6.63013698630137,0.5586666666666665,0.32666666666666666,17.20945945945946,31769.03448275862,3.389677419354837,283.80645161290323,16201.25
20220819,13,0.97,21.973548387096773,70.53246753246754,6.568493150684931,0.45302013422818793,0.2953020134228188,18.671140939597315,34319.862068965514,3.490967741935483,280.5806451612903,15781.5
20220819,14,0.87,22.21935483870968,69.22727272727273,6.575342465753424,0.24899328859060407,0.2348993288590604,18.248322147651006,36149.724137931036,3.5464516129032266,280.83870967741933,14040.0
20220819,15,0.71,22.17161290322581,69.17532467532467,6.712328767123288,0.3174496644295302,0.2751677852348993,17.610738255033556,35251.793103448275,3.4735483870967747,281.03225806451616,11070.5
20220819,16,0.5,21.97354838709677,69.5909090909091,6.917808219178082,0.4080536912751678,0.24161073825503357,16.523489932885905,35396.206896551725,3.41032258064516,275.8709677419355,7378.0
20220819,17,0.26,21.543870967741924,71.36363636363636,7.109589041095891,0.39664429530201345,0.26174496644295303,15.228187919463087,36472.275862068964,3.3180645161290325,274.19354838709677,3934.25
20220819,18,0.0,20.79677419354838,74.52903225806452,7.068493150684931,0.4268456375838926,0.26174496644295303,11.167785234899329,34914.17808219178,3.198064516129032,275.2258064516129,1331.75
20220819,19,-0.26,19.80774193548387,78.51612903225806,7.0476190476190474,0.24000000000000005,0.26666666666666666,1.76,31497.12328767123,2.8329032258064526,261.6774193548387,100.75
20220819,20,-0.5,19.18064516129032,81.40645161290323,7.095238095238095,0.22933333333333333,0.24,0.0,30928.15068493151,2.4670967741935477,254.6451612903226,0.0
20220819,21,-0.71,18.7448717948718,83.48387096774194,7.4353741496598635,0.34666666666666673,0.22666666666666666,0,28702.12328767123,2.4348387096774196,261.80645161290323,0.0
20220819,22,-0.87,18.40897435897436,84.93589743589743,7.412162162162162,0.1986754966887417,0.24503311258278146,0,27794.557823129253,2.43076923076923,261.15384615384613,0.0
20220819,23,-0.97,18.141666666666662,86.50641025641026,7.412162162162162,0.2880794701986755,0.31125827814569534,0,26070.884353741498,2.4576923076923056,261.7307692307692,0.0
20220820,00,-1.0,17.833333333333343,88.19871794871794,7.29054054054054,0.3350993377483444,0.31125827814569534,0,24262.448979591838,2.514102564102565,262.2435897435897,0.0
20220820,01,-0.97,17.63589743589743,89.0,7.371621621621622,0.19867549668874177,0.3576158940397351,0,24075.034013605444,2.5192307692307687,262.62820512820514,0.0
20220820,02,-0.87,17.434615384615373,90.06410256410257,7.412162162162162,0.2490066225165563,0.40397350993377484,0,22436.122448979593,2.416025641025641,266.6666666666667,0.0
20220820,03,-0.71,17.260256410256403,90.68589743589743,7.587837837837838,0.46754966887417215,0.45695364238410596,0.0,20943.12925170068,2.371794871794871,268.5897435897436,0.0
20220820,04,-0.5,17.058974358974368,91.3525641025641,7.533783783783784,0.5033333333333332,0.44666666666666666,0.0,19978.43537414966,2.410897435897437,261.47435897435895,0.75
20220820,05,-0.26,16.991666666666667,91.97435897435898,7.614864864864865,0.6920529801324503,0.48344370860927155,0.006622516556291391,19143.333333333332,2.478205128205128,266.47435897435895,168.25
20220820,06,-0.0,17.351923076923082,90.76282051282051,7.655405405405405,0.494701986754967,0.48344370860927155,2.0993377483443707,20262.789115646257,2.4602564102564095,268.52564102564105,1528.25
20220820,07,0.26,17.88589743589743,88.26282051282051,7.513513513513513,0.3809210526315791,0.4407894736842105,5.172185430463577,23046.462585034013,2.603846153846154,268.0769230769231,4419.0
20220820,08,0.5,18.525,84.85897435897436,7.277027027027027,0.24868421052631587,0.4342105263157895,8.867549668874172,26130.884353741498,2.8929487179487188,274.6794871794872,7960.25
20220820,09,0.71,19.280645161290327,80.81935483870967,7.2517006802721085,0.2605263157894737,0.42105263157894735,12.913333333333334,29704.04109589041,3.1432258064516128,273.5897435897436,11180.75
20220820,10,0.87,19.867741935483863,77.52258064516128,7.0,0.31250000000000006,0.3881578947368421,14.798657718120806,34362.191780821915,3.3077419354838704,276.64516129032256,14565.75
20220820,11,0.97,20.472903225806448,73.71612903225807,6.714285714285714,0.2888157894736842,0.35526315789473684,18.181208053691275,37266.3698630137,3.4696774193548383,277.0967741935484,16786.5
20220820,12,1.0,20.959354838709665,71.12258064516129,6.5646258503401365,0.20197368421052636,0.3684210526315789,19.201342281879196,39892.67123287671,3.5599999999999996,278.7096774193548,18044.75
20220820,13,0.97,20.969032258064512,70.6258064516129,6.292517006802721,0.6708609271523177,0.3841059602649007,18.859060402684563,41733.90410958904,3.611612903225805,288.1290322580645,16753.0
20220820,14,0.87,21.263225806451615,68.27096774193548,6.136054421768708,0.37483443708609276,0.37748344370860926,19.48993288590604,44863.69863013698,3.540645161290323,271.4193548387097,15561.25
20220820,15,0.71,21.141935483870963,68.2258064516129,5.979591836734694,0.3125000000000001,0.39473684210526316,19.590604026845636,44435.20547945205,3.412903225806451,274.64516129032256,13292.0
20220820,16,0.5,20.923870967741937,68.71612903225807,5.7482993197278915,0.46118421052631586,0.32894736842105265,22.92,46395.54794520548,3.190967741935484,277.93548387096774,9513.5
20220820,17,0.26,20.678709677419352,69.21290322580646,5.394557823129252,0.09539473684210523,0.21710526315789475,25.206666666666667,47161.57534246575,2.9735483870967734,275.80645161290323,5478.75
20220820,18,0.0,19.934193548387096,72.06451612903226,5.26530612244898,0.07417218543046358,0.2185430463576159,28.66,46121.643835616436,2.680645161290321,262.5806451612903,1888.5
20220820,19,-0.26,18.578709677419354,77.40645161290323,4.7482993197278915,0.07466666666666665,0.15333333333333332,7.206666666666667,42457.87671232877,2.245806451612903,259.4193548387097,131.0
20220820,20,-0.5,17.62903225806452,80.99354838709678,4.755102040816326,0.050331125827814564,0.1456953642384106,0.0,39468.01369863014,2.00967741935484,246.83870967741936,0.0
20220820,21,-0.71,17.011612903225807,83.2516129032258,4.761904761904762,0.04635761589403973,0.17218543046357615,0,37286.02739726027,1.9193548387096777,233.03225806451613,0.0
20220820,22,-0.87,16.41217948717948,84.9483870967742,4.340136054421769,0.07039473684210526,0.17763157894736842,0,36857.46575342466,1.867741935483871,237.80645161290323,0.0
20220820,23,-0.97,15.89871794871795,85.97435897435898,4.340136054421769,0.08289473684210526,0.11842105263157894,0,35428.150684931505,1.9103225806451607,234.6451612903226,0.0
20220821,00,-1.0,15.45576923076922,87.46794871794872,4.108108108108108,0.042105263157894736,0.08552631578947369,0,33879.86394557823,1.8852564102564098,231.28205128205127,0.0
20220821,01,-0.97,14.951923076923068,88.76923076923077,4.3108108108108105,0.06710526315789474,0.09868421052631579,0,31598.503401360544,1.8416666666666681,236.66666666666666,0.0
20220821,02,-0.87,14.519230769230775,89.6025641025641,4.02027027027027,0.07631578947368421,0.06578947368421052,0,30352.312925170067,1.8615384615384618,233.46153846153845,0.0
20220821,03,-0.71,14.132051282051279,90.3076923076923,4.155405405405405,0.1453947368421053,0.09210526315789473,0.0,28259.38775510204,1.8416666666666675,237.8846153846154,0.0
20220821,04,-0.5,13.756410256410248,91.12820512820512,3.8783783783783785,0.07499999999999998,0.10526315789473684,0.0,26521.020408163266,1.894871794871795,234.80769230769232,0.0
20220821,05,-0.26,13.716666666666669,90.98076923076923,3.939189189189189,0.01118421052631579,0.125,0.5666666666666667,27397.891156462585,1.8608974358974355,227.1153846153846,263.0
20220821,06,-0.0,15.074358974358974,86.76923076923077,3.918918918918919,0.006578947368421052,0.09210526315789473,27.626666666666665,31740.884353741498,1.730128205128206,222.5,3009.5
20220821,07,0.26,16.893548387096775,79.60645161290323,3.7210884353741496,0.01589403973509934,0.06622516556291391,36.946666666666665,37449.04109589041,1.8658064516129047,219.35897435897436,9003.0
20220821,08,0.5,18.6225806451613,71.0,3.6054421768707483,0.00728476821192053,0.039735099337748346,42.4,43201.78082191781,2.2096774193548385,243.09677419354838,16602.75
20220821,09,0.71,20.01354838709678,63.935483870967744,4.0,0.004635761589403973,0.026490066225165563,44.89333333333333,45994.79452054795,2.561290322580646,256.7096774193548,23701.75
20220821,10,0.87,21.109677419354842,57.83766233766234,4.417808219178082,0.0006622516556291391,0.006622516556291391,45.32432432432432,48643.90410958904,2.8612903225806474,246.7741935483871,28231.5
20220821,11,0.97,21.914193548387082,53.65584415584416,4.486301369863014,0.0,0.0,44.46621621621622,52028.97260273973,2.994193548387096,251.67741935483872,30762.25
20220821,12,1.0,22.64064516129032,50.24025974025974,4.5479452054794525,0.0,0.006622516556291391,44.95945945945946,52584.58904109589,3.0780645161290323,253.8709677419355,31124.75
20220821,13,0.97,23.23806451612903,47.422077922077925,4.376712328767123,0.003973509933774834,0.019867549668874173,45.027027027027025,55430.20547945205,3.0883870967741935,258.258064516129,30080.25
20220821,14,0.87,23.59548387096775,46.012903225806454,4.383561643835616,0.0033112582781456954,0.019867549668874173,47.486486486486484,57038.356164383564,3.118709677419356,265.61290322580646,27276.5
20220821,15,0.71,23.719354838709673,45.08387096774194,4.383561643835616,0.0,0.019867549668874173,46.348993288590606,59067.32876712329,3.0567741935483865,268.5806451612903,22289.75
20220821,16,0.5,23.572258064516134,44.935483870967744,4.273972602739726,0.0,0.013245033112582781,46.20134228187919,59710.95890410959,3.020645161290321,263.2258064516129,15372.75
20220821,17,0.26,22.8741935483871,46.89032258064516,3.938775510204082,0.0,0.013245033112582781,44.006711409395976,60317.739726027394,2.7470967741935475,258.4516129032258,7721.0
20220821,18,0.0,21.238064516129025,54.090322580645164,4.183673469387755,0.0,0.026490066225165563,35.74,58308.01369863014,2.3490322580645153,241.48387096774192,2067.5
20220821,19,-0.26,18.92774193548387,63.81290322580645,4.142857142857143,0.0,0.0,2.2733333333333334,55506.02739726027,1.9670967741935494,212.38709677419354,89.75
20220821,20,-0.5,17.530322580645155,69.49677419354839,3.9863945578231292,0.0,0.0,0.0,53316.232876712325,1.8567741935483872,202.7741935483871,0.0
20220821,21,-0.71,16.641290322580634,73.21290322580646,3.82312925170068,0.0,0.0,0,51460.41095890411,1.8064516129032266,198.1290322580645,0.0
20220821,22,-0.87,15.901290322580655,76.14838709677419,3.9659863945578233,0.0,0.006622516556291391,0,49035.890410958906,1.7677419354838706,189.09677419354838,0.0
20220821,23,-0.97,15.203870967741935,79.10322580645162,3.925170068027211,0.0,0.006622516556291391,0,46717.46575342466,1.7012903225806455,162.70967741935485,0.0
20220822,00,-1.0,14.663225806451623,81.21935483870968,4.149659863945578,0.0,0.0,0,44173.49315068493,1.6296774193548387,173.29032258064515,0.0
20220822,01,-0.97,14.14709677419355,83.14193548387097,4.326530612244898,0.0,0.0,0,42273.150684931505,1.554838709677418,174.19354838709677,0.0
20220822,02,-0.87,13.775483870967738,84.34838709677419,4.36734693877551,0.0,0.013245033112582781,0,40291.16438356164,1.5619354838709683,166.6451612903226,0.0
20220822,03,-0.71,13.257419354838706,86.25806451612904,4.272108843537415,0.0,0.0,0.0,37698.97260273973,1.5148387096774194,168.51612903225808,0.0
20220822,04,-0.5,12.880645161290321,87.47741935483872,4.170068027210885,0.0,0.006622516556291391,0.0,35843.90410958904,1.4922580645161287,167.2258064516129,2.0
20220822,05,-0.26,12.910967741935474,87.74193548387096,4.122448979591836,0.005960264900662252,0.013245033112582781,1.04,35086.3698630137,1.514838709677419,161.5483870967742,318.25
20220822,06,-0.0,14.803870967741942,82.04516129032258,3.2312925170068025,0.0,0.006622516556291391,34.28,39756.02739726027,1.4632258064516135,148.6451612903226,3551.5
20220822,07,0.26,17.248387096774195,72.94193548387096,3.938775510204082,0.0,0.0,44.586666666666666,44598.6301369863,1.5432258064516127,140.4516129032258,10234.0
20220822,08,0.5,19.289102564102567,64.48717948717949,4.371621621621622,0.0,0.013157894736842105,44.913333333333334,48434.55782312925,1.89423076923077,121.41025641025641,17731.5
20220822,09,0.71,20.97756410256411,56.87179487179487,4.554054054054054,0.0006578947368421052,0.006578947368421052,45.97986577181208,51503.4693877551,2.3788461538461534,107.88461538461539,24469.75
20220822,10,0.87,22.087179487179498,52.03846153846154,4.72972972972973,0.001973684210526316,0.006578947368421052,45.43624161073826,53619.72602739726,2.7006410256410263,97.3076923076923,28659.0
20220822,11,0.97,22.821935483870988,48.76774193548387,4.707482993197279,0.0059210526315789476,0.013157894736842105,40.851351351351354,55754.620689655174,2.7634615384615393,106.85897435897436,28790.5
20220822,12,1.0,23.305194805194805,46.6948051948052,5.317241379310345,0.0013245033112582781,0.033112582781456956,38.142857142857146,56761.74825174825,2.918181818181818,113.74193548387096,27813.0
20220822,13,0.97,23.635064935064932,45.37012987012987,5.63013698630137,0.0013157894736842105,0.05921052631578947,34.70748299319728,55318.620689655174,3.0194805194805197,117.27272727272727,26335.25
20220822,14,0.87,23.773376623376627,44.81818181818182,5.625850340136054,0.005263157894736842,0.05263157894736842,31.87162162162162,56824.45205479452,3.0448051948051957,101.94805194805195,22439.75
20220822,15,0.71,23.679870129870128,45.175324675324674,5.789115646258503,0.007894736842105265,0.05263157894736842,28.77181208053691,59012.87671232877,3.0909090909090917,105.84415584415585,17742.5
20220822,16,0.5,23.39415584415585,46.63636363636363,5.73469387755102,0.004605263157894736,0.07894736842105263,29.13422818791946,58743.49315068493,3.1844155844155853,110.06493506493507,12288.25
20220822,17,0.26,22.679870129870114,49.12987012987013,5.727891156462585,0.0006578947368421052,0.07236842105263158,28.308724832214764,59053.49315068493,3.162987012987013,108.44155844155844,6385.75
20220822,18,0.0,21.511688311688307,53.46103896103896,5.72108843537415,0.007894736842105265,0.05921052631578947,24.013422818791945,58310.479452054795,2.9103896103896107,104.35064935064935,1855.5
20220822,19,-0.26,19.930322580645164,59.78709677419355,5.598639455782313,0.009868421052631578,0.08552631578947369,2.8322147651006713,55370.680272108846,2.6425806451612903,111.35483870967742,87.0
20220822,20,-0.5,18.89612903225806,64.2516129032258,5.621621621621622,0.008552631578947369,0.07894736842105263,0.0,55215.034013605444,2.5238709677419355,113.03225806451613,0.0
20220822,21,-0.71,18.09741935483872,68.10322580645162,5.398648648648648,0.021710526315789472,0.07894736842105263,0,53150.61224489796,2.460645161290323,122.25806451612904,0.0
20220822,22,-0.87,17.558709677419362,70.55483870967743,5.4391891891891895,0.022368421052631583,0.05921052631578947,0,51872.2972972973,2.4258064516129036,131.41935483870967,0.0
20220822,23,-0.97,16.956129032258055,73.45161290322581,5.378378378378378,0.011842105263157895,0.05921052631578947,0,49537.97297297297,2.3729032258064517,139.09677419354838,0.0
20220823,00,-1.0,16.444516129032262,75.46451612903226,5.047297297297297,0.015131578947368423,0.05263157894736842,0,47564.05405405405,2.2574193548387083,147.09677419354838,0.0
20220823,01,-0.97,15.876774193548378,77.8,4.641891891891892,0.011842105263157893,0.05263157894736842,0,46508.78378378379,2.1741935483870973,157.67741935483872,0.0
20220823,02,-0.87,15.367096774193561,79.39354838709677,4.135135135135135,0.009210526315789475,0.05921052631578947,0,44754.93243243243,2.095483870967742,164.7741935483871,0.0
20220823,03,-0.71,14.88903225806452,81.13548387096775,3.777027027027027,0.007236842105263159,0.03289473684210526,0.0,41634.25675675676,2.0193548387096785,176.06451612903226,0.0
20220823,04,-0.5,14.537419354838713,82.32903225806452,3.385135135135135,0.007894736842105263,0.046052631578947366,0.0,39288.58108108108,1.9916129032258063,162.1290322580645,1.0
20220823,05,-0.26,14.487096774193551,82.61935483870968,3.0945945945945947,0.0013157894736842105,0.05263157894736842,1.94,38494.12162162162,2.035714285714285,169.16129032258064,265.0
20220823,06,-0.0,16.133548387096774,76.84516129032258,2.831081081081081,0.004605263157894737,0.046052631578947366,35.38666666666666,42423.58108108108,2.061935483870967,170.51612903225808,3276.25
20220823,07,0.26,18.23161290322581,69.10322580645162,2.6013513513513513,0.002631578947368421,0.046052631578947366,43.86,47775.034013605444,2.196774193548387,167.16129032258064,10241.25
20220823,08,0.5,20.140645161290323,61.909677419354836,2.554054054054054,0.0,0.03289473684210526,46.57333333333333,51657.862068965514,2.511688311688312,165.32467532467533,18402.25
20220823,09,0.71,21.69290322580646,55.83225806451613,2.2635135135135136,0.003947368421052632,0.039473684210526314,48.193333333333335,53467.53424657534,2.818181818181817,156.42857142857142,25301.5
20220823,10,0.87,22.987741935483868,50.65806451612903,2.081081081081081,0.002631578947368421,0.046052631578947366,50.67333333333333,56208.09523809524,3.04220779220779,159.28571428571428,30097.0
20220823,11,0.97,23.930322580645164,47.2,2.3175675675675675,0.0006578947368421052,0.046052631578947366,50.61333333333334,55830.680272108846,3.1772727272727264,161.1038961038961,32606.5
20220823,12,1.0,24.748701298701285,44.564935064935064,2.6462585034013606,0.0013157894736842105,0.05921052631578947,50.13422818791946,57483.08219178082,3.3136363636363653,151.2987012987013,32721.75
20220823,13,0.97,25.25714285714286,43.253246753246756,3.17687074829932,0.00855263157894737,0.05263157894736842,49.58389261744966,57240.0,3.3843137254901943,151.04575163398692,31079.75
20220823,14,0.87,25.561038961038943,42.36363636363637,3.5510204081632653,0.003289473684210526,0.039473684210526314,47.16107382550336,57997.32876712329,3.301960784313726,145.2941176470588,27272.75
20220823,15,0.71,25.67012987012988,42.40909090909091,3.5714285714285716,0.0006578947368421052,0.02631578947368421,46.61073825503356,58239.72602739726,3.0810457516339884,145.7516339869281,21806.5
20220823,16,0.5,25.402597402597415,43.33766233766234,3.727891156462585,0.0006578947368421052,0.019736842105263157,47.61073825503356,59443.49315068493,3.0006535947712414,137.90849673202615,15098.25
20220823,17,0.26,24.762987012987015,45.883116883116884,3.292517006802721,0.0,0.013157894736842105,47.57046979865772,58496.09589041096,2.879084967320262,126.66666666666667,7487.5
20220823,18,0.0,23.199999999999985,51.88961038961039,2.857142857142857,0.002631578947368421,0.006578947368421052,43.30201342281879,58008.28767123288,2.60326797385621,126.20915032679738,1919.5
20220823,19,-0.26,20.96298701298701,59.65584415584416,2.741496598639456,0.0,0.013157894736842105,3.335570469798658,55103.537414965984,2.286928104575165,124.77124183006536,67.0
20220823,20,-0.5,19.705844155844154,64.43506493506493,3.129251700680272,0.03881578947368421,0.006578947368421052,0.0,54333.401360544216,2.187581699346407,132.7450980392157,0.0
20220823,21,-0.71,18.837662337662344,68.01948051948052,3.3877551020408165,0.001973684210526316,0.013157894736842105,0,53290.204081632655,2.196078431372549,128.1045751633987,0.0
20220823,22,-0.87,18.04129032258066,71.19354838709677,3.2653061224489797,0.009868421052631578,0.013157894736842105,0,51245.06756756757,2.1843137254901963,140.12987012987014,0.0
20220823,23,-0.97,17.428387096774184,73.73548387096774,3.2162162162162162,0.004605263157894736,0.013157894736842105,0,50419.93243243243,2.1149350649350636,146.2987012987013,0.0
20220824,00,-1.0,16.788387096774194,76.52258064516128,3.189189189189189,0.0,0.013157894736842105,0,47269.72972972973,2.094805194805195,145.45454545454547,0.0
20220824,01,-0.97,16.259999999999987,78.26451612903226,2.7567567567567566,0.0,0.013157894736842105,0,44941.35135135135,1.9675324675324675,150.5194805194805,0.0
20220824,02,-0.87,15.666451612903227,80.67096774193548,2.9121621621621623,0.0,0.006578947368421052,0,42881.01351351351,1.9220779220779225,150.84415584415584,0.0
20220824,03,-0.71,15.22064516129032,82.58064516129032,2.7162162162162162,0.0,0.0,0.0,40805.2027027027,1.8740259740259735,150.58441558441558,0.0
20220824,04,-0.5,14.827741935483871,84.2258064516129,2.5945945945945947,0.0,0.0,0.0,37550.60810810811,1.7577922077922072,146.94805194805195,1.0
20220824,05,-0.26,14.827741935483875,85.12903225806451,3.081081081081081,0.0,0.006578947368421052,3.493333333333333,36495.87837837838,1.7441558441558431,147.16129032258064,288.5
20220824,06,-0.0,16.827741935483875,79.13548387096775,3.6283783783783785,0.0,0.0,39.82666666666667,39947.56756756757,1.781290322580645,134.70967741935485,3480.5
20220824,07,0.26,19.001935483870973,71.99354838709678,3.6554054054054053,0.0,0.006578947368421052,46.28666666666667,43390.680272108846,1.9367741935483862,141.03225806451613,10395.75
20220824,08,0.5,21.132903225806455,64.7483870967742,3.581081081081081,0.0,0.006578947368421052,48.3,48714.82993197279,2.2296774193548377,130.38709677419354,18603.75
20220824,09,0.71,22.841935483870962,58.52903225806452,3.6283783783783785,0.0,0.006578947368421052,49.733333333333334,50986.054421768706,2.4935483870967747,116.3225806451613,25356.75
20220824,10,0.87,24.1607843137255,53.627450980392155,3.452054794520548,0.0,0.006622516556291391,50.630872483221474,54009.862068965514,2.757516339869281,109.02597402597402,29724.5
20220824,11,0.97,25.167320261437908,49.57516339869281,3.6232876712328768,0.0,0.019867549668874173,50.23489932885906,53945.379310344826,2.905882352941177,105.7516339869281,31905.5
20220824,12,1.0,25.988888888888894,46.66013071895425,3.691780821917808,0.0,0.019867549668874173,50.147651006711406,55120.55172413793,3.1333333333333315,97.51633986928104,31900.5
20220824,13,0.97,26.54025974025975,45.16233766233766,3.780821917808219,0.0,0.013157894736842105,48.86577181208054,54560.816326530614,3.2766233766233777,86.19354838709677,29893.25
20220824,14,0.87,26.8727272727273,44.188311688311686,3.870748299319728,0.0,0.006578947368421052,48.557046979865774,56220.680272108846,3.3359477124183012,80.0,26307.75
20220824,15,0.71,26.905844155844157,44.324675324675326,3.63265306122449,0.0,0.013157894736842105,48.40939597315436,57018.356164383564,3.3772727272727243,82.83870967741936,21461.25
20220824,16,0.5,26.655194805194803,45.16883116883117,3.292517006802721,0.0,0.013157894736842105,51.328859060402685,57217.94520547945,3.453246753246753,77.46753246753246,14809.75
20220824,17,0.26,25.866883116883102,47.98051948051948,2.8979591836734695,0.0,0.02631578947368421,52.95302013422819,56594.58904109589,3.380519480519482,78.37662337662337,7333.5
20220824,18,0.0,24.298051948051945,53.83116883116883,2.741496598639456,0.0,0.0,45.013422818791945,55229.109589041094,3.0922077922077906,76.55844155844156,1827.25
20220824,19,-0.26,22.252258064516138,61.541935483870965,2.7027027027027026,0.0,0.0,3.9731543624161074,51815.40540540541,2.64025974025974,76.64516129032258,67.0
20220824,20,-0.5,20.925161290322567,66.80645161290323,2.885135135135135,0.0,0.0,0.0,49203.17567567567,2.534838709677419,80.58064516129032,0.0
20220824,21,-0.71,19.987741935483868,70.9483870967742,2.804054054054054,0.0,0.0,0,46760.67567567567,2.5645161290322576,85.87096774193549,0.0
20220824,22,-0.87,19.25935483870967,74.15483870967742,2.6283783783783785,0.0,0.0,0,45400.54054054054,2.4980645161290314,90.38709677419355,0.0
20220824,23,-0.97,18.605161290322588,76.92903225806451,2.074324324324324,0.0,0.0,0,42729.86486486487,2.368387096774193,108.58064516129032,0.0
20220825,00,-1.0,18.042580645161287,79.73548387096774,1.8783783783783783,0.0,0.0,0,39835.2027027027,2.3399999999999994,111.16129032258064,0.0
20220825,01,-0.97,17.46258064516128,82.26451612903226,1.7635135135135136,0.0,0.0,0,36246.95945945946,2.209677419354838,110.0,0.0
20220825,02,-0.87,16.972258064516126,84.30967741935484,1.7364864864864864,0.0,0.0,0,33338.10810810811,2.1374193548387095,108.0,0.0
20220825,03,-0.71,16.538709677419348,86.33548387096774,1.8783783783783783,0.0,0.0,0.0,30292.297297297297,2.1064516129032267,122.12903225806451,0.0
20220825,04,-0.5,16.176774193548386,88.05806451612904,1.7837837837837838,0.0,0.0,0.0,26706.283783783783,2.0548387096774197,135.03225806451613,0.75
20220825,05,-0.26,16.15584415584416,88.94155844155844,2.1156462585034013,0.0,0.0,1.1610738255033557,24847.755102040817,2.0681818181818166,120.25806451612904,240.75
20220825,06,-0.0,17.763636363636362,84.22077922077922,2.6666666666666665,0.0006622516556291391,0.019867549668874173,37.966442953020135,27524.285714285714,2.109740259740259,114.67532467532467,3246.5
20220825,07,0.26,19.656493506493504,78.24675324675324,2.9591836734693877,0.0,0.006622516556291391,45.12751677852349,30949.455782312925,2.448051948051947,104.22077922077922,9899.25
20220825,08,0.5,21.52857142857142,72.03896103896103,2.808219178082192,0.0,0.006622516556291391,45.317567567567565,36302.31292517007,2.9097402597402593,95.3896103896104,18011.75
20220825,09,0.71,23.208496732026145,66.04575163398692,3.1095890410958904,0.0,0.006622516556291391,47.25,40295.27397260274,3.2895424836601306,90.12987012987013,24874.0
20220825,10,0.87,24.422875816993464,60.751633986928105,3.4827586206896552,0.0,0.006666666666666667,47.101351351351354,43341.232876712325,3.6516339869281027,92.09150326797386,28803.25
20220825,11,0.97,25.415584415584423,56.564935064935064,3.5724137931034483,0.0,0.006666666666666667,46.62837837837838,43883.87755102041,3.773202614379085,95.51948051948052,30447.5
20220825,12,1.0,26.146103896103902,53.61038961038961,3.6095890410958904,0.0,0.0,46.033557046979865,44772.448979591834,3.8792207792207805,97.59740259740259,30237.0
20220825,13,0.97,26.683116883116888,51.36363636363637,3.820689655172414,0.0,0.0,45.61073825503356,45368.163265306124,3.91038961038961,102.92207792207792,28462.75
20220825,14,0.87,27.169934640522875,49.56209150326797,3.310344827586207,0.008609271523178808,0.006622516556291391,46.442953020134226,46648.77551020408,3.8071895424836617,107.33766233766234,25770.25
20220825,15,0.71,27.31883116883118,48.92857142857143,3.184931506849315,0.0006622516556291391,0.013245033112582781,48.32214765100671,47001.70068027211,3.72077922077922,102.92207792207792,20930.75
20220825,16,0.5,26.992156862745112,49.88235294117647,3.0206896551724136,0.0,0.013333333333333334,46.777027027027025,46306.98630136986,3.6189542483660118,103.39869281045752,14226.0
20220825,17,0.26,26.388235294117642,52.4640522875817,2.8413793103448275,0.0,0.013333333333333334,47.96621621621622,46015.41095890411,3.31764705882353,103.52941176470588,6919.25
20220825,18,0.0,24.96818181818182,57.94805194805195,3.213793103448276,0.0,0.0,38.25,45115.44217687075,2.905882352941177,97.27272727272727,1768.5
20220825,19,-0.26,22.978571428571417,65.57142857142857,3.1780821917808217,0.0,0.0,2.3691275167785233,41783.537414965984,2.4772727272727275,99.87012987012987,44.5
20220825,20,-0.5,21.848701298701293,70.44805194805195,3.1575342465753424,0.0,0.0,0.0,39828.91156462585,2.3701298701298703,97.40259740259741,0.0
20220825,21,-0.71,21.025324675324683,74.04545454545455,3.541095890410959,0.04900662251655629,0.006622516556291391,0,38170.748299319726,2.3136363636363635,109.15584415584415,0.0
20220825,22,-0.87,20.37922077922078,77.13636363636364,3.7054794520547945,0.004635761589403973,0.006622516556291391,0,35844.897959183676,2.268181818181817,113.96103896103897,0.0
20220825,23,-0.97,19.785714285714285,79.67532467532467,3.7534246575342465,0.0,0.0,0,33288.36734693877,2.2032467532467535,115.97402597402598,0.0
20220826,00,-1.0,19.232467532467542,81.88311688311688,3.684931506849315,0.0,0.0,0,30845.850340136054,2.012337662337662,120.06493506493507,0.0
20220826,01,-0.97,18.825324675324683,83.82467532467533,3.8767123287671232,0.0,0.0,0,28476.598639455784,1.8798701298701301,127.72727272727273,0.0
20220826,02,-0.87,18.40584415584416,85.50649350649351,4.123287671232877,0.0,0.0,0,25977.891156462585,1.758441558441559,147.72727272727272,0.0
20220826,03,-0.71,18.016233766233768,87.13636363636364,4.26530612244898,0.0,0.0,0.0,23657.8231292517,1.644155844155844,154.6103896103896,0.0
20220826,04,-0.5,17.7577922077922,88.71428571428571,4.54421768707483,0.0,0.0,0.0,20702.244897959183,1.6155844155844157,150.19480519480518,0.5
20220826,05,-0.26,17.68896103896104,89.24675324675324,4.462585034013605,0.0006622516556291391,0.006622516556291391,0.006711409395973154,19564.557823129253,1.6525974025974026,164.54545454545453,222.25
20220826,06,-0.0,18.896103896103902,85.6103896103896,5.040816326530612,0.0,0.0,18.046979865771814,21045.238095238095,1.683766233766235,162.98701298701297,2862.5
20220826,07,0.26,20.540909090909093,79.78571428571429,5.4353741496598635,0.0,0.006622516556291391,31.973154362416107,24181.020408163266,1.7759740259740264,158.24675324675326,8138.25
20220826,08,0.5,22.18506493506494,73.6103896103896,5.561643835616438,0.018543046357615892,0.006622516556291391,34.95973154362416,26973.401360544216,1.93961038961039,163.05194805194805,14449.0
20220826,09,0.71,23.65454545454546,67.98051948051948,6.096551724137931,0.0026490066225165563,0.026490066225165563,34.86577181208054,29635.102040816328,2.042207792207792,168.83870967741936,20063.25
20220826,10,0.87,24.683870967741925,63.903225806451616,5.897260273972603,0.21973684210526315,0.03289473684210526,35.68,30532.567567567567,2.3096774193548395,165.93548387096774,23647.0
20220826,11,0.97,25.178064516129034,61.58064516129032,6.061224489795919,0.4756578947368421,0.08552631578947369,32.47019867549669,32623.37837837838,2.7432258064516133,169.8709677419355,24213.0
20220826,12,1.0,25.217948717948723,61.51923076923077,6.170068027210885,0.5721854304635762,0.16556291390728478,30.642384105960264,33314.69798657718,3.071612903225804,177.82051282051282,22248.75
20220826,13,0.97,25.06410256410256,62.467948717948715,6.5,0.7065789473684209,0.24342105263157895,27.410596026490065,34006.17449664429,3.405128205128204,190.76923076923077,19540.25
20220826,14,0.87,24.69551282051282,63.98076923076923,6.79054054054054,0.17320261437908493,0.2222222222222222,24.7682119205298,34329.328859060406,3.551923076923077,202.43589743589743,16501.0
20220826,15,0.71,23.85320512820514,67.19871794871794,6.95945945945946,0.4679738562091504,0.3006535947712418,19.986754966887418,35818.45637583893,3.9269230769230763,214.03846153846155,12105.75
20220826,16,0.5,22.821794871794868,71.28846153846153,7.141891891891892,0.9490196078431372,0.2549019607843137,16.483443708609272,35796.778523489935,3.913461538461536,210.89743589743588,7950.0
20220826,17,0.26,21.70448717948718,75.53846153846153,7.0608108108108105,0.38104575163398685,0.22875816993464052,9.814569536423841,35163.08724832215,3.6891025641025625,206.73076923076923,3591.25
20220826,18,0.0,20.604487179487172,80.66666666666667,7.217687074829932,0.3156862745098039,0.3137254901960784,3.7066666666666666,31443.28859060403,3.39551282051282,226.92307692307693,782.0
20220826,19,-0.26,19.813461538461542,84.1474358974359,7.425675675675675,0.40065789473684216,0.32894736842105265,0.0,28383.489932885906,3.0564102564102567,240.25641025641025,22.75
20220826,20,-0.5,19.264743589743592,86.5,7.550335570469799,0.5098684210526315,0.3618421052631579,0.0,26760.0,2.9032051282051268,236.02564102564102,0.0
20220826,21,-0.71,18.939102564102576,87.87179487179488,7.496644295302014,0.4071895424836602,0.37254901960784315,0,25997.85234899329,2.9153846153846157,243.5897435897436,0.0
20220826,22,-0.87,18.551282051282048,89.50641025641026,7.469798657718121,0.6271523178807946,0.40397350993377484,0,22806.644295302012,2.8461538461538467,252.1153846153846,0.0
20220826,23,-0.97,18.316666666666674,90.36538461538461,7.550335570469799,0.5289473684210527,0.3223684210526316,0,22050.40268456376,2.75,258.0769230769231,0.0
20220827,00,-1.0,18.050641025641028,91.49358974358974,7.570469798657718,0.5333333333333333,0.28104575163398693,0,20007.38255033557,2.7685897435897435,266.4102564102564,0.0
20220827,01,-0.97,17.844871794871793,91.96794871794872,7.590604026845638,0.26666666666666666,0.2679738562091503,0,19246.77852348993,2.8000000000000003,259.35897435897436,0.0
20220827,02,-0.87,17.75769230769231,91.8525641025641,7.597315436241611,0.06339869281045753,0.24183006535947713,0,18456.040268456374,2.7455128205128196,250.64102564102564,0.0
20220827,03,-0.71,17.61666666666667,92.11538461538461,7.577181208053691,0.018954248366013077,0.26143790849673204,0.0,17181.006711409394,2.7141025641025642,265.38461538461536,0.0
20220827,04,-0.5,17.43397435897436,92.64102564102564,7.530201342281879,0.046405228758169915,0.3137254901960784,0.0,15620.671140939598,2.6198717948717962,282.6923076923077,0.25
20220827,05,-0.26,17.38461538461539,92.75641025641026,7.577181208053691,0.22287581699346412,0.33986928104575165,0.0,14976.845637583892,2.6237179487179483,273.65384615384613,91.0
20220827,06,-0.0,17.53397435897436,92.12820512820512,7.496644295302014,0.16339869281045757,0.35947712418300654,1.8066666666666666,15582.28187919463,2.6371794871794854,273.65384615384613,1081.5
20220827,07,0.26,17.8647435897436,90.40384615384616,7.684563758389261,0.1328947368421053,0.34210526315789475,3.1466666666666665,17979.86577181208,2.748076923076924,288.9102564102564,3200.0
20220827,08,0.5,18.294871794871796,88.14102564102564,7.496644295302014,0.1480263157894737,0.3618421052631579,4.133333333333334,21157.78523489933,2.9083333333333323,280.8333333333333,5661.75
20220827,09,0.71,18.791025641025648,85.06410256410257,7.472972972972973,0.18092105263157895,0.3026315789473684,4.758389261744966,24586.040268456374,3.076923076923077,271.7307692307692,8236.25
20220827,10,0.87,19.291612903225793,82.26451612903226,7.4324324324324325,0.21456953642384105,0.33112582781456956,6.570469798657718,27753.445945945947,3.1825806451612895,272.9032258064516,10999.5
20220827,11,0.97,19.78193548387097,79.52258064516128,7.493243243243243,0.21973684210526315,0.35526315789473684,7.167785234899329,30590.202702702703,3.245161290322581,276.5806451612903,13663.5
20220827,12,1.0,20.109677419354842,77.49032258064516,7.418918918918919,0.27266666666666667,0.31333333333333335,9.06711409395973,32441.08108108108,3.276774193548388,273.8709677419355,14880.25
20220827,13,0.97,20.426451612903232,76.01290322580645,7.121621621621622,0.6231788079470199,0.31788079470198677,11.630872483221477,35434.05405405405,3.3496774193548373,276.38709677419354,14751.5
20220827,14,0.87,20.520645161290314,75.18709677419355,7.033783783783784,0.22302631578947368,0.3092105263157895,12.993288590604028,36995.87837837838,3.4529032258064505,277.48387096774195,13598.25
20220827,15,0.71,20.40129032258065,75.4,6.993243243243243,0.2728476821192053,0.2980132450331126,12.758389261744966,36141.01351351351,3.563225806451614,277.2258064516129,11508.75
20220827,16,0.5,20.23225806451614,75.95483870967742,6.831081081081081,0.9112582781456957,0.2913907284768212,13.724832214765101,34852.56756756757,3.544516129032257,283.5483870967742,8230.5
20220827,17,0.26,19.70516129032258,77.51612903225806,6.641891891891892,0.325,0.23684210526315788,13.731543624161073,34893.58108108108,3.458064516129032,283.03225806451616,4158.0
20220827,18,0.0,18.990967741935485,80.28387096774193,6.837837837837838,0.21644736842105267,0.2631578947368421,9.355704697986576,34039.7972972973,3.305806451612904,272.9032258064516,1047.25
20220827,19,-0.26,18.26282051282051,82.98717948717949,6.722972972972973,0.1355263157894737,0.2236842105263158,0.3691275167785235,31203.154362416106,3.0641025641025643,257.94871794871796,24.25
20220827,20,-0.5,17.76666666666667,84.41025641025641,6.422818791946309,0.08627450980392158,0.22875816993464052,0.0,30405.637583892618,2.98974358974359,253.2051282051282,0.0
20220827,21,-0.71,17.3352564102564,85.75,6.3355704697986575,0.13137254901960788,0.20261437908496732,0,29125.838926174496,2.8647435897435893,249.48717948717947,0.0
20220827,22,-0.87,16.978846153846156,86.22435897435898,6.308724832214765,0.3529411764705883,0.1830065359477124,0,28889.798657718122,2.9057692307692315,244.35897435897436,0.0
20220827,23,-0.97,16.604487179487176,87.10897435897436,5.9865771812080535,0.1947712418300654,0.2222222222222222,0,26481.946308724833,2.9923076923076906,241.7948717948718,0.0
20220828,00,-1.0,16.270512820512824,87.71153846153847,5.973154362416107,0.2071895424836602,0.19607843137254902,0,25971.74496644295,2.965384615384616,238.97435897435898,0.0
20220828,01,-0.97,15.989102564102556,88.26282051282051,6.087248322147651,0.10261437908496733,0.1895424836601307,0,25118.724832214764,2.886538461538461,242.56410256410257,0.0
20220828,02,-0.87,15.641025641025635,88.76282051282051,6.208053691275167,0.16209150326797386,0.19607843137254902,0,24266.979865771813,2.846153846153846,236.7948717948718,0.0
20220828,03,-0.71,15.43076923076923,89.11538461538461,6.25503355704698,0.11578947368421055,0.17763157894736842,0.0,23333.020134228187,2.8980769230769234,249.80769230769232,0.0
20220828,04,-0.5,15.184615384615391,89.40384615384616,6.342281879194631,0.05816993464052286,0.16339869281045752,0.0,23802.75167785235,2.903205128205128,250.51282051282053,0.0
20220828,05,-0.26,15.014743589743588,89.4551282051282,6.550335570469799,0.02236842105263158,0.13815789473684212,0.06,22832.48322147651,2.88525641025641,238.52564102564102,102.25
20220828,06,-0.0,15.391666666666664,87.53205128205128,6.691275167785235,0.04379084967320262,0.1503267973856209,7.34,24416.77852348993,2.942948717948718,234.2948717948718,1590.25
20220828,07,0.26,16.126923076923084,83.76282051282051,6.590604026845638,0.05526315789473685,0.15789473684210525,11.833333333333334,27011.946308724833,3.2397435897435884,236.0897435897436,5302.5
20220828,08,0.5,16.999358974358977,78.77564102564102,6.10738255033557,0.07763157894736841,0.13157894736842105,19.106666666666666,30567.986577181207,3.6243589743589744,230.12820512820514,10553.0
20220828,09,0.71,17.866025641025633,74.16666666666667,6.093959731543624,0.09407894736842105,0.10526315789473684,23.18,34867.38255033557,3.941025641025642,232.94871794871796,16038.0
20220828,10,0.87,18.769871794871793,69.41025641025641,5.610738255033557,0.034640522875816995,0.09803921568627451,26.346666666666668,39682.281879194634,3.9730769230769227,236.53846153846155,20809.0
20220828,11,0.97,19.619999999999997,65.48387096774194,5.3175675675675675,0.12549019607843137,0.09803921568627451,29.20805369127517,41174.32432432433,3.9660256410256407,234.74358974358975,24719.75
20220828,12,1.0,20.350967741935488,61.52903225806452,4.722972972972973,0.061184210526315785,0.06578947368421052,33.442953020134226,45042.22972972973,4.009032258064518,254.51612903225808,26554.25
20220828,13,0.97,20.950322580645167,58.851612903225806,4.493243243243243,0.08947368421052633,0.06578947368421052,35.671140939597315,46615.81081081081,4.050322580645161,235.93548387096774,25918.25
20220828,14,0.87,21.240000000000002,57.174193548387095,4.033783783783784,0.08092105263157894,0.05921052631578947,36.92617449664429,48229.72972972973,4.081290322580645,250.32258064516128,23586.5
20220828,15,0.71,21.294193548387096,56.07096774193548,3.668918918918919,0.027631578947368424,0.06578947368421052,38.48322147651007,50010.13513513513,4.08258064516129,262.51612903225805,19454.25
20220828,16,0.5,21.167096774193546,56.26451612903226,3.4527027027027026,0.03092105263157895,0.07236842105263158,40.12080536912752,49632.09459459459,3.998709677419355,251.3548387096774,13520.0
20220828,17,0.26,20.519871794871808,58.51282051282051,3.0405405405405403,0.0006535947712418301,0.05228758169934641,42.07382550335571,50889.26174496644,3.898076923076921,244.03846153846155,6544.25
20220828,18,0.0,19.14935897435897,63.90384615384615,2.7986577181208054,0.0026143790849673205,0.05228758169934641,33.45637583892618,48157.58389261745,3.5403846153846152,238.2051282051282,1493.25
20220828,19,-0.26,17.707692307692316,69.51282051282051,2.2416107382550337,0.0032679738562091504,0.026143790849673203,1.12,45883.69127516779,3.0410256410256413,222.62820512820514,20.5
20220828,20,-0.5,16.680128205128213,73.3974358974359,2.140939597315436,0.0,0.0457516339869281,0.0,43878.18791946309,2.7884615384615397,219.10256410256412,0.0
20220828,21,-0.71,15.848717948717946,76.67948717948718,1.912751677852349,0.0026143790849673205,0.0392156862745098,0,41309.597315436244,2.7493589743589757,205.57692307692307,0.0
20220828,22,-0.87,15.23397435897436,79.08333333333333,2.053691275167785,0.0026143790849673205,0.0196078431372549,0,39744.4966442953,2.712820512820513,206.15384615384616,0.0
20220828,23,-0.97,14.619871794871793,81.21153846153847,1.825503355704698,0.0006535947712418301,0.032679738562091505,0,38508.657718120805,2.7256410256410266,212.75641025641025,0.0
20220829,00,-1.0,14.120645161290316,83.01290322580645,2.0472972972972974,0.007189542483660131,0.0196078431372549,0,36267.98657718121,2.6109677419354846,204.87179487179486,0.0
20220829,01,-0.97,13.61677419354838,84.85161290322581,2.2027027027027026,0.007843137254901962,0.032679738562091505,0,35791.54362416107,2.5193548387096767,211.5483870967742,0.0
20220829,02,-0.87,13.23548387096774,86.23225806451613,2.4662162162162162,0.0013071895424836603,0.058823529411764705,0,34836.24161073825,2.4374193548387106,204.7741935483871,0.0
20220829,03,-0.71,12.831612903225803,87.45806451612903,3.0405405405405403,0.0013071895424836603,0.026143790849673203,0.0,33549.79865771812,2.4058064516129023,211.93548387096774,0.0
20220829,04,-0.5,12.616129032258064,88.0516129032258,3.75,0.005228758169934641,0.06535947712418301,0.0,33023.02013422819,2.4322580645161285,208.51612903225808,0.0
20220829,05,-0.26,12.566025641025641,88.66025641025641,4.194630872483222,0.0065359477124183,0.08496732026143791,1.5496688741721854,32776.37583892617,2.456410256410257,199.80769230769232,169.25
20220829,06,-0.0,13.81602564102565,84.55128205128206,4.489932885906041,0.0013071895424836603,0.10457516339869281,25.75496688741722,35971.81208053691,2.4403846153846147,193.14102564102564,2841.75
20220829,07,0.26,15.458333333333336,78.82051282051282,4.966216216216216,0.0,0.08496732026143791,34.026490066225165,41963.02013422819,2.6198717948717936,201.7948717948718,8661.5
20220829,08,0.5,17.083870967741934,72.79354838709678,5.5369127516778525,0.003947368421052632,0.09210526315789473,37.32214765100671,45373.42281879194,2.7748387096774207,194.10256410256412,15594.25
20220829,09,0.71,18.443506493506494,67.98051948051948,5.95945945945946,0.003947368421052633,0.08552631578947369,38.391891891891895,46321.08108108108,2.8483870967741947,192.0,21486.5
20220829,10,0.87,19.56168831168831,63.324675324675326,6.0608108108108105,0.0072847682119205285,0.08609271523178808,38.601351351351354,51078.10810810811,2.9577922077922065,195.71428571428572,25846.5
20220829,11,0.97,20.47922077922078,59.753246753246756,5.871621621621622,0.0033112582781456954,0.09271523178807947,38.919463087248324,52624.25675675676,2.978571428571428,200.3896103896104,28210.25
20220829,12,1.0,21.239610389610387,56.84415584415584,5.91156462585034,0.009271523178807948,0.07947019867549669,37.97986577181208,54537.22972972973,3.0779220779220777,202.33766233766235,28946.5
20220829,13,0.97,21.819480519480518,54.45454545454545,6.27891156462585,0.009933774834437087,0.059602649006622516,39.993288590604024,55371.95945945946,3.07012987012987,181.55844155844156,27920.5
20220829,14,0.87,22.16558441558441,52.92857142857143,5.843537414965986,0.019867549668874173,0.06622516556291391,40.1744966442953,56742.43243243243,3.004545454545455,183.05194805194805,24766.5
20220829,15,0.71,22.33116883116882,51.90909090909091,5.73469387755102,0.006622516556291391,0.059602649006622516,42.288590604026844,58196.41891891892,2.9740259740259756,185.5194805194805,20267.75
20220829,16,0.5,22.146103896103885,52.253246753246756,5.4353741496598635,0.0019867549668874177,0.052980132450331126,44.77852348993289,59138.44594594595,2.9194805194805196,173.63636363636363,13772.0
20220829,17,0.26,21.434415584415586,54.6948051948052,5.074829931972789,0.0006622516556291391,0.06622516556291391,43.86577181208054,58253.31081081081,2.813636363636364,176.42857142857142,6438.5
20220829,18,0.0,19.80194805194805,61.47402597402598,5.020408163265306,0.011920529801324504,0.052980132450331126,33.08724832214765,57432.7027027027,2.561688311688312,154.67532467532467,1369.75
20220829,19,-0.26,18.01612903225805,68.70322580645161,5.181208053691275,0.004605263157894736,0.05921052631578947,0.6711409395973155,54277.852348993285,2.3258064516129027,138.7741935483871,20.5
20220829,20,-0.5,16.990322580645156,72.63225806451612,4.657718120805369,0.011184210526315791,0.039473684210526314,0.0,52445.57046979866,2.2929032258064517,141.41935483870967,0.0
20220829,21,-0.71,16.259354838709683,75.43225806451613,4.885906040268456,0.006578947368421052,0.03289473684210526,0,51028.05369127517,2.1941935483870965,142.70967741935485,0.0
20220829,22,-0.87,15.607741935483864,78.15483870967742,4.87248322147651,0.0006578947368421052,0.03289473684210526,0,49691.87919463087,2.0380645161290327,141.5483870967742,0.0
20220829,23,-0.97,15.029032258064507,79.8258064516129,4.228187919463087,0.0,0.019736842105263157,0,48027.04697986577,1.9877419354838721,145.48387096774192,0.0
20220830,00,-1.0,14.54516129032258,81.61935483870968,4.201342281879195,0.0006578947368421052,0.013157894736842105,0,44952.34899328859,1.9787096774193547,149.03225806451613,0.0
20220830,01,-0.97,14.057419354838713,83.32903225806452,4.080536912751678,0.0013157894736842105,0.02631578947368421,0,42998.85906040268,1.8916129032258067,152.06451612903226,0.0
20220830,02,-0.87,13.718064516129033,84.56129032258065,4.275167785234899,0.01644736842105263,0.039473684210526314,0,40348.590604026846,1.8193548387096767,151.3548387096774,0.0
20220830,03,-0.71,13.46645161290322,85.49032258064516,4.23489932885906,0.019736842105263157,0.05921052631578947,0.0,38628.85906040268,1.7961290322580654,147.8709677419355,0.0
20220830,04,-0.5,13.194193548387094,86.49032258064516,4.510067114093959,0.031578947368421054,0.05921052631578947,0.0,37730.20134228188,1.750322580645161,157.29032258064515,0.0
20220830,05,-0.26,13.13806451612903,87.07741935483871,4.751677852348993,0.001973684210526316,0.046052631578947366,0.4866666666666667,35543.08724832215,1.8077419354838709,156.4516129032258,140.5
20220830,06,-0.0,14.519354838709674,83.21290322580646,4.624161073825503,0.006578947368421052,0.013157894736842105,24.846666666666668,38693.42281879194,1.8,140.90322580645162,2807.25
20220830,07,0.26,16.32580645161291,76.78709677419354,4.831081081081081,0.0013157894736842105,0.02631578947368421,35.63333333333333,43420.26845637584,1.989677419354839,126.25806451612904,9054.5
20220830,08,0.5,18.04415584415585,70.14285714285714,5.1891891891891895,0.0013245033112582781,0.033112582781456956,39.241610738255034,47858.84353741496,2.340645161290323,107.29032258064517,16632.75
20220830,09,0.71,19.667320261437908,63.60130718954248,5.4353741496598635,0.005960264900662252,0.033112582781456956,42.608108108108105,51302.739726027394,2.6837662337662347,103.18181818181819,23164.5
20220830,10,0.87,20.810457516339874,58.73202614379085,5.486301369863014,0.0,0.039735099337748346,42.57432432432432,54169.520547945205,3.0422077922077935,90.77922077922078,27809.25
20220830,11,0.97,21.775816993464044,54.209150326797385,5.219178082191781,0.0013245033112582781,0.013245033112582781,42.891891891891895,56229.251700680274,3.212418300653597,97.51633986928104,29996.25
20220830,12,1.0,22.343506493506474,51.298701298701296,5.35374149659864,0.0,0.026490066225165563,42.281879194630875,56646.55405405405,3.275974025974025,91.1038961038961,30114.5
20220830,13,0.97,22.889610389610386,48.68181818181818,5.448979591836735,0.0,0.033112582781456956,42.87919463087248,58497.36486486487,3.2694805194805197,84.6103896103896,27970.75
20220830,14,0.87,23.040909090909082,47.675324675324674,5.292517006802721,0.0,0.013245033112582781,39.95302013422819,59987.09459459459,3.269480519480521,96.2987012987013,24383.75
20220830,15,0.71,22.996753246753237,47.311688311688314,5.374149659863946,0.0,0.013245033112582781,41.38666666666666,60714.7972972973,3.3623376623376635,76.2987012987013,19114.75
20220830,16,0.5,22.548701298701307,48.4025974025974,5.340136054421769,0.0,0.006622516556291391,40.013333333333335,61017.02702702703,3.561688311688314,71.42857142857143,12593.25
20220830,17,0.26,21.674838709677434,51.13548387096774,5.108108108108108,0.003289473684210526,0.006578947368421052,42.306666666666665,62386.845637583894,3.5993548387096794,60.83870967741935,5839.0
20220830,18,0.0,20.1425806451613,56.438709677419354,4.697986577181208,0.0,0.019736842105263157,25.666666666666668,62017.18120805369,3.30258064516129,57.03225806451613,1180.75
20220830,19,-0.26,18.580000000000002,62.58709677419355,4.939597315436242,0.0,0.0,0.8866666666666667,60310.93959731544,2.947402597402597,62.01298701298701,11.0
20220830,20,-0.5,17.493548387096773,66.7741935483871,4.9865771812080535,0.0,0.019736842105263157,0.0,58745.838926174496,2.867532467532468,65.12987012987013,0.0
20220830,21,-0.71,16.741290322580653,69.96129032258065,5.597315436241611,0.04868421052631579,0.03289473684210526,0,57226.57718120806,2.8532467532467543,73.37662337662337,0.0
20220830,22,-0.87,16.23032258064516,72.39354838709677,5.704697986577181,0.03881578947368421,0.039473684210526314,0,57572.34899328859,2.8363636363636373,77.72727272727273,0.0
20220830,23,-0.97,15.683225806451599,74.95483870967742,5.959731543624161,0.12105263157894736,0.05921052631578947,0,55335.63758389262,2.7116883116883113,90.1948051948052,0.0
20220831,00,-1.0,15.17548387096775,77.72903225806452,6.053691275167785,0.1980263157894737,0.08552631578947369,0,54012.41610738255,2.5974025974025983,111.81818181818181,0.0
20220831,01,-0.97,14.660645161290326,80.30967741935484,6.208053691275167,0.09210526315789473,0.10526315789473684,0,51385.70469798658,2.562987012987014,115.84415584415585,0.0
20220831,02,-0.87,14.241290322580642,82.52258064516128,6.194630872483222,0.18289473684210528,0.11842105263157894,0,49567.38255033557,2.5233766233766226,125.12987012987013,0.0
20220831,03,-0.71,13.838064516129032,84.54838709677419,6.194630872483222,0.09276315789473683,0.1118421052631579,0.0,47378.657718120805,2.4240259740259753,136.88311688311688,0.0
20220831,04,-0.5,13.569677419354838,86.0516129032258,6.221476510067114,0.12434210526315788,0.15789473684210525,0.0,44790.604026845635,2.303246753246753,126.2987012987013,0.0
20220831,05,-0.26,13.465806451612902,86.74193548387096,6.02013422818792,0.14144736842105265,0.1513157894736842,1.3066666666666666,42988.523489932886,2.348051948051947,133.96103896103895,109.5
20220831,06,-0.0,14.207096774193545,84.71612903225807,5.9865771812080535,0.09144736842105264,0.15789473684210525,15.04635761589404,44480.20134228188,2.3490322580645153,132.19354838709677,1824.5
20220831,07,0.26,15.445806451612908,80.25974025974025,5.98639455782313,0.10397350993377483,0.1986754966887417,20.393333333333334,47575.986394557825,2.5658064516129024,114.0,5487.5
20220831,08,0.5,16.580000000000002,75.31168831168831,5.945578231292517,0.14966887417218544,0.17218543046357615,22.733333333333334,49019.93197278911,2.948366013071896,97.51633986928104,10055.0
20220831,09,0.71,17.586451612903225,70.23376623376623,6.22972972972973,0.13841059602649006,0.17218543046357615,24.8,50465.54054054054,3.3828947368421054,99.93506493506493,14894.75
20220831,10,0.87,18.39161290322581,65.78571428571429,6.3175675675675675,0.09403973509933775,0.17218543046357615,25.662251655629138,51184.72972972973,3.571612903225808,83.80645161290323,18304.0
20220831,11,0.97,19.005161290322583,62.55844155844156,6.418918918918919,0.16158940397350996,0.19205298013245034,25.980132450331126,52422.333333333336,3.5851612903225787,86.83870967741936,19994.75
20220831,12,1.0,19.499354838709685,59.77272727272727,6.373333333333333,0.10915032679738562,0.1895424836601307,25.13907284768212,54301.4,3.6270967741935496,91.48387096774194,19974.0
20220831,13,0.97,19.867096774193556,57.94805194805195,6.16,0.10588235294117648,0.16993464052287582,25.980132450331126,54349.2,3.5806451612903225,81.16129032258064,19542.5
20220831,14,0.87,20.045806451612897,56.51948051948052,5.82,0.1568627450980392,0.1503267973856209,27.516556291390728,55165.26666666667,3.544516129032257,81.03225806451613,17817.0
20220831,15,0.71,19.99032258064516,56.55194805194805,5.64,0.26209150326797387,0.1437908496732026,29.05960264900662,57255.26666666667,3.5516129032258066,72.3225806451613,14533.75
20220831,16,0.5,19.712258064516128,57.03896103896104,5.666666666666667,0.07647058823529411,0.12418300653594772,27.794701986754966,57749.86666666667,3.530967741935485,70.19354838709677,9935.25
20220831,17,0.26,19.097419354838696,59.08441558441559,4.72,0.07450980392156864,0.13071895424836602,31.192052980132452,58308.0,3.4387096774193555,77.54838709677419,4847.5
20220831,18,0.0,17.91161290322581,63.753246753246756,4.493333333333333,0.02631578947368421,0.1118421052631579,27.04635761589404,57283.53333333333,3.0393548387096785,72.19354838709677,1047.0
20220831,19,-0.26,16.52709677419355,69.46103896103897,4.08,0.04276315789473684,0.10526315789473684,0.8940397350993378,55847.333333333336,2.5445161290322584,77.6774193548387,9.5
20220831,20,-0.5,15.652903225806448,73.0,3.986666666666667,0.04117647058823529,0.09803921568627451,0.0,55011.066666666666,2.4535483870967725,86.58064516129032,0.0
20220831,21,-0.71,14.935483870967746,75.65584415584415,3.6733333333333333,0.02091503267973856,0.0718954248366013,0,53203.73333333333,2.4161290322580653,92.45161290322581,0.0
20220831,22,-0.87,14.343225806451615,77.82467532467533,3.6533333333333333,0.01764705882352941,0.058823529411764705,0,51542.8,2.378709677419355,86.19354838709677,0.0
20220831,23,-0.97,13.85096774193548,79.74025974025975,3.5866666666666664,0.00522875816993464,0.058823529411764705,0,52484.0,2.3174193548387105,85.48387096774194,0.0
20220901,00,-1.0,13.366451612903225,81.53246753246754,3.72,0.0058823529411764705,0.06535947712418301,0,50654.73333333333,2.266451612903226,101.2258064516129,0.0
20220901,01,-0.97,12.951612903225806,83.1948051948052,4.093333333333334,0.0006535947712418301,0.0457516339869281,0,49107.6,2.1825806451612895,107.87096774193549,0.0
20220901,02,-0.87,12.594838709677417,84.53896103896103,4.046666666666667,0.0006535947712418301,0.0196078431372549,0,46978.86666666667,2.1864516129032245,96.38709677419355,0.0
20220901,03,-0.71,12.270322580645157,85.63636363636364,3.8866666666666667,0.0,0.006535947712418301,0.0,46354.73333333333,2.187741935483871,104.64516129032258,0.0
20220901,04,-0.5,11.920000000000003,86.85064935064935,3.52,0.0,0.006535947712418301,0.0,44899.0,2.176774193548387,111.16129032258064,0.0
20220901,05,-0.26,11.723225806451607,87.81168831168831,3.2266666666666666,0.0,0.013071895424836602,1.2582781456953642,42248.8,2.145161290322581,113.80645161290323,120.0
20220901,06,-0.0,12.949032258064516,83.49350649350649,3.1,0.0,0.013071895424836602,26.556291390728475,46299.53333333333,2.1658064516129034,110.7741935483871,2591.0
20220901,07,0.26,14.849677419354844,76.50649350649351,3.2533333333333334,0.0,0.006535947712418301,38.18543046357616,50823.26666666667,2.4148387096774195,106.70967741935483,8710.25
20220901,08,0.5,16.503225806451614,68.71428571428571,3.026666666666667,0.0,0.006535947712418301,41.56953642384106,54277.666666666664,3.0290322580645164,79.48387096774194,16589.25
20220901,09,0.71,17.88064516129032,61.81818181818182,3.1066666666666665,0.0,0.006535947712418301,43.973509933774835,58659.73333333333,3.486451612903225,82.70967741935483,22916.75
20220901,10,0.87,18.850967741935477,56.532467532467535,3.5866666666666664,0.0,0.0196078431372549,43.22516556291391,60475.0,3.741290322580645,78.0,26254.75
20220901,11,0.97,19.50645161290322,52.61038961038961,4.1866666666666665,0.0,0.006535947712418301,38.04635761589404,60725.73333333333,3.974838709677421,71.74193548387096,26573.25
20220901,12,1.0,20.09999999999999,49.642857142857146,4.613333333333333,0.0,0.013071895424836602,36.549668874172184,62832.46666666667,3.965584415584414,79.09677419354838,25824.5
20220901,13,0.97,20.32967741935483,47.967532467532465,4.8933333333333335,0.0,0.006535947712418301,33.33112582781457,63621.666666666664,3.9503225806451603,75.54838709677419,24699.5
20220901,14,0.87,20.56709677419356,46.76623376623377,4.466666666666667,0.0,0.006535947712418301,33.841059602649004,64772.066666666666,3.91548387096774,78.58064516129032,22168.0
20220901,15,0.71,20.544516129032264,45.94155844155844,4.28,0.0013071895424836603,0.006535947712418301,38.11920529801324,64688.53333333333,3.8864516129032265,73.61290322580645,18455.25
20220901,16,0.5,20.305161290322577,46.396103896103895,3.7,0.0,0.006535947712418301,39.71523178807947,66419.8,3.8225806451612887,72.51612903225806,12571.5
20220901,17,0.26,19.495483870967753,49.12337662337662,2.8733333333333335,0.0,0.0,43.22516556291391,67323.4,3.675483870967742,76.51612903225806,5849.5
20220901,18,0.0,17.89548387096774,54.98701298701299,2.3266666666666667,0.0,0.0,33.42384105960265,66899.8,3.1496774193548402,74.51612903225806,1082.5
20220901,19,-0.26,16.25741935483872,61.246753246753244,2.1266666666666665,0.0,0.0,0.6556291390728477,66129.8,2.758064516129033,75.54838709677419,6.5
20220901,20,-0.5,15.148387096774202,65.53896103896103,1.8466666666666667,0.0,0.0,0.0,66001.93333333333,2.7283870967741923,84.64516129032258,0.0
20220901,21,-0.71,14.287096774193557,68.77272727272727,1.84,0.0,0.0,0,64505.46666666667,2.6954838709677427,87.54838709677419,0.0
20220901,22,-0.87,13.479354838709678,71.81818181818181,1.8533333333333333,0.0,0.0,0,64076.86666666667,2.6619354838709683,91.6774193548387,0.0
20220901,23,-0.97,12.876774193548385,74.33766233766234,1.9933333333333334,0.0,0.0,0,62936.0,2.5774193548387094,105.03225806451613,0.0
20220902,00,-1.0,12.224516129032255,76.6103896103896,2.033333333333333,0.0,0.0,0,61332.066666666666,2.4587096774193564,106.25806451612904,0.0
20220902,01,-0.97,11.790967741935484,78.22077922077922,1.8266666666666667,0.0,0.0,0,59449.26666666667,2.4406451612903233,101.87096774193549,0.0
20220902,02,-0.87,11.338709677419354,79.49350649350649,2.033333333333333,0.0,0.0,0,57996.46666666667,2.4432258064516126,104.70967741935483,0.0
20220902,03,-0.71,10.8283870967742,81.31818181818181,2.0933333333333333,0.0,0.0,0.0,56533.86666666667,2.3548387096774195,111.41935483870968,0.0
20220902,04,-0.5,10.417419354838705,82.82467532467533,2.1266666666666665,0.0,0.0,0.0,54483.0,2.2600000000000002,116.58064516129032,0.0
20220902,05,-0.26,10.266451612903223,83.49350649350649,2.1533333333333333,0.0,0.0,2.3046357615894038,52809.73333333333,2.1877419354838716,117.74193548387096,125.25
20220902,06,-0.0,12.023870967741935,77.92207792207792,2.2866666666666666,0.0,0.006535947712418301,38.675496688741724,57065.333333333336,2.178709677419354,115.35483870967742,3050.5
20220902,07,0.26,14.355128205128212,69.14838709677419,2.1933333333333334,0.0,0.0,49.370860927152314,60005.13333333333,2.550641025641023,113.14102564102564,10601.5
20220902,08,0.5,16.38974358974359,61.348387096774196,1.9463087248322148,0.0,0.0,53.384105960264904,61526.5100671141,3.099358974358973,102.11538461538461,19710.0
20220902,09,0.71,18.2448717948718,53.9741935483871,1.7516778523489933,0.0,0.0,55.735099337748345,61948.18791946309,3.608333333333334,99.8076923076923,27649.25
20220902,10,0.87,19.542307692307695,47.81290322580645,2.2416107382550337,0.0,0.0,55.41059602649007,61778.92617449664,4.146153846153846,103.33333333333333,32813.5
20220902,11,0.97,20.247435897435892,44.21935483870968,3.0866666666666664,0.0,0.0,49.847682119205295,63194.73333333333,4.480128205128204,107.3076923076923,33898.25
20220902,12,1.0,20.758974358974367,41.89677419354839,3.9066666666666667,0.0,0.0,43.503311258278146,63688.26666666667,4.396153846153847,105.06410256410257,32658.5
20220902,13,0.97,21.15512820512821,40.89032258064516,3.8266666666666667,0.0,0.0,44.735099337748345,65153.666666666664,4.357051282051282,105.32051282051282,30556.75
20220902,14,0.87,21.323076923076925,40.10967741935484,3.7733333333333334,0.0,0.0,45.0728476821192,64136.4,4.376923076923077,101.15384615384616,26889.75
20220902,15,0.71,21.306410256410263,40.116129032258065,3.7933333333333334,0.0,0.0,45.4635761589404,65916.8,4.372435897435899,101.47435897435898,21196.0
20220902,16,0.5,20.90448717948719,41.43225806451613,3.82,0.0,0.0,46.59602649006622,65834.0,4.357692307692308,99.55128205128206,13660.5
20220902,17,0.26,19.991666666666667,44.34193548387097,3.3066666666666666,0.0,0.006493506493506494,45.76158940397351,67373.33333333333,4.249358974358971,101.28205128205128,5739.75
20220902,18,0.0,18.403846153846153,49.79354838709678,3.7466666666666666,0.03506493506493507,0.025974025974025976,27.894039735099337,67926.13333333333,3.7891025641025635,99.48717948717949,935.0
20220902,19,-0.26,16.94423076923076,54.81290322580645,4.533333333333333,0.02077922077922078,0.025974025974025976,0.12582781456953643,67087.46666666666,3.374999999999999,93.65384615384616,4.75
20220902,20,-0.5,16.099358974358967,58.08387096774194,4.626666666666667,0.003246753246753247,0.032467532467532464,0.0,66960.46666666666,3.3458064516129036,94.3225806451613,0.0
20220902,21,-0.71,15.427564102564107,60.87741935483871,4.8533333333333335,0.0,0.012987012987012988,0,65981.93333333333,3.3309677419354866,102.38709677419355,0.0
20220902,22,-0.87,14.910256410256405,63.07096774193548,5.02,0.0,0.006493506493506494,0,66409.66666666667,3.3290322580645153,99.16129032258064,0.0
20220902,23,-0.97,14.371153846153844,65.16129032258064,4.873333333333333,0.0,0.012987012987012988,0,66069.53333333334,3.2722580645161297,99.6774193548387,0.0
20220903,00,-1.0,13.836538461538462,67.11612903225806,4.613333333333333,0.0,0.012987012987012988,0,64928.73333333333,3.237419354838709,107.29032258064517,0.0
20220903,01,-0.97,13.351282051282046,69.02580645161291,4.133333333333334,0.0,0.025974025974025976,0,64279.13333333333,3.1432258064516128,110.58064516129032,0.0
20220903,02,-0.87,12.935256410256414,70.54193548387097,4.093333333333334,0.0012987012987012987,0.03896103896103896,0,64139.2,3.008387096774192,111.74193548387096,0.0
20220903,03,-0.71,12.529487179487175,72.54838709677419,4.66,0.0025974025974025974,0.045454545454545456,0.0,64066.066666666666,2.8483870967741955,109.09677419354838,0.0
20220903,04,-0.5,12.127564102564108,74.75483870967741,4.626666666666667,0.008441558441558443,0.08441558441558442,0.0,62831.333333333336,2.8296774193548373,112.90322580645162,0.0
20220903,05,-0.26,11.958974358974361,75.61290322580645,5.026666666666666,0.024025974025974027,0.09740259740259741,1.490066225165563,61211.13333333333,2.773548387096773,116.83870967741936,108.75
20220903,06,-0.0,13.070512820512816,72.7741935483871,5.033333333333333,0.029870129870129866,0.12987012987012986,25.47019867549669,60258.86666666667,2.8409090909090913,117.48387096774194,2513.0
20220903,07,0.26,14.703846153846158,67.07741935483871,5.026666666666666,0.04285714285714286,0.13636363636363635,35.390728476821195,60631.4,3.1454545454545464,119.93506493506493,8443.0
20220903,08,0.5,16.360256410256415,61.96774193548387,5.173333333333333,0.05454545454545456,0.16233766233766234,38.23841059602649,60699.0,3.4889610389610377,124.0909090909091,15631.5
20220903,09,0.71,17.985897435897428,57.464516129032255,4.706666666666667,0.04415584415584415,0.14285714285714285,42.158940397350996,59684.86666666667,3.735064935064935,121.81818181818181,22082.75
20220903,10,0.87,19.22692307692309,53.38709677419355,5.12751677852349,0.06818181818181818,0.12337662337662338,42.96,60588.58108108108,3.983870967741937,130.51612903225808,26800.25
20220903,11,0.97,20.074358974358972,50.49677419354839,5.208053691275167,0.06038961038961038,0.11688311688311688,42.193333333333335,58679.66216216216,4.31038961038961,137.2077922077922,28368.75
20220903,12,1.0,20.539102564102567,49.6258064516129,5.449664429530201,0.14025974025974028,0.13636363636363635,36.61333333333334,59462.68456375839,4.271428571428572,136.8181818181818,27265.0
20220903,13,0.97,20.69102564102563,49.87741935483871,5.54054054054054,0.08831168831168831,0.15584415584415584,33.74,60931.476510067114,4.280519480519482,134.15584415584416,23916.5
20220903,14,0.87,20.760256410256414,50.94193548387097,5.554054054054054,0.23246753246753246,0.18831168831168832,31.113333333333333,59852.6,4.174675324675326,139.93548387096774,19638.25
20220903,15,0.71,20.66602564102564,51.87741935483871,5.496644295302014,0.29545454545454547,0.2012987012987013,30.039735099337747,61302.73333333333,4.077419354838708,139.61290322580646,14699.5
20220903,16,0.5,20.253205128205124,54.24516129032258,5.25503355704698,0.1577922077922078,0.2077922077922078,29.32450331125828,62062.666666666664,3.944516129032258,141.2258064516129,9502.0
20220903,17,0.26,19.49679487179488,57.76129032258064,5.201342281879195,0.13506493506493508,0.19480519480519481,27.99337748344371,61804.933333333334,3.77548387096774,139.93548387096774,4153.0
20220903,18,0.0,18.237179487179493,63.225806451612904,5.3355704697986575,0.1409090909090909,0.16233766233766234,16.960264900662253,60886.333333333336,3.214838709677419,129.09677419354838,772.5
20220903,19,-0.26,17.059615384615384,68.53548387096774,4.9,0.04935064935064935,0.16233766233766234,0.046357615894039736,59499.666666666664,2.9270967741935485,125.03225806451613,2.25
20220903,20,-0.5,16.34102564102563,71.21290322580646,4.446666666666666,0.022077922077922082,0.1038961038961039,0.0,58641.0,2.8838709677419345,128.25806451612902,0.0
20220903,21,-0.71,15.712820512820512,73.48387096774194,3.78,0.032467532467532464,0.032467532467532464,0,56716.666666666664,2.803225806451613,125.93548387096774,0.0
20220903,22,-0.87,15.151923076923081,75.65161290322581,3.5866666666666664,0.005844155844155844,0.045454545454545456,0,53998.2,2.785806451612904,123.35483870967742,0.0
20220903,23,-0.97,14.594230769230762,77.71612903225807,3.36,0.006493506493506494,0.045454545454545456,0,51230.13333333333,2.643870967741936,135.3548387096774,0.0
20220904,00,-1.0,14.054487179487186,79.43225806451613,2.993333333333333,0.0012987012987012987,0.025974025974025976,0,50051.333333333336,2.5258064516129024,131.48387096774192,0.0
20220904,01,-0.97,13.730128205128208,80.65161290322581,2.9266666666666667,0.0,0.01948051948051948,0,47696.73333333333,2.530322580645162,134.19354838709677,0.0
20220904,02,-0.87,13.40064102564102,81.61290322580645,3.16,0.0,0.032467532467532464,0,45801.666666666664,2.445806451612903,134.1290322580645,0.0
20220904,03,-0.71,12.966666666666669,83.03225806451613,3.3133333333333335,0.0,0.01948051948051948,0.0,45079.86666666667,2.307096774193547,140.51612903225808,0.0
20220904,04,-0.5,12.676923076923082,84.30322580645161,3.973333333333333,0.0006493506493506494,0.032467532467532464,0.0,42702.86666666667,2.219354838709677,144.4516129032258,0.0
20220904,05,-0.26,12.382692307692308,85.26451612903226,3.566666666666667,0.0012987012987012987,0.045454545454545456,0.3841059602649007,41671.73333333333,2.1658064516129025,133.03225806451613,84.75
20220904,06,-0.0,13.535897435897441,81.92258064516129,3.72,0.0025974025974025974,0.05844155844155844,25.496688741721854,42622.53333333333,2.11741935483871,138.90322580645162,2381.75
20220904,07,0.26,15.428846153846157,75.83225806451613,3.82,0.0,0.05194805194805195,41.05960264900662,46919.13333333333,2.245806451612904,141.09677419354838,8335.5
20220904,08,0.5,17.25448717948718,69.96129032258065,3.966666666666667,0.0019480519480519483,0.025974025974025976,47.98675496688742,50439.933333333334,2.501290322580645,145.16129032258064,16666.25
20220904,09,0.71,19.035897435897443,64.70967741935483,4.147651006711409,0.0006493506493506494,0.012987012987012988,50.48,52807.65100671141,2.5580645161290323,150.70967741935485,24651.0
20220904,10,0.87,20.58589743589743,59.05161290322581,4.5675675675675675,0.0,0.0,51.653333333333336,56898.657718120805,2.7487012987012998,151.1038961038961,30000.25
20220904,11,0.97,21.769032258064517,54.22727272727273,4.405405405405405,0.0,0.0,50.966442953020135,58019.463087248325,2.9823529411764707,158.11688311688312,31916.75
20220904,12,1.0,22.72774193548386,50.44155844155844,5.02027027027027,0.0,0.012987012987012988,49.100671140939596,60730.87248322148,3.143137254901961,166.86274509803923,30837.25
20220904,13,0.97,23.334193548387088,47.74025974025974,5.128378378378378,0.003896103896103896,0.012987012987012988,46.946308724832214,62250.0,3.09607843137255,168.69281045751634,28634.25
20220904,14,0.87,23.459354838709682,46.75974025974026,5.543624161073826,0.0006493506493506494,0.012987012987012988,45.053691275167786,63590.333333333336,2.9928571428571416,161.36363636363637,25210.75
20220904,15,0.71,23.590322580645147,46.14935064935065,5.5369127516778525,0.003246753246753247,0.006493506493506494,43.306666666666665,64376.13333333333,2.9183006535947715,161.37254901960785,19313.0
20220904,16,0.5,23.307096774193546,47.285714285714285,5.516778523489933,0.004545454545454545,0.012987012987012988,41.74666666666667,64932.53333333333,2.8333333333333344,148.0392156862745,12262.25
20220904,17,0.26,22.570967741935497,49.883116883116884,5.577181208053691,0.0,0.012987012987012988,39.56666666666667,65787.46666666666,2.6869281045751645,133.33333333333334,5182.5
20220904,18,0.0,20.576774193548392,57.36363636363637,5.597315436241611,0.0,0.0,21.073333333333334,64814.53333333333,2.4350649350649354,112.79220779220779,820.75
20220904,19,-0.26,18.918709677419365,63.91558441558441,5.563758389261745,0.0,0.0,0.03333333333333333,63600.86666666667,2.4032467532467527,108.24675324675324,2.25
20220904,20,-0.5,17.92129032258065,67.64935064935065,5.573333333333333,0.0,0.0,0.0,61880.46666666667,2.5259740259740275,112.01298701298701,0.0
20220904,21,-0.71,17.145161290322587,70.41558441558442,5.48,0.0,0.0,0,60238.8,2.5454545454545436,115.45454545454545,0.0
20220904,22,-0.87,16.501935483870962,72.75974025974025,5.706666666666667,0.0,0.0,0,57585.63758389262,2.4837662337662327,117.07792207792208,0.0
20220904,23,-0.97,15.938709677419348,74.74675324675324,5.6466666666666665,0.0,0.0,0,55548.85906040268,2.5000000000000013,122.53246753246754,0.0
20220905,00,-1.0,15.483870967741936,76.22077922077922,5.473333333333334,0.0,0.0,0,54303.288590604025,2.4785714285714286,126.16883116883118,0.0
20220905,01,-0.97,14.995483870967742,77.76623376623377,5.506666666666667,0.0,0.0,0,52060.73825503356,2.412337662337662,129.35064935064935,0.0
20220905,02,-0.87,14.66064516129032,78.88311688311688,5.5,0.0,0.0,0,50398.18791946309,2.370779220779221,131.23376623376623,0.0
20220905,03,-0.71,14.224516129032256,79.97402597402598,5.52,0.0,0.0,0.0,48507.785234899326,2.329220779220779,133.7012987012987,0.0
20220905,04,-0.5,13.859354838709676,81.1038961038961,5.16,0.0,0.0,0.0,47881.67785234899,2.3169934640522873,131.30718954248366,0.0
20220905,05,-0.26,13.639999999999995,81.92857142857143,5.56,0.0,0.0,0.7266666666666667,46768.657718120805,2.2740259740259745,123.57142857142857,84.0
20220905,06,-0.0,14.869871794871797,77.96129032258065,5.433333333333334,0.0,0.0,26.586666666666666,48804.89932885906,2.306493506493506,127.16129032258064,2692.75
20220905,07,0.26,16.901282051282063,71.25806451612904,5.6,0.0,0.006493506493506494,43.5364238410596,52502.88590604027,2.4606451612903224,124.96774193548387,9166.75
20220905,08,0.5,19.094871794871803,64.54193548387097,5.369127516778524,0.0,0.0,49.32666666666667,53834.69798657718,2.7509677419354825,125.57692307692308,17554.25
20220905,09,0.71,21.108387096774187,58.329032258064515,5.344594594594595,0.0,0.0,52.51006711409396,56522.16216216216,2.9987096774193556,131.53846153846155,25263.0
20220905,10,0.87,22.710967741935487,52.96103896103896,5.707482993197279,0.0,0.006493506493506494,54.83892617449664,56561.75675675676,3.3529032258064513,131.09677419354838,30263.75
20220905,11,0.97,23.86322580645161,48.59090909090909,5.614864864864865,0.0,0.006493506493506494,53.32666666666667,58675.44217687075,3.609032258064516,130.32258064516128,32482.25
20220905,12,1.0,24.50322580645161,45.87662337662338,5.445945945945946,0.0,0.0,49.48,59217.63513513513,3.809677419354838,131.61290322580646,31704.25
20220905,13,0.97,24.872258064516128,44.42857142857143,4.805369127516778,0.0,0.01948051948051948,46.56,58947.58389261745,3.70576923076923,132.5,29613.5
20220905,14,0.87,25.183333333333323,43.23870967741936,5.174496644295302,0.0,0.012987012987012988,44.29801324503311,60382.61744966443,3.6044871794871813,138.52564102564102,25371.25
20220905,15,0.71,24.95225806451614,43.51948051948052,5.3175675675675675,0.00974025974025974,0.01948051948051948,42.74666666666667,60666.01351351351,3.6916129032258067,134.42307692307693,19467.75
20220905,16,0.5,24.546451612903223,44.577922077922075,5.1891891891891895,0.03831168831168831,0.025974025974025976,42.986666666666665,60258.58108108108,3.6251612903225783,123.74193548387096,11929.5
20220905,17,0.26,23.515384615384626,48.21290322580645,5.114093959731544,0.0019480519480519483,0.025974025974025976,37.64238410596027,60551.67785234899,3.5455128205128212,116.85897435897436,4775.25
20220905,18,0.0,21.51794871794871,54.92903225806452,4.563758389261745,0.0,0.0,17.43046357615894,59580.73825503356,3.303205128205128,108.07692307692308,697.5
20220905,19,-0.26,19.944871794871794,60.58064516129032,4.644295302013423,0.007792207792207792,0.006493506493506494,0.0,58042.95302013423,3.294230769230767,106.15384615384616,1.0
20220905,20,-0.5,18.987179487179482,63.81935483870968,4.852348993288591,0.0,0.006493506493506494,0.0,57735.10067114094,3.2993589743589737,105.1923076923077,0.0
20220905,21,-0.71,18.255769230769225,66.50967741935484,5.114093959731544,0.0012987012987012987,0.012987012987012988,0,57366.778523489935,3.291025641025641,110.1923076923077,0.0
20220905,22,-0.87,17.65961538461538,68.61935483870968,5.140939597315437,0.0,0.012987012987012988,0,55798.25503355705,3.206410256410257,109.23076923076923,0.0
20220905,23,-0.97,17.102564102564102,70.10967741935484,5.228187919463087,0.0,0.006493506493506494,0,55058.12080536913,3.118589743589746,113.58974358974359,0.0
20220906,00,-1.0,16.60064102564103,71.88387096774194,5.64,0.027272727272727275,0.032467532467532464,0,53193.89261744967,3.1192307692307675,119.87179487179488,0.0
20220906,01,-0.97,16.09807692307694,73.74193548387096,5.886666666666667,0.07124183006535947,0.05228758169934641,0,51426.845637583894,3.1442307692307687,125.7051282051282,0.0
20220906,02,-0.87,15.801923076923073,74.93548387096774,5.88,0.0448051948051948,0.06493506493506493,0,50425.70469798658,3.179487179487179,124.67948717948718,0.0
20220906,03,-0.71,15.47948717948719,76.3225806451613,5.92,0.029220779220779217,0.1038961038961039,0.0,49021.14093959732,3.151923076923078,135.51282051282053,0.0
20220906,04,-0.5,15.194230769230765,77.21290322580646,6.42,0.02483660130718954,0.12418300653594772,0.0,48143.959731543626,3.0025641025641012,135.0,0.0
20220906,05,-0.26,14.976923076923072,78.34193548387097,6.74,0.06993464052287582,0.0915032679738562,0.26490066225165565,46213.4899328859,3.0455128205128204,127.88461538461539,70.25
20220906,06,-0.0,15.531410256410254,76.92903225806451,6.753333333333333,0.020915032679738564,0.11764705882352941,14.086092715231787,45221.342281879195,3.1153846153846145,131.53846153846155,1902.75
20220906,07,0.26,16.742948717948714,72.75483870967741,6.833333333333333,0.09868421052631578,0.11842105263157894,24.00662251655629,47562.95302013423,3.136538461538462,132.30769230769232,6606.75
20220906,08,0.5,18.189743589743582,68.12903225806451,6.726666666666667,0.06776315789473683,0.13157894736842105,29.33112582781457,49850.26845637584,3.3371794871794873,140.64102564102564,12832.0
20220906,09,0.71,19.626282051282054,63.32258064516129,6.253333333333333,0.06315789473684211,0.13815789473684212,31.4,52097.31543624161,3.4698717948717945,143.2051282051282,19315.75
20220906,10,0.87,21.00192307692308,58.75483870967742,5.74,0.07039473684210526,0.1118421052631579,36.92,53025.973154362415,3.6380645161290337,149.5483870967742,24641.75
20220906,11,0.97,22.107096774193547,55.33116883116883,5.371621621621622,0.0638157894736842,0.1118421052631579,39.34228187919463,55594.76510067114,3.882580645161288,156.25806451612902,27527.75
20220906,12,1.0,22.99096774193547,52.84415584415584,5.081081081081081,0.04407894736842105,0.07894736842105263,37.16778523489933,55272.5,3.8597402597402595,158.44155844155844,27376.0
20220906,13,0.97,23.563225806451598,51.27272727272727,5.129251700680272,0.12894736842105262,0.10526315789473684,37.73154362416108,55641.68918918919,3.890909090909089,162.46753246753246,24826.0
20220906,14,0.87,23.680128205128206,50.65806451612903,5.277027027027027,0.034210526315789476,0.11842105263157894,33.31543624161074,55441.0067114094,3.819480519480518,165.61290322580646,20922.0
20220906,15,0.71,23.73333333333332,51.090322580645164,5.14,0.06666666666666667,0.1503267973856209,34.50666666666667,55327.31543624161,3.6554838709677444,166.83870967741936,16331.75
20220906,16,0.5,23.36838709677419,52.24025974025974,4.778523489932886,0.01118421052631579,0.13815789473684212,35.261744966442954,57821.14864864865,3.4662337662337674,165.71428571428572,10325.75
20220906,17,0.26,22.29294871794871,56.32258064516129,5.261744966442953,0.057236842105263155,0.125,33.42953020134228,56756.75675675676,3.3428571428571434,161.74193548387098,4397.25
20220906,18,0.0,20.539743589743587,62.74193548387097,5.56,0.03529411764705882,0.10457516339869281,15.473333333333333,55241.75675675676,3.0470967741935486,137.09677419354838,607.75
20220906,19,-0.26,19.26153846153847,67.14193548387097,5.766666666666667,0.020915032679738564,0.0718954248366013,0.0,54503.71621621621,2.943225806451613,128.32258064516128,0.75
20220906,20,-0.5,18.31987179487179,70.48387096774194,6.126666666666667,0.00457516339869281,0.0392156862745098,0.0,52630.54054054054,2.840645161290322,120.83870967741936,0.0
20220906,21,-0.71,17.574358974358972,73.04516129032258,6.026666666666666,0.030065359477124187,0.026143790849673203,0,52268.98648648649,2.7548387096774194,128.25806451612902,0.0
20220906,22,-0.87,17.108974358974358,74.86451612903225,6.093333333333334,0.027450980392156862,0.026143790849673203,0,50629.66216216216,2.763225806451613,128.38709677419354,0.0
20220906,23,-0.97,16.66730769230768,76.81935483870967,6.706666666666667,0.07581699346405228,0.0784313725490196,0,48585.0,2.770967741935485,135.2258064516129,0.0
20220907,00,-1.0,16.13589743589743,79.05806451612904,6.966666666666667,0.18366013071895423,0.1111111111111111,0,46656.89189189189,2.6554838709677426,141.3548387096774,0.0
20220907,01,-0.97,15.782692307692306,81.09677419354838,6.8533333333333335,0.18627450980392157,0.1437908496732026,0,43738.64864864865,2.6509677419354847,137.61290322580646,0.0
20220907,02,-0.87,15.528205128205126,82.30322580645161,6.98,0.12352941176470587,0.1503267973856209,0,44335.67567567567,2.7233766233766254,144.32258064516128,0.0
20220907,03,-0.71,15.217307692307696,83.88387096774194,6.96,0.18104575163398692,0.1895424836601307,0.0,39949.39189189189,2.671428571428573,154.28571428571428,0.0
20220907,04,-0.5,15.030128205128202,85.08387096774193,6.953333333333333,0.1342105263157895,0.18421052631578946,0.0,37645.81081081081,2.5350649350649355,156.03896103896105,0.0
20220907,05,-0.26,14.915384615384616,85.7741935483871,7.066666666666666,0.09868421052631578,0.17105263157894737,0.19463087248322147,38564.76510067114,2.4741935483870976,152.83870967741936,55.5
20220907,06,-0.0,15.591025641025649,84.07096774193549,6.48,0.07894736842105261,0.15789473684210525,12.885906040268456,37458.590604026846,2.557419354838711,148.32258064516128,1819.25
20220907,07,0.26,16.950000000000006,79.9483870967742,6.253333333333333,0.09673202614379085,0.1568627450980392,26.120805369127517,40494.56375838926,2.6974193548387095,153.03225806451613,6610.75
20220907,08,0.5,18.375641025641034,74.83225806451613,5.96,0.08235294117647056,0.1503267973856209,32.49664429530201,45423.154362416106,2.97032258064516,161.61290322580646,13104.5
20220907,09,0.71,19.75320512820513,70.31612903225806,5.873333333333333,0.062091503267973844,0.10457516339869281,34.95973154362416,48680.3355704698,3.2406451612903218,170.51612903225808,19375.75
20220907,10,0.87,20.968789808917197,66.18589743589743,6.039735099337748,0.050980392156862744,0.12418300653594772,35.08,50542.2,3.4756410256410244,179.16666666666666,23924.25
20220907,11,0.97,22.01528662420382,62.33974358974359,5.9801324503311255,0.034640522875816995,0.08496732026143791,35.88,51486.46666666667,3.576282051282051,185.3846153846154,26383.0
20220907,12,1.0,22.849044585987272,58.80769230769231,6.291390728476821,0.020915032679738568,0.09803921568627451,35.60666666666667,50174.0,3.570512820512822,196.73076923076923,26613.5
20220907,13,0.97,23.447133757961772,56.717948717948715,6.315436241610739,0.018300653594771243,0.0915032679738562,34.758389261744966,51642.933333333334,3.474358974358973,198.9102564102564,25267.5
20220907,14,0.87,23.641401273885343,55.416666666666664,6.375838926174497,0.022222222222222223,0.10457516339869281,34.11409395973154,54002.4,3.359354838709676,198.58064516129033,21155.75
20220907,15,0.71,23.62547770700637,55.33974358974359,6.583892617449664,0.08888888888888889,0.1503267973856209,30.395973154362416,53830.2,3.088387096774193,199.42307692307693,15865.25
20220907,16,0.5,23.173248407643303,56.993589743589745,6.773333333333333,0.045098039215686274,0.1503267973856209,29.04,55036.46666666667,2.9051282051282046,193.5897435897436,9542.75
20220907,17,0.26,22.07261146496817,61.55769230769231,7.18,0.18311688311688312,0.14935064935064934,21.733333333333334,55230.4,2.7737179487179477,189.16666666666666,3708.75
20220907,18,0.0,20.329299363057345,68.85897435897436,7.273333333333333,0.21233766233766235,0.14935064935064934,4.8533333333333335,52917.066666666666,2.467948717948717,169.03846153846155,528.75
20220907,19,-0.26,19.024840764331202,74.32051282051282,7.386666666666667,0.2077922077922078,0.16233766233766234,0.0,49979.333333333336,2.3301282051282035,164.35897435897436,0.5
20220907,20,-0.5,18.287261146496814,76.98717948717949,7.226666666666667,0.05519480519480519,0.16233766233766234,0.0,47354.0,2.1782051282051262,153.9102564102564,0.0
20220907,21,-0.71,17.55286624203822,80.01923076923077,7.06,0.052597402597402594,0.14285714285714285,0,46485.53333333333,2.142307692307693,143.78205128205127,0.0
20220907,22,-0.87,16.94203821656051,82.06410256410257,6.913333333333333,0.0922077922077922,0.16233766233766234,0,42642.2,2.12371794871795,145.51282051282053,0.0
20220907,23,-0.97,16.47692307692307,83.43225806451613,6.866666666666666,0.18181818181818185,0.2077922077922078,0,40583.26666666667,2.224999999999999,140.12820512820514,0.0
20220908,00,-1.0,16.015384615384622,84.7741935483871,6.7,0.1733766233766234,0.22727272727272727,0,38662.2,2.2767741935483867,140.19354838709677,0.0
20220908,01,-0.97,15.728205128205124,85.69677419354839,7.053333333333334,0.21493506493506495,0.2922077922077922,0,37116.933333333334,2.3232258064516125,144.25806451612902,0.0
20220908,02,-0.87,15.5025641025641,86.50967741935484,7.213333333333333,0.2850649350649351,0.35064935064935066,0,35221.8,2.4135483870967724,139.5483870967742,0.0
20220908,03,-0.71,15.31794871794872,87.45161290322581,7.54,0.38496732026143793,0.41830065359477125,0.0,31993.4,2.6116129032258057,152.96774193548387,0.0
20220908,04,-0.5,15.112179487179482,88.87096774193549,7.453333333333333,0.6281045751633987,0.5228758169934641,0.0,29702.0,2.654193548387098,154.6451612903226,0.0
20220908,05,-0.26,14.982051282051279,89.03870967741935,7.433333333333334,0.6601307189542485,0.5359477124183006,0.0,27716.8,2.8903225806451616,154.83870967741936,29.0
20220908,06,-0.0,15.163461538461538,88.52903225806452,7.523489932885906,0.806578947368421,0.5197368421052632,1.7666666666666666,30790.0,3.170967741935483,157.80645161290323,698.5
20220908,07,0.26,15.425641025641024,87.64516129032258,7.476510067114094,0.8131578947368419,0.5986842105263158,3.48,30854.4,3.4266233766233762,171.80645161290323,2133.5
20220908,08,0.5,15.71474358974359,86.41935483870968,7.4391891891891895,0.7649006622516558,0.6291390728476821,4.181208053691275,34221.933333333334,3.7013071895424843,174.25806451612902,4345.25
20220908,09,0.71,16.02611464968154,84.85161290322581,7.4353741496598635,0.7605263157894738,0.6578947368421053,4.476510067114094,37331.342281879195,3.997402597402596,182.92207792207793,7012.5
20220908,10,0.87,16.3828025477707,82.90967741935484,7.348993288590604,0.5677631578947369,0.631578947368421,5.673333333333333,38194.066666666666,4.199999999999999,183.7012987012987,9973.25
20220908,11,0.97,16.668152866242046,81.59354838709677,7.113333333333333,0.8651315789473683,0.6381578947368421,8.013333333333334,38943.97350993378,4.287581699346404,189.15584415584416,12687.0
20220908,12,1.0,17.083974358974352,79.37012987012987,6.806666666666667,1.0638157894736842,0.631578947368421,10.353333333333333,40542.84768211921,4.485620915032679,197.3202614379085,14795.5
20220908,13,0.97,17.406369426751592,77.73548387096774,6.586666666666667,0.7374999999999995,0.618421052631579,14.873333333333333,41031.920529801326,4.683006535947715,200.0,15915.5
20220908,14,0.87,17.68980891719745,75.89677419354838,6.44,0.8320261437908496,0.5620915032679739,17.46,44835.562913907284,4.746753246753243,203.37662337662337,15727.5
20220908,15,0.71,17.852866242038218,74.20645161290322,5.933333333333334,0.826143790849673,0.45098039215686275,21.733333333333334,47921.85430463576,4.624025974025976,206.94805194805195,13876.5
20220908,16,0.5,17.766878980891722,73.90967741935484,5.553333333333334,0.8581699346405229,0.43137254901960786,24.033333333333335,50236.4238410596,4.372727272727275,213.44155844155844,9213.75
20220908,17,0.26,17.28662420382165,75.84516129032258,5.093333333333334,0.7405228758169935,0.38562091503267976,23.533333333333335,49675.562913907284,3.9324675324675336,207.92207792207793,3699.0
20220908,18,0.0,16.05732484076433,81.09677419354838,4.826666666666667,0.5993506493506494,0.33766233766233766,11.213333333333333,49578.741721854305,3.289610389610389,201.88311688311688,454.75
20220908,19,-0.26,15.124203821656051,84.97419354838709,4.38,0.35032679738562095,0.2875816993464052,0.0,47153.17880794702,2.9123376623376616,191.8181818181818,0.5
20220908,20,-0.5,14.675796178343955,86.63225806451612,4.311258278145695,0.22142857142857145,0.22077922077922077,0.0,47006.75496688742,2.7837662337662317,190.12987012987014,0.0
20220908,21,-0.71,14.270063694267511,87.98064516129033,4.0,0.1603896103896104,0.18181818181818182,0,45149.867549668874,2.742207792207792,186.42857142857142,0.0
20220908,22,-0.87,13.96050955414013,88.64516129032258,4.311258278145695,0.08831168831168831,0.14935064935064934,0,43005.03311258278,2.7071428571428564,184.93506493506493,0.0
20220908,23,-0.97,13.612738853503195,89.8,4.768211920529802,0.09610389610389608,0.17532467532467533,0,41697.08609271523,2.6396103896103895,188.37662337662337,0.0
20220909,00,-1.0,13.473248407643311,90.36774193548388,4.900662251655629,0.03571428571428571,0.13636363636363635,0,39864.96688741722,2.585064935064935,180.19480519480518,0.0
20220909,01,-0.97,13.33248407643312,90.81290322580645,5.245033112582782,0.031818181818181815,0.13636363636363635,0,39385.69536423841,2.6454545454545455,186.36363636363637,0.0
20220909,02,-0.87,13.229299363057322,90.79354838709678,5.582781456953643,0.022727272727272728,0.11038961038961038,0,37546.49006622517,2.6318181818181823,186.55844155844156,0.0
20220909,03,-0.71,13.131210191082804,91.08387096774193,5.933774834437086,0.024025974025974027,0.16233766233766234,0.0,36879.66887417219,2.661688311688311,186.2987012987013,0.0
20220909,04,-0.5,12.98789808917198,91.47096774193548,6.364238410596027,0.007792207792207792,0.16883116883116883,0.0,37516.82119205298,2.5941558441558437,186.2987012987013,0.0
20220909,05,-0.26,13.02929936305733,91.50967741935484,6.821192052980132,0.03506493506493506,0.17532467532467533,0.2866666666666667,36527.350993377484,2.5941935483870977,183.16129032258064,39.0
20220909,06,-0.0,13.590445859872608,89.81935483870967,7.039735099337748,0.023376623376623377,0.18831168831168832,7.026666666666666,38469.13907284768,2.729032258064515,185.16129032258064,1466.75
20220909,07,0.26,14.626114649681528,86.50967741935484,7.08,0.03181818181818181,0.19480519480519481,12.94,41416.225165562915,2.8593548387096757,184.0,5508.75
20220909,08,0.5,15.752866242038222,82.2516129032258,6.8933333333333335,0.012337662337662338,0.24675324675324675,19.046666666666667,43985.23178807947,3.308387096774194,193.74193548387098,10682.25
20220909,09,0.71,16.800000000000004,77.95483870967742,6.682119205298013,0.11883116883116883,0.2662337662337662,23.073825503355703,47264.105960264904,3.6722580645161287,202.19354838709677,16524.0
20220909,10,0.87,17.68152866242038,73.33548387096774,6.344370860927152,0.09545454545454544,0.2922077922077922,26.315436241610737,50386.953642384105,3.9638709677419337,201.93548387096774,20744.5
20220909,11,0.97,18.350318471337573,70.16129032258064,6.213333333333333,0.17532467532467538,0.33766233766233766,28.86577181208054,52703.44370860927,4.158064516129034,202.0,22431.0
20220909,12,1.0,18.843312101910836,67.59354838709677,6.24,0.1545454545454546,0.4090909090909091,26.120805369127517,55155.69536423841,4.261935483870968,200.4516129032258,21885.0
20220909,13,0.97,19.004458598726114,66.30967741935484,5.906666666666666,0.2603896103896104,0.44155844155844154,26.633333333333333,56157.01986754967,4.229032258064517,201.29032258064515,20917.25
20220909,14,0.87,18.95732484076433,65.93548387096774,5.913333333333333,0.34805194805194817,0.44805194805194803,25.966666666666665,56359.93377483444,4.207741935483869,198.90322580645162,18579.0
20220909,15,0.71,18.584076433121012,67.70967741935483,6.213333333333333,0.27908496732026156,0.45751633986928103,23.32,55028.67549668874,3.979354838709678,198.19354838709677,13477.25
20220909,16,0.5,17.985350318471347,70.23225806451613,6.18,0.32077922077922083,0.45454545454545453,21.3,57131.72185430463,3.8122580645161284,194.1290322580645,8015.25
20220909,17,0.26,16.961146496815285,75.2516129032258,6.42,0.3538961038961041,0.4155844155844156,17.446666666666665,57261.32450331126,3.4529032258064505,189.03225806451613,3102.5
20220909,18,0.0,15.727388535031846,80.54193548387097,6.586666666666667,0.40779220779220793,0.487012987012987,3.7733333333333334,54616.953642384105,3.032903225806451,180.6451612903226,346.0
20220909,19,-0.26,14.814012738853501,84.72903225806452,6.52,0.4594771241830065,0.3660130718954248,0.0,52596.68874172185,2.908387096774194,183.8709677419355,0.25
20220909,20,-0.5,14.231847133757968,86.97419354838709,6.4635761589403975,0.2960784313725491,0.37254901960784315,0.0,49103.24503311258,2.7967741935483876,182.96774193548387,0.0
20220909,21,-0.71,13.807643312101915,88.7483870967742,6.4635761589403975,0.16623376623376626,0.3181818181818182,0,47933.046357615895,2.751612903225806,173.61290322580646,0.0
20220909,22,-0.87,13.64713375796178,88.92903225806451,6.66887417218543,0.10454545454545455,0.24675324675324675,0,47340.86092715232,2.782580645161291,177.3548387096774,0.0
20220909,23,-0.97,13.452229299363058,89.4,6.71523178807947,0.0461038961038961,0.2012987012987013,0,47879.20529801324,2.8090322580645175,178.90322580645162,0.0
20220910,00,-1.0,13.185350318471338,90.46451612903226,6.291390728476821,0.03831168831168831,0.18831168831168832,0,45277.81456953642,2.7812903225806442,179.29032258064515,0.0
20220910,01,-0.97,12.963694267515928,91.10322580645162,6.006622516556291,0.0818181818181818,0.19480519480519481,0,42018.47682119205,2.7329032258064516,184.06451612903226,0.0
20220910,02,-0.87,12.789171974522297,91.79354838709678,6.298013245033113,0.06818181818181818,0.23376623376623376,0,39501.05960264901,2.6593548387096786,181.09677419354838,0.0
20220910,03,-0.71,12.692356687898087,92.34193548387097,6.675496688741722,0.09610389610389608,0.2922077922077922,0.0,38789.60264900662,2.6161290322580637,182.6451612903226,0.0
20220910,04,-0.5,12.592356687898086,92.79354838709678,6.854304635761589,0.11883116883116879,0.35064935064935066,0.0,36035.29801324503,2.6903225806451627,187.3548387096774,0.0
20220910,05,-0.26,12.580891719745226,93.30322580645161,7.052980132450331,0.15000000000000008,0.4090909090909091,0.0,35043.774834437085,2.6980645161290324,185.03225806451613,37.25
20220910,06,-0.0,13.085350318471335,92.18709677419355,7.0927152317880795,0.16623376623376632,0.44805194805194803,6.56,35416.953642384105,2.623870967741936,189.3548387096774,1200.25
20220910,07,0.26,13.882802547770703,89.6,7.172185430463577,0.2415584415584416,0.461038961038961,12.44,39091.72185430463,2.7877419354838695,194.6451612903226,4490.5
20220910,08,0.5,14.736305732484073,86.55483870967743,7.119205298013245,0.1928571428571429,0.42857142857142855,12.066666666666666,40802.91390728477,3.1245161290322567,203.67741935483872,8773.75
20220910,09,0.71,15.483439490445866,83.34193548387097,7.052980132450331,0.1746753246753247,0.5194805194805194,13.32,42077.54966887417,3.3367741935483872,212.6451612903226,12633.5
20220910,10,0.87,16.11783439490445,80.3741935483871,7.046357615894039,0.19415584415584414,0.4675324675324675,13.826666666666666,44120.86092715232,3.520645161290323,214.6451612903226,15390.5
20220910,11,0.97,16.595541401273895,78.43870967741935,7.132450331125828,0.24967320261437906,0.5228758169934641,14.48,43333.50993377483,3.673548387096773,217.67741935483872,18067.0
20220910,12,1.0,16.99235668789808,76.52258064516128,7.066666666666666,0.3379084967320262,0.5490196078431373,17.433333333333334,47868.41059602649,3.77548387096774,218.96774193548387,18809.0
20220910,13,0.97,17.23375796178344,75.30322580645161,6.88,0.2863636363636364,0.5584415584415584,19.793333333333333,49369.13907284768,3.807741935483869,217.74193548387098,17465.75
20220910,14,0.87,17.268152866242037,75.14193548387097,6.80794701986755,0.3201298701298702,0.538961038961039,18.993333333333332,51863.24503311258,3.7896774193548386,218.6451612903226,14614.75
20220910,15,0.71,16.999999999999993,76.52258064516128,6.920529801324503,0.5705882352941177,0.5490196078431373,17.826666666666668,47779.470198675495,3.7296774193548403,222.19354838709677,10920.25
20220910,16,0.5,16.590445859872606,79.02580645161291,6.821192052980132,0.41233766233766234,0.5194805194805194,15.693333333333333,47479.07284768212,3.5270967741935486,211.09677419354838,6908.75
20220910,17,0.26,15.95222929936306,82.67096774193548,6.966887417218543,0.3863636363636364,0.5324675324675324,9.32,46526.02649006622,3.27032258064516,200.90322580645162,2698.75
20220910,18,0.0,15.107643312101914,87.27741935483871,7.0198675496688745,0.3633986928104575,0.47058823529411764,2.88,41552.84768211921,2.8787096774193546,197.16129032258064,289.0
20220910,19,-0.26,14.608280254777064,89.55483870967743,7.099337748344371,0.3941176470588235,0.43137254901960786,0.0,41283.377483443706,2.743870967741936,207.5483870967742,0.25
20220910,20,-0.5,14.271974522293002,91.15483870967742,7.0,0.32792207792207784,0.38961038961038963,0.0,35798.741721854305,2.6851612903225797,215.61290322580646,0.0
20220910,21,-0.71,14.043949044585975,92.12903225806451,6.629139072847682,0.28181818181818186,0.42857142857142855,0,32294.56953642384,2.781290322580646,216.90322580645162,0.0
20220910,22,-0.87,13.786624203821653,92.83225806451613,6.456953642384106,0.23441558441558447,0.33116883116883117,0,32202.119205298015,2.6987096774193557,221.03225806451613,0.0
20220910,23,-0.97,13.545222929936305,93.60645161290323,6.172185430463577,0.11883116883116879,0.33766233766233766,0,27805.43046357616,2.652258064516128,230.58064516129033,0.0
20220911,00,-1.0,13.428662420382167,94.15483870967742,6.132450331125828,0.14610389610389607,0.2987012987012987,0,27300.132450331126,2.7077419354838717,234.19354838709677,0.0
20220911,01,-0.97,13.340127388535032,94.29032258064517,6.291390728476821,0.14675324675324677,0.2727272727272727,0,24628.60927152318,2.725806451612904,236.38709677419354,0.0
20220911,02,-0.87,13.286624203821665,94.6774193548387,6.701986754966887,0.21428571428571433,0.2792207792207792,0,22207.417218543047,2.7285714285714295,255.45454545454547,0.0
20220911,03,-0.71,13.247133757961782,94.69032258064516,6.880794701986755,0.15064935064935062,0.2532467532467532,0.0,19358.01324503311,2.6538961038961033,258.05194805194805,0.0
20220911,04,-0.5,13.205095541401276,94.99354838709678,6.966887417218543,0.12597402597402596,0.2792207792207792,0.0,19245.298013245032,2.6766233766233767,263.83116883116884,0.0
20220911,05,-0.26,13.182165605095546,95.11612903225806,6.993377483443709,0.09025974025974025,0.2727272727272727,0.0,17665.099337748343,2.667532467532468,273.1818181818182,15.25
20220911,06,-0.0,13.445222929936307,94.73548387096774,7.218543046357616,0.15,0.2792207792207792,1.6466666666666667,17260.0,2.7103896103896097,279.35483870967744,708.75
20220911,07,0.26,13.947770700636935,93.15483870967742,7.2052980132450335,0.2311688311688312,0.3181818181818182,5.86,17737.6821192053,2.75032258064516,279.2258064516129,3119.0
20220911,08,0.5,14.55031847133758,90.35483870967742,7.086092715231788,0.08181818181818182,0.3181818181818182,7.286666666666667,22583.90728476821,2.8896774193548405,283.0967741935484,6326.5
20220911,09,0.71,15.247770700636943,86.06451612903226,6.973509933774834,0.03506493506493506,0.2792207792207792,9.22,28651.456953642384,3.0090322580645155,278.258064516129,9902.75
20220911,10,0.87,15.982802547770708,81.76774193548387,6.71523178807947,0.03506493506493507,0.2987012987012987,12.546666666666667,35524.90066225165,3.03548387096774,294.4516129032258,13884.25
20220911,11,0.97,16.7108280254777,77.2,6.470198675496689,0.07467532467532467,0.33766233766233766,17.2,39833.44370860927,2.9670967741935494,292.7096774193548,17758.25
20220911,12,1.0,17.319745222929928,73.97419354838709,6.052980132450331,0.10909090909090911,0.3246753246753247,21.333333333333332,45488.34437086093,3.1006451612903216,287.5483870967742,20003.5
20220911,13,0.97,17.869426751592364,70.20645161290322,5.403973509933775,0.0448051948051948,0.2727272727272727,25.78,49211.258278145695,3.166451612903225,285.5483870967742,20425.5
20220911,14,0.87,18.071337579617843,69.0,5.0198675496688745,0.15000000000000002,0.15584415584415584,28.946666666666665,51235.496688741725,3.1090322580645164,280.64516129032256,18850.75
20220911,15,0.71,18.182802547770706,67.92258064516129,4.675496688741722,0.10974025974025974,0.15584415584415584,30.373333333333335,53372.78145695364,3.0238709677419355,268.258064516129,14982.75
20220911,16,0.5,17.99363057324842,69.14838709677419,4.251655629139073,0.00909090909090909,0.12987012987012986,31.586666666666666,56528.87417218543,2.7632258064516124,259.4193548387097,9316.25
20220911,17,0.26,17.29936305732483,72.6258064516129,3.8211920529801326,0.051298701298701295,0.14935064935064934,33.72,55127.54966887417,2.381935483870968,249.93548387096774,3677.0
20220911,18,0.0,15.685987261146499,80.44516129032257,3.622516556291391,0.004545454545454545,0.07142857142857142,14.72,48242.84768211921,1.8632258064516125,233.16129032258064,365.25
20220911,19,-0.26,14.412101910828024,86.16774193548387,3.4172185430463577,0.03831168831168831,0.05194805194805195,0.0,43286.75496688742,1.6574193548387095,223.67741935483872,0.0
20220911,20,-0.5,13.585987261146494,89.76774193548387,3.1390728476821192,0.01948051948051948,0.032467532467532464,0.0,36200.132450331126,1.547096774193549,208.51612903225808,0.0
20220911,21,-0.71,12.939490445859875,91.93548387096774,3.0993377483443707,0.007792207792207792,0.025974025974025976,0,31095.099337748343,1.5445161290322582,203.74193548387098,0.0
20220911,22,-0.87,12.403821656050958,93.38709677419355,3.3973509933774833,0.016883116883116882,0.012987012987012988,0,25444.834437086094,1.574193548387097,193.61290322580646,0.0
20220911,23,-0.97,11.950318471337576,94.25806451612904,3.642384105960265,0.0,0.025974025974025976,0,22203.509933774836,1.5677419354838706,199.67741935483872,0.0
20220912,00,-1.0,11.475159235668789,95.1741935483871,3.403973509933775,0.001948051948051948,0.006493506493506494,0,19294.30463576159,1.5767741935483872,192.19354838709677,0.0
20220912,01,-0.97,11.110828025477707,95.73548387096774,3.357615894039735,0.001948051948051948,0.045454545454545456,0,16741.192052980132,1.5259740259740269,190.84415584415584,0.0
20220912,02,-0.87,10.738853503184714,96.10322580645162,3.423841059602649,0.01103896103896104,0.045454545454545456,0,14881.456953642384,1.5051948051948054,189.15584415584416,0.0
20220912,03,-0.71,10.392993630573246,96.28387096774193,3.76158940397351,0.0012987012987012987,0.07792207792207792,0.0,12778.741721854305,1.5084415584415591,184.54545454545453,0.0
20220912,04,-0.5,10.093630573248408,96.49032258064516,4.145695364238411,0.0012987012987012987,0.11038961038961038,0.0,12630.596026490066,1.4727272727272729,183.8961038961039,0.0
20220912,05,-0.26,9.933757961783444,96.75483870967741,4.701986754966887,0.004545454545454545,0.11038961038961038,0.0,11035.430463576158,1.4714285714285715,183.11688311688312,20.5
20220912,06,-0.0,10.795541401273884,95.07741935483871,4.754966887417218,0.003246753246753247,0.16233766233766234,17.84,14495.364238410595,1.5253246753246763,184.6103896103896,1672.5
20220912,07,0.26,12.762420382165597,89.34193548387097,5.026490066225166,0.0006493506493506494,0.11688311688311688,40.46,22268.41059602649,1.551948051948052,179.35064935064935,7436.75
20220912,08,0.5,14.606410256410253,83.18181818181819,5.264900662251655,0.0,0.05194805194805195,41.93333333333333,30730.066225165563,1.7064935064935063,182.98701298701297,14750.5
20220912,09,0.71,16.3673076923077,75.46753246753246,5.302013422818792,0.0,0.012987012987012988,42.73154362416108,40752.0,1.843790849673202,182.22222222222223,21837.5
20220912,10,0.87,17.8826923076923,68.15483870967742,5.503355704697986,0.0,0.0,45.49664429530201,49523.13333333333,2.042483660130719,186.66666666666666,27087.75
20220912,11,0.97,19.06346153846155,61.851612903225806,5.939597315436242,0.0,0.006493506493506494,47.7248322147651,52999.53642384106,2.258823529411765,188.0392156862745,29596.75
20220912,12,1.0,19.91032258064516,57.4025974025974,6.29054054054054,0.0,0.012987012987012988,47.84563758389262,55939.8,2.3753246753246757,188.1818181818182,30449.5
20220912,13,0.97,20.478064516129027,54.5974025974026,6.405405405405405,0.0,0.006535947712418301,46.7248322147651,56327.53333333333,2.4019736842105277,195.19736842105263,28545.75
20220912,14,0.87,20.797419354838716,53.15584415584416,6.554054054054054,0.0,0.006535947712418301,45.24832214765101,59896.26666666667,2.4065789473684216,190.78947368421052,23865.75
20220912,15,0.71,20.810967741935492,52.97402597402598,6.608108108108108,0.0,0.013071895424836602,39.12751677852349,62338.523489932886,2.3322368421052633,182.89473684210526,17408.0
20220912,16,0.5,20.46516129032258,55.006493506493506,6.972972972972973,0.0,0.0196078431372549,35.58389261744966,62917.91946308725,2.2282894736842103,175.72368421052633,10294.25
20220912,17,0.26,19.469230769230762,60.012903225806454,6.77027027027027,0.0,0.032679738562091505,32.08724832214765,63151.342281879195,2.0184210526315787,160.3921568627451,3952.0
20220912,18,0.0,17.40576923076923,69.23225806451613,6.919463087248322,0.0,0.01948051948051948,10.82,59649.06040268456,1.8411764705882347,153.00653594771242,391.25
20220912,19,-0.26,15.96538461538462,75.52258064516128,6.557046979865772,0.0,0.026143790849673203,0.0,57272.34899328859,1.8751633986928107,148.4313725490196,0.0
20220912,20,-0.5,15.165384615384614,78.48387096774194,6.7,0.0,0.032679738562091505,0.0,52958.9932885906,2.0313725490196077,150.7843137254902,0.0
20220912,21,-0.71,14.605769230769228,80.34838709677419,6.546666666666667,0.007843137254901962,0.032679738562091505,0,50698.32214765101,2.2196078431372546,156.99346405228758,0.0
20220912,22,-0.87,14.169871794871797,81.91612903225807,6.866666666666666,0.024836601307189544,0.058823529411764705,0,47120.469798657716,2.3228758169934633,161.9607843137255,0.0
20220912,23,-0.97,13.828846153846152,82.99354838709678,6.506666666666667,0.04539473684210526,0.07894736842105263,0,45119.395973154365,2.398692810457516,169.34640522875816,0.0
20220913,00,-1.0,13.467307692307696,84.00645161290322,6.6866666666666665,0.05364238410596026,0.10596026490066225,0,43002.53333333333,2.444444444444444,174.2483660130719,0.0
20220913,01,-0.97,13.219230769230766,84.89032258064516,6.6866666666666665,0.05894039735099338,0.152317880794702,0,41146.933333333334,2.4647058823529413,171.04575163398692,0.0
20220913,02,-0.87,13.035256410256409,85.6774193548387,6.8933333333333335,0.09668874172185431,0.17218543046357615,0,39175.666666666664,2.567320261437909,184.44444444444446,0.0
20220913,03,-0.71,12.989743589743584,85.95483870967742,7.153333333333333,0.06333333333333334,0.21333333333333335,0.0,37826.933333333334,2.6745098039215702,187.51633986928104,0.0
20220913,04,-0.5,12.87564102564103,86.7483870967742,7.033333333333333,0.06999999999999998,0.24666666666666667,0.0,35813.4,2.6594771241830073,188.4967320261438,0.0
20220913,05,-0.26,12.938461538461544,87.03225806451613,7.26,0.055263157894736833,0.3223684210526316,0.0,34329.13333333333,2.6771241830065367,186.99346405228758,12.25
20220913,06,-0.0,13.534615384615385,85.80645161290323,7.133333333333334,0.05263157894736841,0.3684210526315789,7.82,35785.53333333333,2.6627450980392147,191.9607843137255,1204.75
20220913,07,0.26,14.762820512820513,82.78064516129032,6.993333333333333,0.03790849673202614,0.3137254901960784,14.593333333333334,37937.26666666667,2.7844155844155845,199.4805194805195,5066.5
20220913,08,0.5,16.132051282051275,78.38064516129032,6.89261744966443,0.05199999999999999,0.3466666666666667,18.34,40419.666666666664,2.8155844155844147,212.92207792207793,9796.25
20220913,09,0.71,17.51538461538462,74.12903225806451,6.831081081081081,0.035099337748344374,0.3576158940397351,20.726666666666667,43242.13333333333,2.987096774193549,217.48387096774192,15043.75
20220913,10,0.87,18.798717948717943,69.35483870967742,6.8108108108108105,0.02287581699346405,0.22875816993464052,26.273333333333333,47856.622516556294,3.251298701298701,226.94805194805195,19773.25
20220913,11,0.97,19.943870967741933,64.75324675324676,6.506756756756757,0.019205298013245036,0.19205298013245034,29.040268456375838,50538.46666666667,3.489542483660129,228.23529411764707,21877.75
20220913,12,1.0,20.703225806451616,61.935064935064936,6.398648648648648,0.009333333333333334,0.15333333333333332,29.758389261744966,53507.933333333334,3.7292207792207774,237.53246753246754,21299.0
20220913,13,0.97,21.102564102564095,60.1948051948052,6.6824324324324325,0.0019736842105263163,0.19736842105263158,30.57046979865772,55864.76510067114,3.9409090909090914,234.28571428571428,19679.5
20220913,14,0.87,21.420512820512815,58.88961038961039,6.574324324324325,0.0019607843137254906,0.12418300653594772,31.61744966442953,56587.98657718121,3.992857142857142,235.71428571428572,16535.0
20220913,15,0.71,21.26666666666668,60.077922077922075,6.831081081081081,0.0032679738562091504,0.13725490196078433,27.248322147651006,56114.73333333333,3.9240259740259735,234.2207792207792,11862.25
20220913,16,0.5,20.724999999999984,63.09090909090909,6.722972972972973,0.00784313725490196,0.13071895424836602,24.174496644295303,56229.4,3.7175324675324655,224.74025974025975,6688.75
20220913,17,0.26,19.552564102564094,68.38311688311688,6.6824324324324325,0.00980392156862745,0.12418300653594772,16.456375838926174,56265.066666666666,3.4227272727272715,220.32467532467533,2270.25
20220913,18,0.0,18.170063694267505,74.29032258064517,6.919463087248322,0.01948051948051948,0.18181818181818182,1.6308724832214765,52210.33112582781,2.9948387096774187,216.70967741935485,166.5
20220913,19,-0.26,17.30063694267516,78.13548387096775,7.1610738255033555,0.03896103896103895,0.2077922077922078,0.0,48804.503311258275,2.8580645161290303,225.16129032258064,0.0
20220913,20,-0.5,16.752229299363055,80.63225806451612,7.436241610738255,0.03506493506493506,0.24675324675324675,0.0,47520.596026490064,2.770967741935483,216.83870967741936,0.0
20220913,21,-0.71,16.247770700636945,82.55483870967743,7.342281879194631,0.05974025974025973,0.2727272727272727,0,43520.529801324505,2.6870967741935488,205.8709677419355,0.0
20220913,22,-0.87,15.847770700636948,84.20645161290322,7.449664429530201,0.09415584415584417,0.33116883116883117,0,42663.24503311258,2.712258064516129,215.3548387096774,0.0
20220913,23,-0.97,15.475796178343945,85.58709677419355,7.677852348993288,0.14285714285714285,0.2987012987012987,0,40685.29801324503,2.683225806451612,203.61290322580646,0.0
20220914,00,-1.0,15.174522292993636,86.78064516129032,7.671140939597316,0.19220779220779222,0.37662337662337664,0,38633.84105960265,2.551612903225807,203.09677419354838,0.0
20220914,01,-0.97,14.892993630573248,88.23870967741935,7.523489932885906,0.24870129870129873,0.38961038961038963,0,34747.615894039736,2.5380645161290323,197.09677419354838,0.0
20220914,02,-0.87,14.612101910828025,89.53548387096774,7.590604026845638,0.427922077922078,0.44805194805194803,0,31324.900662251657,2.5658064516129038,204.70967741935485,0.0
20220914,03,-0.71,14.45222929936306,90.53548387096774,7.543624161073826,0.6909090909090908,0.5064935064935064,0.0,27531.39072847682,2.5012903225806444,191.5483870967742,0.0
20220914,04,-0.5,14.316560509554137,91.00645161290322,7.5369127516778525,0.8798701298701297,0.551948051948052,0.0,25607.947019867548,2.4625806451612906,194.6451612903226,0.0
20220914,05,-0.26,14.19808917197452,91.8,7.557046979865772,0.8389610389610389,0.564935064935065,0.0,24958.344370860927,2.432903225806451,197.41935483870967,10.5
20220914,06,-0.0,14.47070063694267,91.46451612903226,7.570469798657718,0.7876623376623374,0.538961038961039,1.2133333333333334,25888.940397350994,2.430967741935482,192.1290322580645,543.0
20220914,07,0.26,15.094904458598723,89.59354838709677,7.563758389261745,0.6766233766233766,0.487012987012987,3.24,28182.119205298015,2.4670967741935486,198.25806451612902,2667.0
20220914,08,0.5,15.973248407643313,86.01935483870967,7.476510067114094,0.5532467532467532,0.44155844155844154,8.286666666666667,31276.82119205298,2.712987012987014,207.61290322580646,6144.5
20220914,09,0.71,16.842675159235664,82.19354838709677,7.483221476510067,0.3344155844155844,0.35714285714285715,11.766666666666667,34414.56953642384,2.946753246753247,215.58441558441558,9766.75
20220914,10,0.87,17.53397435897436,78.69677419354839,7.530201342281879,0.3383116883116884,0.35064935064935066,13.093333333333334,37316.887417218546,3.228571428571428,219.54545454545453,12663.5
20220914,11,0.97,17.987820512820516,76.8258064516129,7.3624161073825505,0.32156862745098036,0.40522875816993464,11.366666666666667,38374.70198675497,3.3999999999999986,223.05194805194805,14585.0
20220914,12,1.0,18.24585987261145,76.19354838709677,7.369127516778524,0.3274509803921569,0.3790849673202614,11.12,39211.32450331126,3.455844155844155,230.9090909090909,14234.0
20220914,13,0.97,18.189808917197446,76.98709677419355,7.510067114093959,0.5464052287581698,0.4444444444444444,8.086666666666666,38817.81456953642,3.41168831168831,232.5974025974026,11133.75
20220914,14,0.87,17.857961783439485,78.3525641025641,7.597315436241611,0.6474025974025975,0.512987012987013,4.086666666666667,38262.25165562914,3.475483870967743,237.80645161290323,7613.75
20220914,15,0.71,17.5203821656051,80.34615384615384,7.630872483221476,0.9692810457516337,0.5620915032679739,4.373333333333333,40529.53642384106,3.3935483870967733,232.0,5209.25
20220914,16,0.5,17.042675159235664,82.33333333333333,7.590604026845638,0.611764705882353,0.5947712418300654,4.22,39551.72185430463,3.2812903225806447,234.19354838709677,3290.5
20220914,17,0.26,16.51656050955414,84.85897435897436,7.583892617449664,0.7305194805194805,0.5454545454545454,4.92,41120.33112582781,3.1290322580645156,225.74193548387098,1485.5
20220914,18,0.0,15.86369426751592,87.61538461538461,7.693333333333333,0.8064935064935063,0.4935064935064935,1.28,37860.06578947369,2.9258064516129028,232.6451612903226,125.75
20220914,19,-0.26,15.41974522292994,89.50641025641026,7.577181208053691,0.4915032679738563,0.45751633986928103,0.0,38128.87417218543,2.8587096774193554,224.38709677419354,0.0
20220914,20,-0.5,15.10063694267516,90.37179487179488,7.429530201342282,0.47450980392156866,0.41830065359477125,0.0,38156.291390728475,2.761290322580646,227.80645161290323,0.0
20220914,21,-0.71,14.768789808917202,91.25641025641026,7.436241610738255,0.4973856209150329,0.4444444444444444,0,35335.165562913906,2.8387096774193554,234.4516129032258,0.0
20220914,22,-0.87,14.508280254777068,91.72435897435898,7.208053691275167,0.419607843137255,0.4117647058823529,0,35036.49006622517,2.9270967741935476,241.09677419354838,0.0
20220914,23,-0.97,14.295541401273884,91.96794871794872,7.140939597315437,0.28104575163398704,0.39869281045751637,0,33820.596026490064,2.9451612903225803,247.48387096774192,0.0
20220915,00,-1.0,14.117834394904452,92.07692307692308,6.791946308724833,0.19285714285714287,0.461038961038961,0,31743.245033112584,3.0967741935483866,251.93548387096774,0.0
20220915,01,-0.97,13.892993630573244,92.3974358974359,6.879194630872483,0.2320261437908497,0.42483660130718953,0,29992.98013245033,3.283116883116885,251.75324675324674,0.0
20220915,02,-0.87,13.743949044585985,92.15384615384616,6.906040268456376,0.35649350649350653,0.42857142857142855,0,29963.37748344371,3.3214285714285703,250.58441558441558,0.0
20220915,03,-0.71,13.652229299363052,91.58974358974359,6.953020134228188,0.22402597402597402,0.38311688311688313,0.0,29325.43046357616,3.4974025974025977,245.97402597402598,0.0
20220915,04,-0.5,13.463694267515923,91.68589743589743,6.97986577181208,0.5227272727272727,0.461038961038961,0.0,27995.364238410595,3.606493506493506,243.8961038961039,0.0
20220915,05,-0.26,13.33630573248407,91.37179487179488,7.134228187919463,0.3954545454545455,0.42857142857142855,0.0,29279.60264900662,3.6396103896103895,252.27272727272728,11.25
20220915,06,-0.0,13.463057324840772,90.44871794871794,7.28,0.2772727272727273,0.4025974025974026,2.385135135135135,31460.723684210527,3.7098039215686285,252.01298701298703,873.5
20220915,07,0.26,13.914649681528662,88.12179487179488,7.167785234899329,0.2681818181818182,0.36363636363636365,9.121621621621621,32699.139072847684,3.922875816993465,246.99346405228758,3717.0
20220915,08,0.5,14.443312101910827,84.62820512820512,7.1879194630872485,0.3640522875816994,0.39215686274509803,11.41891891891892,35691.258278145695,4.1758169934640526,260.4575163398693,7643.75
20220915,09,0.71,15.056050955414008,80.75641025641026,7.206666666666667,0.2012987012987013,0.33116883116883117,13.825503355704697,39875.165562913906,4.454248366013073,276.1437908496732,12106.75
20220915,10,0.87,15.571974522292992,76.68589743589743,7.066666666666666,0.26883116883116875,0.35714285714285715,16.798657718120804,43952.84768211921,4.722875816993462,275.16339869281046,14598.5
20220915,11,0.97,15.862420382165602,73.68589743589743,6.966666666666667,0.3026143790849673,0.38562091503267976,16.308724832214764,46383.17880794702,4.937254901960782,276.9934640522876,15715.25
20220915,12,1.0,15.960509554140117,71.91025641025641,6.926666666666667,0.3012987012987014,0.4090909090909091,16.100671140939596,48876.49006622517,5.068627450980393,280.65359477124184,15512.0
20220915,13,0.97,15.941401273885337,71.23076923076923,7.053333333333334,0.28300653594771247,0.49673202614379086,14.51006711409396,51020.92715231788,5.03464052287582,283.5947712418301,14416.0
20220915,14,0.87,16.06496815286624,69.88461538461539,6.84,0.1496732026143791,0.41830065359477125,15.926174496644295,50145.82781456954,5.081045751633993,281.437908496732,12642.5
20220915,15,0.71,15.77834394904459,69.5,6.766666666666667,0.2051948051948052,0.38311688311688313,15.154362416107382,53479.801324503314,5.1699346405228725,283.26797385620915,9478.0
20220915,16,0.5,15.33821656050957,70.98076923076923,6.866666666666666,0.15974025974025974,0.36363636363636365,14.583892617449665,52968.47682119205,4.8947712418300675,278.75816993464053,5705.75
20220915,17,0.26,14.523566878980894,74.18589743589743,6.74,0.1266233766233766,0.36363636363636365,11.812080536912752,51775.82781456954,4.526143790849671,280.4575163398693,2118.75
20220915,18,0.0,13.599363057324855,78.35897435897436,6.68,0.07467532467532467,0.35064935064935066,1.651006711409396,50107.682119205296,3.934640522875817,273.0718954248366,134.75
20220915,19,-0.26,13.015286624203826,80.87179487179488,6.526666666666666,0.048701298701298704,0.3181818181818182,0.0,49052.05298013245,3.7045751633986916,266.01307189542484,0.0
20220915,20,-0.5,12.624840764331209,82.12179487179488,6.1866666666666665,0.031818181818181815,0.2662337662337662,0.0,47444.56953642384,3.6620915032679737,265.7516339869281,0.0
20220915,21,-0.71,12.223566878980893,83.44871794871794,5.913907284768212,0.047712418300653585,0.28104575163398693,0,46596.75496688742,3.677777777777779,263.39869281045753,0.0
20220915,22,-0.87,11.899363057324841,84.57692307692308,5.788079470198675,0.033333333333333326,0.21568627450980393,0,45812.45033112583,3.604575163398692,251.83006535947712,0.0
20220915,23,-0.97,11.578980891719747,85.62179487179488,5.682119205298013,0.01764705882352941,0.24183006535947713,0,42963.84105960265,3.648366013071897,254.18300653594773,0.0
20220916,00,-1.0,11.362420382165611,86.69871794871794,5.622516556291391,0.053246753246753244,0.15584415584415584,0,41889.73509933775,3.624183006535949,252.0261437908497,0.0
20220916,01,-0.97,11.122292993630571,87.5,5.735099337748345,0.06688311688311688,0.18831168831168832,0,39025.82781456954,3.629411764705883,255.22875816993465,0.0
20220916,02,-0.87,10.97770700636942,88.02564102564102,6.370860927152318,0.042483660130718956,0.20915032679738563,0,38471.32450331126,3.6339869281045782,252.28758169934642,0.0
20220916,03,-0.71,10.895541401273887,88.15384615384616,6.516556291390729,0.03790849673202614,0.2549019607843137,0.0,36609.403973509936,3.652941176470588,252.28758169934642,0.0
20220916,04,-0.5,10.811464968152869,88.5448717948718,6.556291390728477,0.03831168831168831,0.2987012987012987,0.0,36728.87417218543,3.692156862745098,250.718954248366,0.0
20220916,05,-0.26,10.674522292993629,88.50641025641026,6.456953642384106,0.029870129870129866,0.36363636363636365,0.0,36242.91390728477,3.809150326797386,255.88235294117646,9.5
20220916,06,-0.0,10.849044585987258,87.75,6.377483443708609,0.0753246753246753,0.38311688311688313,5.630872483221476,36579.867549668874,3.8980392156862735,255.22875816993465,958.0
20220916,07,0.26,11.450318471337576,84.74358974358974,6.105960264900662,0.061688311688311674,0.37662337662337664,16.08053691275168,39538.27814569537,4.230718954248367,259.73856209150324,4707.75
20220916,08,0.5,12.213375796178351,80.3076923076923,5.920529801324503,0.14415584415584418,0.38311688311688313,20.630872483221477,43727.21854304636,4.854901960784314,263.8562091503268,9902.75
20220916,09,0.71,12.958598726114648,75.32051282051282,6.22,0.12156862745098038,0.3660130718954248,22.496644295302012,46110.596026490064,5.272549019607843,267.05882352941177,14219.0
20220916,10,0.87,13.39936305732484,71.81410256410257,6.748344370860927,0.13594771241830064,0.42483660130718953,20.85234899328859,46268.60927152318,5.613815789473686,271.7763157894737,15954.75
20220916,11,0.97,13.723566878980892,70.17948717948718,6.543046357615894,0.16948051948051945,0.564935064935065,20.140939597315437,48783.44370860927,5.790789473684213,270.5263157894737,16654.25
20220916,12,1.0,13.797452229299362,69.58974358974359,6.099337748344371,0.2746753246753248,0.6558441558441559,20.993288590604028,48289.867549668874,5.909210526315789,272.5657894736842,17639.25
20220916,13,0.97,13.786624203821656,69.13461538461539,5.688741721854305,0.290909090909091,0.7012987012987013,24.013422818791945,47528.013245033115,5.9743421052631565,274.07894736842104,17608.75
20220916,14,0.87,13.69171974522293,69.32051282051282,5.894039735099338,0.3431372549019609,0.6666666666666666,23.78523489932886,50438.807947019865,5.8921052631578945,273.202614379085,15949.25
20220916,15,0.71,13.540127388535026,69.3525641025641,5.326666666666667,0.24155844155844158,0.5584415584415584,24.42281879194631,52450.39735099338,5.858823529411763,271.3071895424837,12634.25
20220916,16,0.5,13.085987261146498,70.96794871794872,5.486666666666666,0.2590909090909091,0.461038961038961,24.201342281879196,53602.78145695364,5.720261437908499,270.3921568627451,7482.25
20220916,17,0.26,12.257961783439493,74.65384615384616,5.253333333333333,0.23594771241830076,0.39215686274509803,21.993288590604028,52247.350993377484,5.2666666666666675,268.62745098039215,2447.0
20220916,18,0.0,11.359235668789806,79.08333333333333,5.38,0.2320261437908497,0.40522875816993464,3.791946308724832,50564.503311258275,4.751633986928107,263.921568627451,126.75
20220916,19,-0.26,10.826751592356688,82.03205128205128,5.3133333333333335,0.1558441558441559,0.42207792207792205,0.0,49183.377483443706,4.581045751633988,259.1503267973856,0.0
20220916,20,-0.5,10.471337579617833,83.41666666666667,5.326666666666667,0.15779220779220784,0.35064935064935066,0.0,45823.90728476821,4.622222222222221,263.7908496732026,0.0
20220916,21,-0.71,10.178980891719748,84.8974358974359,5.533333333333333,0.2305194805194805,0.33116883116883117,0,46070.26490066225,4.799346405228754,265.55555555555554,0.0
20220916,22,-0.87,9.92292993630573,86.12820512820512,5.506666666666667,0.21038961038961043,0.34415584415584416,0,42600.596026490064,4.815032679738564,265.88235294117646,0.0
20220916,23,-0.97,9.752866242038218,87.24358974358974,5.786666666666667,0.12402597402597401,0.3961038961038961,0,39793.97350993378,4.883006535947712,267.7124183006536,0.0
20220917,00,-1.0,9.638853503184716,87.99358974358974,6.133333333333334,0.15584415584415584,0.37012987012987014,0,39283.64238410596,4.825490196078435,268.75816993464053,0.0
20220917,01,-0.97,9.56114649681529,88.10897435897436,6.576158940397351,0.11184210526315792,0.4144736842105263,0,37821.7880794702,4.890196078431373,270.3921568627451,0.0
20220917,02,-0.87,9.491082802547767,88.58974358974359,6.781456953642384,0.14444444444444446,0.43790849673202614,0,35254.03973509934,4.877124183006537,272.41830065359477,0.0
20220917,03,-0.71,9.442675159235668,88.40384615384616,6.788079470198675,0.15098039215686276,0.45098039215686275,0.0,33714.437086092716,4.738562091503269,271.96078431372547,0.0
20220917,04,-0.5,9.27707006369427,88.51923076923077,6.900662251655629,0.18116883116883115,0.5,0.0,32008.01324503311,4.7326797385620925,274.7712418300654,0.0
20220917,05,-0.26,9.133757961783434,89.0448717948718,7.132450331125828,0.18496732026143786,0.5163398692810458,0.0,30743.774834437085,4.818954248366013,273.0065359477124,5.5
20220917,06,-0.0,9.17070063694268,88.76282051282051,7.059602649006623,0.16623376623376632,0.551948051948052,0.6711409395973155,29192.582781456953,4.901960784313728,271.3071895424837,640.5
20220917,07,0.26,9.619745222929941,86.75641025641026,6.768211920529802,0.20519480519480526,0.564935064935065,8.557046979865772,31970.0,5.059477124183011,272.0261437908497,3640.0
20220917,08,0.5,10.219108280254778,83.57051282051282,6.582781456953643,0.26428571428571435,0.5454545454545454,14.187919463087248,34459.93377483444,5.46078431372549,274.9673202614379,9055.0
20220917,09,0.71,10.867515923566872,79.25641025641026,6.827814569536423,0.24610389610389613,0.5064935064935064,17.409395973154364,36209.66887417219,5.779738562091508,279.34640522875816,13649.5
20220917,10,0.87,11.348407643312099,76.22435897435898,7.039735099337748,0.3318181818181819,0.6363636363636364,16.13422818791946,39459.403973509936,5.964052287581701,281.96078431372547,15559.5
20220917,11,0.97,11.710828025477708,73.85897435897436,6.867549668874172,0.2603896103896104,0.7467532467532467,16.97986577181208,41013.44370860927,6.106535947712421,282.22222222222223,17795.0
20220917,12,1.0,11.963057324840761,72.75641025641026,6.66887417218543,0.31688311688311704,0.7662337662337663,19.76510067114094,44343.90728476821,6.1830065359477135,281.3071895424837,19526.5
20220917,13,0.97,11.971974522292994,72.24358974358974,6.470198675496689,0.3811688311688314,0.7727272727272727,22.48993288590604,46242.58278145696,6.125490196078434,283.72549019607845,19877.75
20220917,14,0.87,11.92611464968153,72.12179487179488,6.483443708609271,0.4850649350649352,0.7207792207792207,23.44295302013423,51354.70198675497,6.104575163398694,282.3529411764706,17430.0
20220917,15,0.71,11.572611464968151,73.67948717948718,6.71523178807947,0.33636363636363636,0.6558441558441559,22.181208053691275,52272.45033112583,6.074509803921569,281.37254901960785,13096.25
20220917,16,0.5,11.263057324840764,74.62179487179488,6.52317880794702,0.27012987012987016,0.577922077922078,21.302013422818792,52916.09271523179,6.0549019607843135,279.34640522875816,7346.5
20220917,17,0.26,10.394904458598724,78.43589743589743,6.139072847682119,0.3649350649350651,0.6363636363636364,17.06711409395973,49507.08609271523,5.810457516339869,278.4967320261438,2390.0
20220917,18,0.0,9.638853503184711,82.32692307692308,6.304635761589404,0.3168831168831168,0.5454545454545454,3.0,48753.31125827815,5.088235294117645,276.60130718954247,130.0
20220917,19,-0.26,9.307643312101915,84.60897435897436,6.231788079470198,0.3383116883116883,0.5584415584415584,0.0,48041.12582781457,4.911111111111109,272.94117647058823,0.0
20220917,20,-0.5,9.14649681528662,85.86538461538461,6.516556291390729,0.26038961038961045,0.5974025974025974,0.0,43994.90066225165,4.947712418300655,269.5424836601307,0.0
20220917,21,-0.71,9.03757961783439,86.32051282051282,6.735099337748345,0.20194805194805202,0.5064935064935064,0,43156.887417218546,5.051633986928106,270.52287581699346,0.0
20220917,22,-0.87,8.907006369426757,87.33974358974359,6.642384105960265,0.25000000000000017,0.5909090909090909,0,40740.198675496686,5.166013071895421,272.22222222222223,0.0
20220917,23,-0.97,8.825477707006373,87.75,6.821192052980132,0.2720779220779222,0.5454545454545454,0,40041.32450331126,5.211764705882352,271.437908496732,0.0
20220918,00,-1.0,8.812101910828025,87.75641025641026,6.887417218543046,0.25228758169934634,0.5620915032679739,0,38520.46357615894,5.256862745098039,270.1307189542484,0.0
20220918,01,-0.97,8.803184713375797,87.82051282051282,7.046357615894039,0.34183006535947724,0.5490196078431373,0,38146.55629139073,5.367320261437908,269.73856209150324,0.0
20220918,02,-0.87,8.747770700636941,87.59615384615384,6.860927152317881,0.21699346405228764,0.6078431372549019,0,38046.887417218546,5.4202614379085,268.6928104575163,0.0
20220918,03,-0.71,8.677707006369427,87.97435897435898,6.80794701986755,0.2823529411764706,0.6339869281045751,0.0,36151.52317880795,5.356209150326801,267.18954248366015,0.0
20220918,04,-0.5,8.564331210191083,88.37179487179488,6.741721854304636,0.25882352941176473,0.6797385620915033,0.0,34314.03973509934,5.375816993464048,267.12418300653593,0.0
20220918,05,-0.26,8.473885350318465,88.65384615384616,6.622516556291391,0.2947712418300654,0.6928104575163399,0.0,36152.84768211921,5.255555555555556,263.8562091503268,7.5
20220918,06,-0.0,8.621656050955416,88.26923076923077,6.496688741721854,0.18562091503267977,0.6797385620915033,3.053691275167785,35690.529801324505,5.222875816993464,262.2875816993464,708.5
20220918,07,0.26,9.068152866242038,86.74358974358974,6.682119205298013,0.20130718954248367,0.6666666666666666,11.348993288590604,37274.03973509934,5.460784313725494,261.1111111111111,3522.5
20220918,08,0.5,9.706369426751595,84.33974358974359,6.66887417218543,0.22091503267973864,0.673202614379085,14.0,39519.470198675495,5.705882352941177,261.8954248366013,7678.0
20220918,09,0.71,10.324840764331213,80.9423076923077,6.920529801324503,0.25032679738562097,0.6209150326797386,13.74496644295302,40908.013245033115,6.0098039215686265,265.359477124183,10993.75
20220918,10,0.87,10.824203821656049,78.37179487179488,7.066225165562914,0.29934640522875816,0.6601307189542484,12.503355704697986,41536.953642384105,6.168627450980392,265.62091503267976,12802.25
20220918,11,0.97,11.062420382165607,77.0576923076923,7.132450331125828,0.4516339869281045,0.7973856209150327,13.503355704697986,41713.112582781454,6.315686274509804,268.562091503268,13683.0
20220918,12,1.0,11.268152866242035,75.76282051282051,6.768211920529802,0.43202614379084964,0.7189542483660131,14.46979865771812,45785.562913907284,6.373202614379085,268.4313725490196,13757.0
20220918,13,0.97,11.23375796178343,75.73717948717949,7.08,0.46753246753246747,0.7077922077922078,13.248322147651006,46833.774834437085,6.34967320261438,270.19607843137254,12692.25
20220918,14,0.87,11.17643312101911,75.07051282051282,6.887417218543046,0.5052287581699348,0.6797385620915033,11.677852348993289,46885.82781456954,6.186274509803921,270.7843137254902,10274.5
20220918,15,0.71,10.875159235668788,76.4551282051282,7.046357615894039,0.6738562091503267,0.6274509803921569,9.765100671140939,47960.596026490064,6.066013071895425,271.437908496732,7044.75
20220918,16,0.5,10.390445859872612,78.07051282051282,6.827814569536423,0.5577922077922076,0.6038961038961039,9.335570469798657,48880.99337748344,5.552287581699347,271.5032679738562,3614.0
20220918,17,0.26,9.892993630573242,79.82692307692308,6.993377483443709,0.5474025974025976,0.5974025974025974,7.10738255033557,50033.97350993378,5.08954248366013,267.51633986928107,988.0
20220918,18,0.0,9.351592356687899,82.58333333333333,6.8344370860927155,0.48766233766233774,0.6233766233766234,0.3087248322147651,48914.96688741722,4.699999999999999,270.8496732026144,37.0
20220918,19,-0.26,9.096815286624198,84.06410256410257,6.774834437086093,0.5000000000000001,0.6405228758169934,0.0,49526.225165562915,4.481699346405228,264.57516339869284,0.0
20220918,20,-0.5,8.875796178343947,84.96794871794872,6.867549668874172,0.40196078431372556,0.6209150326797386,0.0,46334.76821192053,4.555555555555556,273.39869281045753,0.0
20220918,21,-0.71,8.645859872611465,86.8525641025641,6.622516556291391,0.3235294117647059,0.6928104575163399,0,43652.18543046358,4.620915032679738,275.4901960784314,0.0
20220918,22,-0.87,8.44649681528663,88.5,6.4635761589403975,0.38896103896103884,0.6818181818181818,0,43162.45033112583,4.565359477124185,278.16993464052285,0.0
20220918,23,-0.97,8.222929936305734,89.83974358974359,5.841059602649007,0.35584415584415585,0.5714285714285714,0,41735.562913907284,4.626143790849672,278.16993464052285,0.0
20220919,00,-1.0,8.076433121019113,91.0448717948718,5.894039735099338,0.3714285714285715,0.5844155844155844,0,39870.39735099338,4.5241830065359485,278.8235294117647,0.0
20220919,01,-0.97,8.064968152866241,91.37820512820512,5.860927152317881,0.28766233766233784,0.512987012987013,0,40287.81456953642,4.550980392156864,283.39869281045753,0.0
20220919,02,-0.87,8.06369426751592,91.73076923076923,5.821192052980132,0.2779220779220779,0.42207792207792205,0,39766.622516556294,4.432026143790852,285.62091503267976,0.0
20220919,03,-0.71,8.076433121019106,92.2051282051282,5.6158940397351,0.21428571428571425,0.43506493506493504,0.0,38067.74834437086,4.343790849673205,284.1830065359477,0.0
20220919,04,-0.5,8.077070063694272,92.3974358974359,5.7947019867549665,0.17987012987012987,0.3961038961038961,0.0,37672.98013245033,4.227450980392159,280.3921568627451,0.0
20220919,05,-0.26,8.189171974522294,92.35897435897436,5.874172185430464,0.1441558441558442,0.42857142857142855,0.0,34909.60264900662,4.232679738562092,278.16993464052285,3.75
20220919,06,-0.0,8.477707006369425,91.98076923076923,6.2052980132450335,0.08246753246753244,0.43506493506493504,2.6375838926174495,32921.52317880795,4.2405228758169935,279.6732026143791,586.25
20220919,07,0.26,9.235031847133758,89.72435897435898,6.298013245033113,0.08961038961038958,0.43506493506493504,12.543624161073826,33845.76158940397,4.296078431372547,277.58169934640523,3552.0
20220919,08,0.5,10.098089171974525,87.2948717948718,6.7218543046357615,0.10584415584415585,0.43506493506493504,13.798657718120806,37182.25165562914,4.53202614379085,280.5882352941176,7932.0
20220919,09,0.71,11.131210191082808,83.1474358974359,6.582781456953643,0.0448051948051948,0.37662337662337664,15.53020134228188,42019.33774834437,4.660784313725489,280.19607843137254,12211.5
20220919,10,0.87,12.021656050955416,79.13461538461539,6.602649006622516,0.0769736842105263,0.40789473684210525,17.879194630872483,45473.112582781454,4.873202614379087,285.0980392156863,15586.0
20220919,11,0.97,12.631210191082799,74.82692307692308,6.821192052980132,0.17763157894736842,0.48026315789473684,20.644295302013422,49134.70198675497,4.991503267973856,287.77777777777777,18161.75
20220919,12,1.0,13.046496815286625,72.55128205128206,6.403973509933775,0.2699346405228759,0.5490196078431373,23.738255033557046,50081.32450331126,4.972549019607846,285.8169934640523,19531.75
20220919,13,0.97,13.038216560509552,71.60897435897436,5.788079470198675,0.37272727272727274,0.5584415584415584,25.879194630872483,52040.33112582781,5.004575163398691,285.29411764705884,19466.0
20220919,14,0.87,13.0063694267516,71.87820512820512,6.105960264900662,0.39545454545454545,0.551948051948052,25.57718120805369,52910.39735099338,4.924836601307189,283.66013071895424,16845.25
20220919,15,0.71,12.701910828025474,72.37179487179488,5.8344370860927155,0.4376623376623378,0.5324675324675324,23.590604026845636,55988.54304635762,4.7522875816993455,286.2091503267974,12200.0
20220919,16,0.5,12.261146496815286,74.1474358974359,6.211920529801325,0.28701298701298694,0.512987012987013,23.590604026845636,54974.37086092715,4.498039215686275,286.47058823529414,6876.75
20220919,17,0.26,11.318471337579624,78.42307692307692,6.52317880794702,0.3474025974025975,0.4935064935064935,15.604026845637584,54896.4238410596,4.066013071895428,283.921568627451,2077.25
20220919,18,0.0,10.385987261146498,82.88461538461539,6.397350993377484,0.20584415584415588,0.461038961038961,2.087248322147651,52797.41721854304,3.5143790849673207,283.0718954248366,85.75
20220919,19,-0.26,9.843312101910824,85.5448717948718,6.066225165562914,0.24415584415584413,0.43506493506493504,0.0,52584.17218543046,3.2584415584415583,270.5194805194805,0.0
20220919,20,-0.5,9.434394904458598,87.0576923076923,5.880794701986755,0.14155844155844155,0.4025974025974026,0.0,50633.24503311258,3.0772727272727276,266.5584415584416,0.0
20220919,21,-0.71,9.138216560509552,88.18589743589743,5.867549668874172,0.0753246753246753,0.38961038961038963,0,49052.45033112583,3.012337662337662,269.15584415584414,0.0
20220919,22,-0.87,8.870700636942674,89.17307692307692,5.847682119205298,0.09285714285714283,0.33116883116883117,0,48082.58278145696,3.0032467532467533,269.09090909090907,0.0
20220919,23,-0.97,8.601273885350318,90.03846153846153,5.549668874172186,0.07207792207792207,0.2857142857142857,0,46164.17218543046,2.9454545454545453,269.61038961038963,0.0
20220920,00,-1.0,8.348407643312104,90.63461538461539,5.231788079470198,0.04999999999999999,0.21428571428571427,0,43331.192052980135,2.9071428571428566,267.4025974025974,0.0
20220920,01,-0.97,8.097452229299355,91.43589743589743,5.231788079470198,0.05844155844155844,0.2597402597402597,0,40891.05960264901,2.9279220779220765,270.06493506493507,0.0
20220920,02,-0.87,7.920382165605096,92.14102564102564,5.125827814569536,0.08246753246753245,0.23376623376623376,0,38802.78145695364,2.860389610389611,269.8051948051948,0.0
20220920,03,-0.71,7.811464968152865,92.49358974358974,5.529801324503311,0.112987012987013,0.2727272727272727,0.0,36292.84768211921,2.919480519480519,270.38961038961037,0.0
20220920,04,-0.5,7.661783439490445,92.62179487179488,5.456953642384106,0.09610389610389611,0.22077922077922077,0.0,33919.867549668874,2.83051948051948,275.1948051948052,0.0
20220920,05,-0.26,7.556050955414015,93.09615384615384,5.6158940397351,0.059090909090909076,0.2792207792207792,0.0,31427.08609271523,2.776623376623378,276.68831168831167,3.75
20220920,06,-0.0,7.798726114649685,92.53846153846153,5.635761589403973,0.05714285714285715,0.35064935064935066,5.422818791946309,30043.311258278147,2.6474025974025985,272.14285714285717,763.5
20220920,07,0.26,8.819745222929935,89.28846153846153,5.774834437086093,0.05974025974025973,0.2922077922077922,18.409395973154364,34839.73509933775,2.7467532467532467,267.72727272727275,4592.75
20220920,08,0.5,9.882165605095542,84.64102564102564,5.788079470198675,0.08246753246753245,0.2987012987012987,22.355704697986578,36196.49006622517,3.0318181818181804,277.53246753246754,10308.75
20220920,09,0.71,11.003821656050953,78.96153846153847,5.6118421052631575,0.06558441558441558,0.2857142857142857,25.13422818791946,43729.14473684211,3.17987012987013,289.61038961038963,16012.0
20220920,10,0.87,11.729299363057326,74.01923076923077,5.927152317880795,0.03831168831168831,0.3246753246753247,25.033557046979865,48011.11842105263,3.440259740259741,298.76623376623377,19556.25
20220920,11,0.97,12.354140127388533,69.99358974358974,5.675496688741722,0.10974025974025971,0.37662337662337664,27.033783783783782,51478.27814569537,3.5116883116883115,298.8961038961039,21594.75
20220920,12,1.0,12.681528662420385,67.27388535031847,5.470198675496689,0.18051948051948058,0.43506493506493504,28.16891891891892,54839.867549668874,3.493506493506492,295.45454545454544,21784.0
20220920,13,0.97,12.91464968152866,65.93630573248407,5.032894736842105,0.19870129870129874,0.4935064935064935,29.013513513513512,59160.85526315789,3.565584415584415,283.1818181818182,21261.0
20220920,14,0.87,12.954777070063697,65.06369426751593,4.677631578947368,0.13441558441558443,0.35064935064935066,31.181208053691275,59866.71052631579,3.4649350649350668,280.3246753246753,18438.5
20220920,15,0.71,12.807006369426754,66.03184713375796,4.848684210526316,0.10584415584415582,0.33766233766233766,30.013422818791945,60111.90789473684,3.5220779220779233,288.24675324675326,13684.25
20220920,16,0.5,12.320382165605103,68.54777070063695,4.493421052631579,0.09155844155844155,0.2532467532467532,29.86577181208054,62143.88157894737,3.243506493506494,283.57142857142856,7832.5
20220920,17,0.26,11.36305732484076,73.64331210191082,4.144736842105263,0.053896103896103886,0.24025974025974026,26.61744966442953,61652.89473684211,2.627272727272728,284.02597402597405,2228.5
20220920,18,0.0,9.886624203821654,82.05095541401273,4.25,0.045454545454545456,0.19480519480519481,2.912751677852349,57161.51315789474,2.1474025974025963,262.7922077922078,67.5
20220920,19,-0.26,9.036305732484077,86.4140127388535,3.8157894736842106,0.03701298701298702,0.15584415584415584,0.0,53080.92105263158,1.8253246753246755,250.97402597402598,0.0
20220920,20,-0.5,8.40828025477707,88.97452229299363,3.348684210526316,0.012987012987012988,0.07792207792207792,0.0,50387.63157894737,1.6987012987012977,235.9090909090909,0.0
20220920,21,-0.71,7.877707006369423,90.828025477707,3.4210526315789473,0.0,0.025974025974025976,0,44678.48684210526,1.613636363636363,232.4025974025974,0.0
20220920,22,-0.87,7.373885350318472,92.20382165605096,2.7434210526315788,0.0,0.025974025974025976,0,41397.03947368421,1.5779220779220773,214.93506493506493,0.0
20220920,23,-0.97,6.84076433121019,93.29936305732484,2.25,0.029870129870129866,0.025974025974025976,0,35843.94736842105,1.623376623376624,211.75324675324674,0.0
20220921,00,-1.0,6.410191082802546,94.49044585987261,2.1578947368421053,0.0019480519480519483,0.01948051948051948,0,32033.223684210527,1.601298701298701,214.93506493506493,0.0
20220921,01,-0.97,5.97006369426752,95.171974522293,1.9473684210526316,0.003246753246753247,0.032467532467532464,0,28130.197368421053,1.5889610389610394,203.44155844155844,0.0
20220921,02,-0.87,5.617197452229299,95.5859872611465,2.0921052631578947,0.0025974025974025974,0.032467532467532464,0,24397.17105263158,1.5941558441558448,204.6103896103896,0.0
20220921,03,-0.71,5.247133757961786,96.03184713375796,2.0921052631578947,0.0006493506493506494,0.025974025974025976,0.0,22249.013157894737,1.6123376623376628,209.87012987012986,0.0
20220921,04,-0.5,4.975796178343949,96.22292993630573,2.223684210526316,0.0,0.032467532467532464,0.0,21454.736842105263,1.6188311688311683,204.87012987012986,0.0
20220921,05,-0.26,4.752866242038217,96.29299363057325,2.763157894736842,0.0006493506493506494,0.03896103896103896,0.0,18434.934210526317,1.6331168831168825,202.92207792207793,5.25
20220921,06,-0.0,5.129936305732483,95.52229299363057,3.0065789473684212,0.0012987012987012987,0.03896103896103896,11.657718120805368,20515.723684210527,1.6149350649350653,196.4935064935065,1048.75
20220921,07,0.26,7.218471337579615,90.71337579617834,2.638157894736842,0.0,0.025974025974025976,41.86577181208054,28254.900662251657,1.6136363636363635,194.35064935064935,6809.5
20220921,08,0.5,9.2687898089172,84.86624203821655,2.6447368421052633,0.001948051948051948,0.025974025974025976,45.060402684563755,36202.649006622516,1.738961038961039,194.54545454545453,14815.0
20220921,09,0.71,11.005732484076429,78.26114649681529,2.6447368421052633,0.001948051948051948,0.006493506493506494,46.63758389261745,45468.61842105263,2.003896103896104,193.76623376623377,22753.75
20220921,10,0.87,12.342948717948715,70.8974358974359,2.58,0.0,0.0,46.5,53539.20529801324,2.2679738562091503,200.12987012987014,28270.0
20220921,11,0.97,13.55000000000001,63.6474358974359,2.556291390728477,0.0,0.006493506493506494,46.66891891891892,59466.35761589404,2.5235294117647054,193.92156862745097,30574.0
20220921,12,1.0,14.227564102564106,58.955128205128204,2.801324503311258,0.0,0.01948051948051948,43.979729729729726,61471.52317880795,2.7045751633986934,176.20915032679738,29151.75
20220921,13,0.97,14.611538461538462,56.28846153846154,3.1,0.0,0.05844155844155844,43.75,61555.96026490066,2.7803921568627445,170.0,26788.25
20220921,14,0.87,14.800641025641017,54.416666666666664,3.1666666666666665,0.012337662337662338,0.045454545454545456,43.28378378378378,63887.682119205296,2.7993464052287576,167.64705882352942,23046.0
20220921,15,0.71,14.800641025641024,54.16025641025641,2.9934210526315788,0.005194805194805195,0.03896103896103896,44.75675675675676,64821.65562913907,2.8124183006535954,171.1764705882353,17533.75
20220921,16,0.5,14.221794871794874,56.62820512820513,1.9072847682119205,0.006493506493506494,0.032467532467532464,46.57432432432432,65349.867549668874,2.6862745098039227,170.19607843137254,9903.25
20220921,17,0.26,12.817834394904454,63.68789808917197,1.304635761589404,0.005194805194805195,0.012987012987012988,46.729729729729726,66312.23684210527,2.273856209150327,173.00653594771242,2697.5
20220921,18,0.0,10.578343949044598,74.14012738853503,1.5657894736842106,0.0012987012987012987,0.012987012987012988,7.530201342281879,62866.44736842105,1.8402597402597394,157.72727272727272,68.5
20220921,19,-0.26,9.276433121019112,79.94904458598727,1.5263157894736843,0.0,0.012987012987012988,0.0,58896.18421052631,1.7012987012987013,153.8961038961039,0.0
20220921,20,-0.5,8.321656050955413,84.09554140127389,2.0065789473684212,0.001948051948051948,0.006493506493506494,0.0,56393.61842105263,1.6519480519480523,160.0,0.0
20220921,21,-0.71,7.580254777070066,86.7515923566879,2.361842105263158,0.0,0.01948051948051948,0,50877.23684210526,1.6253246753246742,161.4935064935065,0.0
20220921,22,-0.87,7.045222929936308,88.53503184713375,2.4210526315789473,0.012337662337662337,0.012987012987012988,0,47020.13157894737,1.5961038961038971,168.37662337662337,0.0
20220921,23,-0.97,6.514649681528666,90.10191082802548,2.2828947368421053,0.0071428571428571435,0.006493506493506494,0,44076.90789473684,1.5740259740259743,173.24675324675326,0.0
20220922,00,-1.0,6.154777070063691,90.98089171974522,2.210526315789474,0.0,0.0,0,40899.86842105263,1.534415584415585,189.93506493506493,0.0
20220922,01,-0.97,5.708917197452229,91.72611464968153,1.9736842105263157,0.0,0.006493506493506494,0,38248.28947368421,1.5389610389610398,180.84415584415584,0.0
20220922,02,-0.87,5.468152866242037,92.0828025477707,2.0592105263157894,0.0,0.006493506493506494,0,36485.13157894737,1.5538961038961048,174.2207792207792,0.0
20220922,03,-0.71,5.129936305732485,92.43949044585987,2.0065789473684212,0.003246753246753247,0.01948051948051948,0.0,33272.5,1.5032467532467537,172.27272727272728,0.0
20220922,04,-0.5,4.87388535031847,92.82165605095541,2.0197368421052633,0.00909090909090909,0.032467532467532464,0.0,31811.644736842107,1.515584415584416,180.64935064935065,0.0
20220922,05,-0.26,4.678343949044584,93.31210191082802,2.1973684210526314,0.003246753246753247,0.012987012987012988,0.0,30038.223684210527,1.5487012987012982,173.24675324675326,3.75
20220922,06,-0.0,5.176433121019108,92.2484076433121,2.138157894736842,0.0,0.006493506493506494,14.550335570469798,29555.592105263157,1.5337662337662343,172.4025974025974,1136.25
20220922,07,0.26,7.5687898089172,84.87898089171975,1.5921052631578947,0.0,0.0,50.38255033557047,40235.32894736842,1.4363636363636372,167.7922077922078,7498.75
20220922,08,0.5,9.909554140127398,77.171974522293,1.2171052631578947,0.0,0.0,52.13422818791946,49310.06578947369,1.6935064935064932,157.72727272727272,16778.25
20220922,09,0.71,12.03910256410256,68.9423076923077,1.0394736842105263,0.0,0.0,54.04026845637584,55233.22368421053,1.8948051948051952,152.66233766233765,25493.25
20220922,10,0.87,13.549032258064525,61.29677419354839,1.3112582781456954,0.0,0.0,54.817567567567565,59289.73509933775,2.2287581699346406,149.6103896103896,31084.25
20220922,11,0.97,14.446153846153846,55.782051282051285,1.8410596026490067,0.0,0.0064516129032258064,50.80952380952381,61663.97350993378,2.4751633986928114,141.9607843137255,32843.5
20220922,12,1.0,15.179487179487191,51.967948717948715,2.26,0.0,0.0,49.87074829931973,61937.350993377484,2.6235294117647063,144.7058823529412,31602.0
20220922,13,0.97,15.430128205128211,50.26923076923077,2.56,0.005806451612903226,0.0064516129032258064,45.770270270270274,63043.84105960265,2.628104575163401,138.75816993464053,28569.5
20220922,14,0.87,15.617948717948716,49.23076923076923,2.7094594594594597,0.0,0.0064516129032258064,45.99324324324324,62739.07284768212,2.564285714285714,141.88311688311688,24143.25
20220922,15,0.71,15.479487179487181,49.73717948717949,2.295302013422819,0.0,0.0064516129032258064,47.10738255033557,62680.06622516556,2.5201298701298698,137.85714285714286,17968.25
20220922,16,0.5,14.909615384615389,52.57051282051282,2.1266666666666665,0.0,0.0,46.422818791946305,63030.39735099338,2.36038961038961,125.45454545454545,9980.25
20220922,17,0.26,13.361538461538466,60.01282051282051,2.006622516556291,0.0,0.0,47.92617449664429,63623.708609271525,2.116883116883117,122.72727272727273,2517.25
20220922,18,0.0,10.93503184713376,71.07006369426752,2.210526315789474,0.0,0.0,4.48,62206.97368421053,1.7993548387096763,120.38709677419355,47.0
20220922,19,-0.26,9.600000000000001,77.10828025477707,2.5460526315789473,0.0,0.0,0.0,57277.56578947369,1.7387096774193551,129.67741935483872,0.0
20220922,20,-0.5,8.691719745222935,80.29936305732484,3.0,0.0,0.0,0.0,53908.15789473684,1.744516129032258,133.80645161290323,0.0
20220922,21,-0.71,8.089808917197457,82.4267515923567,3.5328947368421053,0.0,0.0,0,53413.15789473684,1.7670967741935486,144.90322580645162,0.0
20220922,22,-0.87,7.615923566878984,83.53503184713375,4.131578947368421,0.0,0.0,0,51280.59210526316,1.8335483870967735,144.58064516129033,0.0
20220922,23,-0.97,7.141401273885345,84.59235668789809,4.223684210526316,0.0,0.0,0,48243.22368421053,1.8858064516129036,148.6451612903226,0.0
20220923,00,-1.0,6.729936305732488,85.5859872611465,4.559210526315789,0.0,0.0,0,47260.19736842105,1.908387096774193,145.8709677419355,0.0
20220923,01,-0.97,6.3649681528662425,86.42038216560509,4.868421052631579,0.0,0.0,0,45208.81578947369,1.9774193548387098,152.90322580645162,0.0
20220923,02,-0.87,6.109554140127386,86.92993630573248,4.9605263157894735,0.0,0.0,0,44580.26315789474,1.9541935483870962,152.38709677419354,0.0
20220923,03,-0.71,5.775159235668791,87.54777070063695,5.190789473684211,0.0,0.0,0.0,42667.56578947369,1.9754838709677418,150.19354838709677,0.0
20220923,04,-0.5,5.4828025477707,88.4140127388535,5.2894736842105265,0.0,0.0,0.0,40637.69736842105,1.9541935483870962,153.16129032258064,0.0
20220923,05,-0.26,5.284713375796182,88.87261146496816,5.75,0.0,0.0,0.0,38698.61842105263,1.9638709677419353,148.58064516129033,3.0
20220923,06,-0.0,5.878343949044586,87.39490445859873,5.907894736842105,0.0,0.0,14.3,39152.10526315789,1.9103225806451622,153.03225806451613,1241.5
20220923,07,0.26,8.029936305732484,81.13375796178345,6.098684210526316,0.0,0.0,42.03333333333333,45567.63157894737,1.9212903225806448,151.41935483870967,7517.0
20220923,08,0.5,10.304458598726118,74.21019108280255,6.401315789473684,0.0,0.0,49.68,49148.55263157895,2.099999999999999,161.03225806451613,15819.25
20220923,09,0.71,12.438853503184713,66.36305732484077,6.562913907284768,0.0,0.0,53.42,53748.09210526316,2.378205128205128,170.25641025641025,23001.5
20220923,10,0.87,14.059615384615391,60.41025641025641,6.86,0.0,0.0,51.899328859060404,57508.60927152318,2.6535483870967727,178.46153846153845,27539.25
20220923,11,0.97,15.264102564102568,55.73717948717949,7.02,0.0,0.0,50.49664429530201,58777.15231788079,2.8187096774193545,186.38709677419354,29237.75
20220923,12,1.0,16.003846153846155,52.23076923076923,7.406666666666666,0.0,0.0,48.369127516778526,58975.09933774835,2.9309677419354845,191.29032258064515,28532.0
20220923,13,0.97,16.442948717948717,50.94230769230769,7.3,0.0,0.0,43.375838926174495,59940.66225165563,2.9212903225806457,199.03225806451613,25412.25
20220923,14,0.87,16.536538461538466,50.57692307692308,7.446666666666666,0.0,0.0064516129032258064,39.013422818791945,60453.50993377483,2.832903225806451,202.4516129032258,20153.5
20220923,15,0.71,16.324358974358972,52.10897435897436,7.626666666666667,0.0,0.012903225806451613,30.476510067114095,60344.503311258275,2.5754838709677395,207.09677419354838,13608.5
20220923,16,0.5,15.599358974358966,56.60897435897436,7.673333333333333,0.0,0.03870967741935484,21.86577181208054,61091.05960264901,2.2503225806451623,201.74193548387098,6555.0
20220923,17,0.26,13.906410256410258,66.09615384615384,7.8,0.0019354838709677422,0.03225806451612903,6.375838926174497,55105.43046357616,1.7870967741935484,188.96774193548387,1474.25
20220923,18,0.0,12.391082802547777,73.0,7.866666666666666,0.0070967741935483875,0.03870967741935484,0.0,52353.708609271525,1.686451612903226,172.06451612903226,14.25
20220923,19,-0.26,11.571974522292994,76.99363057324841,7.809210526315789,0.012258064516129033,0.07096774193548387,0.0,49590.26315789474,1.659615384615384,170.19230769230768,0.0
20220923,20,-0.5,10.948407643312105,79.75796178343948,7.868421052631579,0.01032258064516129,0.07096774193548387,0.0,47349.40789473684,1.644230769230769,168.14102564102564,0.0
20220923,21,-0.71,10.559235668789805,81.8407643312102,7.848684210526316,0.013548387096774195,0.08387096774193549,0,44315.92105263158,1.6711538461538469,167.56410256410257,0.0
20220923,22,-0.87,10.289808917197453,83.08917197452229,7.875,0.0064516129032258064,0.09032258064516129,0,42769.60526315789,1.6916666666666669,168.14102564102564,0.0
20220923,23,-0.97,10.015923566878982,84.20382165605096,7.875,0.015483870967741937,0.07741935483870968,0,41162.69736842105,1.7019230769230778,169.35897435897436,0.0
20220924,00,-1.0,9.770063694267517,85.60509554140127,7.802631578947368,0.04322580645161291,0.14838709677419354,0,38827.36842105263,1.6948717948717957,164.6153846153846,0.0
20220924,01,-0.97,9.610191082802544,86.53503184713375,7.7631578947368425,0.05741935483870968,0.14838709677419354,0,37562.03947368421,1.6487179487179482,162.43589743589743,0.0
20220924,02,-0.87,9.443949044585981,87.30573248407643,7.572368421052632,0.10064516129032257,0.1870967741935484,0,35768.81578947369,1.6871794871794872,162.69230769230768,0.0
20220924,03,-0.71,9.303821656050962,87.92356687898089,7.565789473684211,0.07792207792207792,0.2012987012987013,0.0,34173.22368421053,1.7121794871794866,169.87179487179486,0.0
20220924,04,-0.5,9.172611464968154,88.7515923566879,7.717105263157895,0.07402597402597402,0.2077922077922078,0.0,31792.236842105263,1.7384615384615383,167.05128205128204,0.0
20220924,05,-0.26,9.09490445859873,89.45859872611464,7.7368421052631575,0.07402597402597405,0.2077922077922078,0.0,31120.592105263157,1.743589743589743,163.97435897435898,1.0
20220924,06,-0.0,9.269426751592357,89.43949044585987,7.717105263157895,0.05324675324675325,0.2662337662337662,0.6933333333333334,30371.57894736842,1.7769230769230773,165.89743589743588,528.75
20220924,07,0.26,10.364968152866242,86.29299363057325,7.5394736842105265,0.061437908496732,0.28104575163398693,8.166666666666666,31599.605263157893,1.751923076923077,155.51282051282053,3623.75
20220924,08,0.5,11.665605095541403,81.72611464968153,7.582781456953643,0.10392156862745096,0.35294117647058826,16.64,34587.69736842105,1.7435897435897436,166.34615384615384,7996.0
20220924,09,0.71,12.950955414012746,77.23566878980891,7.370860927152318,0.10259740259740259,0.38311688311688313,15.826666666666666,36789.67105263158,1.8974358974358967,164.48717948717947,11507.75
20220924,10,0.87,13.962820512820514,73.77564102564102,7.446666666666666,0.045454545454545456,0.3961038961038961,16.503355704697988,37808.079470198674,2.0070967741935486,175.32051282051282,13904.75
20220924,11,0.97,14.652564102564098,71.40384615384616,7.6466666666666665,0.05909090909090909,0.38961038961038963,15.187919463087248,37543.90728476821,2.116774193548387,182.6451612903226,15118.75
20220924,12,1.0,15.060256410256407,70.02564102564102,7.6066666666666665,0.06688311688311685,0.44155844155844154,14.375838926174497,39226.953642384105,2.2612903225806447,189.16129032258064,14926.0
20220924,13,0.97,15.257051282051279,69.89102564102564,7.513333333333334,0.07597402597402594,0.487012987012987,12.825503355704697,37281.05960264901,2.2051612903225797,194.51612903225808,13422.75
20220924,14,0.87,15.141666666666664,71.0448717948718,7.5,0.07922077922077923,0.4935064935064935,11.375838926174497,37410.39735099338,2.1903225806451614,187.5483870967742,10540.5
20220924,15,0.71,14.867307692307696,73.15384615384616,7.493333333333333,0.08311688311688312,0.525974025974026,9.268456375838927,38879.07284768212,2.2019354838709684,185.67741935483872,6927.5
20220924,16,0.5,14.310256410256414,77.36538461538461,7.6,0.18366013071895423,0.5424836601307189,5.577181208053691,35331.05960264901,2.1206451612903234,173.61290322580646,3387.75
20220924,17,0.26,13.42484076433121,82.44585987261146,7.653333333333333,0.24117647058823538,0.5294117647058824,2.1006711409395975,31612.763157894737,1.9832258064516124,171.15384615384616,807.75
20220924,18,0.0,12.60063694267516,86.20382165605096,7.629139072847682,0.17077922077922075,0.5454545454545454,0.02,27572.894736842107,1.9012820512820525,165.57692307692307,8.25
20220924,19,-0.26,12.107643312101905,88.72611464968153,7.5364238410596025,0.16168831168831171,0.538961038961039,0.0,23687.105263157893,1.8852564102564098,169.35897435897436,0.0
20220924,20,-0.5,11.754140127388537,90.05095541401273,7.3907284768211925,0.1285714285714286,0.461038961038961,0.0,22613.026315789473,1.8551282051282054,169.67948717948718,0.0
20220924,21,-0.71,11.452866242038214,91.10828025477707,7.576158940397351,0.14805194805194805,0.44805194805194803,0,20630.13157894737,1.839743589743589,179.87179487179486,0.0
20220924,22,-0.87,11.15987261146496,92.07643312101911,7.386666666666667,0.0935064935064935,0.37012987012987014,0,19789.013157894737,1.7352564102564105,183.2051282051282,0.0
20220924,23,-0.97,10.975159235668794,92.54140127388536,7.286666666666667,0.07532467532467531,0.33116883116883117,0,17544.342105263157,1.6660256410256413,182.43589743589743,0.0
20220925,00,-1.0,10.724203821656053,92.90445859872611,7.033333333333333,0.06363636363636363,0.3116883116883117,0,16977.894736842107,1.6333333333333329,186.15384615384616,0.0
20220925,01,-0.97,10.610828025477707,93.32484076433121,7.139072847682119,0.0805194805194805,0.2987012987012987,0,17709.276315789473,1.7108974358974365,190.0,0.0
20220925,02,-0.87,10.453503184713375,93.71974522292993,7.2781456953642385,0.060389610389610396,0.2987012987012987,0,15600.855263157895,1.7134615384615388,198.07692307692307,0.0
20220925,03,-0.71,10.364331210191086,94.03821656050955,7.357615894039735,0.06688311688311688,0.33116883116883117,0.0,15798.092105263158,1.7737179487179486,205.7051282051282,0.0
20220925,04,-0.5,10.255414012738852,94.28662420382166,7.364238410596027,0.06298701298701295,0.33766233766233766,0.0,14482.368421052632,1.73974358974359,211.4102564102564,0.0
20220925,05,-0.26,10.11146496815286,94.62420382165605,7.225165562913907,0.07727272727272726,0.35064935064935066,0.0,13460.0,1.7352564102564105,200.3846153846154,0.75
20220925,06,-0.0,10.258598726114647,94.54140127388536,7.324503311258278,0.1292207792207792,0.38961038961038963,0.24,13865.986842105263,1.6903846153846154,206.85897435897436,336.25
20220925,07,0.26,10.815923566878979,92.96815286624204,7.132450331125828,0.21688311688311687,0.3116883116883117,3.5533333333333332,16576.842105263157,1.7416666666666663,209.48717948717947,2410.5
20220925,08,0.5,11.647133757961782,89.00636942675159,6.814569536423841,0.12207792207792206,0.3116883116883117,7.413333333333333,20660.0,1.9070512820512835,214.42307692307693,6077.0
20220925,09,0.71,12.496178343949044,84.68152866242038,6.821192052980132,0.12272727272727271,0.24675324675324675,12.453333333333333,25218.223684210527,2.1057692307692317,222.43589743589743,10189.75
20220925,10,0.87,13.217834394904457,80.64331210191082,6.688741721854305,0.0869281045751634,0.2549019607843137,13.54,30308.026315789473,2.289743589743591,231.47435897435898,13722.5
20220925,11,0.97,13.748407643312099,77.56687898089172,6.847682119205298,0.06209150326797386,0.28104575163398693,14.4,34923.94736842105,2.3891025641025636,251.47435897435898,15768.25
20220925,12,1.0,14.039490445859863,75.59872611464968,6.735099337748345,0.12645161290322582,0.33548387096774196,13.226666666666667,36489.86842105263,2.537179487179486,257.94871794871796,16208.5
20220925,13,0.97,14.254777070063703,73.84713375796179,6.71523178807947,0.31806451612903225,0.3419354838709677,13.313333333333333,41455.85526315789,2.6352564102564098,262.88461538461536,15324.25
20220925,14,0.87,14.212101910828027,73.28662420382166,6.662251655629139,0.14838709677419354,0.3161290322580645,14.706666666666667,44744.80263157895,2.783974358974359,265.3205128205128,12992.5
20220925,15,0.71,13.929936305732484,74.52866242038216,6.52317880794702,0.08709677419354836,0.3161290322580645,13.446666666666667,45206.77631578947,2.8455128205128224,267.05128205128204,9334.75
20220925,16,0.5,13.44203821656051,76.71337579617834,6.6092715231788075,0.1890322580645162,0.32903225806451614,13.286666666666667,44107.03947368421,2.733333333333334,265.8974358974359,4964.5
20220925,17,0.26,12.553503184713371,81.0,6.490066225165563,0.13806451612903228,0.2709677419354839,9.52,42581.25,2.464743589743588,258.3333333333333,1175.75
20220925,18,0.0,11.589171974522284,85.45222929936305,6.456953642384106,0.09419354838709676,0.23225806451612904,0.7333333333333333,37708.22368421053,2.162179487179487,263.9102564102564,12.0
20220925,19,-0.26,10.963694267515928,88.14012738853503,6.377483443708609,0.1251612903225807,0.2129032258064516,0.0,35271.51315789474,2.0602564102564114,258.65384615384613,0.0
20220925,20,-0.5,10.497452229299366,89.85350318471338,6.218543046357616,0.10387096774193547,0.2064516129032258,0.0,34193.68421052631,2.153205128205129,253.84615384615384,0.0
20220925,21,-0.71,10.10191082802548,91.29299363057325,6.132450331125828,0.06451612903225806,0.24516129032258063,0,31088.223684210527,2.2564102564102573,246.98717948717947,0.0
20220925,22,-0.87,9.74904458598726,92.01273885350318,6.1655629139072845,0.034193548387096775,0.2,0,29397.434210526317,2.3205128205128216,247.56410256410257,0.0
20220925,23,-0.97,9.516560509554136,92.38216560509554,6.0198675496688745,0.04516129032258064,0.25806451612903225,0,27578.684210526317,2.399999999999999,243.78205128205127,0.0
20220926,00,-1.0,9.375796178343954,92.56050955414013,6.324503311258278,0.06903225806451613,0.24516129032258063,0,28291.315789473683,2.53846153846154,239.74358974358975,0.0
20220926,01,-0.97,9.205732484076437,92.78980891719745,7.218543046357616,0.043506493506493514,0.22077922077922077,0,28394.144736842107,2.6551282051282032,237.94871794871796,0.0
20220926,02,-0.87,9.009554140127387,92.81528662420382,7.576158940397351,0.04193548387096775,0.2129032258064516,0,28765.657894736843,2.7589743589743603,235.19230769230768,0.0
20220926,03,-0.71,8.90254777070064,92.5732484076433,7.655629139072848,0.06838709677419352,0.22580645161290322,0.0,28301.842105263157,2.893589743589743,231.53846153846155,0.0
20220926,04,-0.5,8.833757961783435,92.4968152866242,7.3509933774834435,0.10193548387096774,0.2967741935483871,0.0,26697.763157894737,3.0320512820512806,224.03846153846155,0.0
20220926,05,-0.26,8.660509554140132,92.53503184713375,7.172185430463577,0.1625806451612903,0.32903225806451614,0.0,24927.96052631579,3.1032258064516136,218.2051282051282,1.0
20220926,06,-0.0,8.732484076433124,92.22292993630573,7.217105263157895,0.0896774193548387,0.2967741935483871,1.26,25095.394736842107,3.226451612903225,220.06451612903226,519.0
20220926,07,0.26,9.454140127388536,89.19108280254777,7.243421052631579,0.051612903225806445,0.27741935483870966,11.56,31422.63157894737,3.39032258064516,213.67741935483872,4106.75
20220926,08,0.5,10.486624203821657,84.10828025477707,6.8355263157894735,0.052903225806451605,0.25806451612903225,20.233333333333334,38070.92715231788,3.8503225806451624,215.03225806451613,10080.75
20220926,09,0.71,11.536305732484077,78.72611464968153,6.3355263157894735,0.03354838709677419,0.25806451612903225,24.8,44365.82781456954,4.407741935483874,215.93548387096774,15726.5
20220926,10,0.87,12.27579617834395,74.38853503184713,6.743421052631579,0.044516129032258066,0.25161290322580643,24.153333333333332,48560.39735099338,4.847096774193545,217.2258064516129,18183.0
20220926,11,0.97,12.764331210191079,70.78980891719745,6.629139072847682,0.05096774193548387,0.3225806451612903,20.24,50864.73684210526,5.216129032258063,218.58064516129033,18961.75
20220926,12,1.0,13.095541401273882,68.63694267515923,6.867549668874172,0.09354838709677418,0.44516129032258067,17.086666666666666,51820.46052631579,5.439354838709681,215.67741935483872,17821.25
20220926,13,0.97,13.1452229299363,68.18471337579618,7.059602649006623,0.12451612903225802,0.4967741935483871,12.993333333333334,51653.02631578947,5.424516129032257,211.5483870967742,15482.75
20220926,14,0.87,13.073885350318468,68.51592356687898,6.921052631578948,0.13870967741935492,0.49032258064516127,11.893333333333333,52367.36842105263,5.4780645161290344,212.19354838709677,12341.75
20220926,15,0.71,12.789171974522297,70.24203821656052,7.059210526315789,0.13701298701298706,0.538961038961039,10.94,51267.43421052631,5.296129032258065,209.03225806451613,8845.5
20220926,16,0.5,12.271974522292995,73.20382165605096,7.2105263157894735,0.1603896103896104,0.551948051948052,9.32,50235.46052631579,4.938064516129031,206.70967741935485,4180.75
20220926,17,0.26,11.487898089171976,77.19745222929936,7.467105263157895,0.16103896103896104,0.5909090909090909,2.76,49557.63157894737,4.624516129032258,201.41935483870967,779.5
20220926,18,0.0,10.940764331210195,80.15286624203821,7.453947368421052,0.20324675324675326,0.551948051948052,0.0,47194.34210526316,4.4154838709677415,198.58064516129033,4.75
20220926,19,-0.26,10.716560509554132,81.78980891719745,7.5855263157894735,0.2333333333333334,0.6013071895424836,0.0,43891.18421052631,4.378709677419354,197.5483870967742,0.0
20220926,20,-0.5,10.50828025477707,82.91082802547771,7.6381578947368425,0.3039215686274512,0.6339869281045751,0.0,42681.97368421053,4.478709677419356,198.4516129032258,0.0
20220926,21,-0.71,10.338853503184717,83.90445859872611,7.519736842105263,0.36405228758169933,0.673202614379085,0,41011.84210526316,4.350322580645159,199.29032258064515,0.0
20220926,22,-0.87,10.220382165605095,84.94904458598727,7.651315789473684,0.4155844155844156,0.7012987012987013,0,38684.21052631579,4.278709677419354,201.16129032258064,0.0
20220926,23,-0.97,10.029936305732486,86.05095541401273,7.657894736842105,0.49740259740259746,0.7402597402597403,0,37395.52631578947,4.247741935483872,200.0,0.0
20220927,00,-1.0,9.87388535031847,87.01273885350318,7.690789473684211,0.43181818181818193,0.8116883116883117,0,38058.81578947369,4.203870967741934,202.90322580645162,0.0
20220927,01,-0.97,9.759235668789806,88.31847133757962,7.5855263157894735,0.3883116883116885,0.7987012987012987,0,34840.85526315789,4.143870967741933,204.70967741935485,0.0
20220927,02,-0.87,9.586624203821666,89.21656050955414,7.6381578947368425,0.4584415584415585,0.9090909090909091,0,32577.302631578947,4.152903225806451,208.6451612903226,0.0
20220927,03,-0.71,9.441401273885349,90.12101910828025,7.684210526315789,0.5551948051948052,0.8896103896103896,0.0,31141.25,4.127741935483873,209.61290322580646,0.0
20220927,04,-0.5,9.232484076433126,90.70700636942675,7.546052631578948,0.6337662337662335,0.9155844155844156,0.0,32373.223684210527,4.196774193548387,218.71794871794873,0.0
20220927,05,-0.26,9.055414012738854,91.06369426751593,7.578947368421052,0.4844155844155846,0.9155844155844156,0.0,33539.93421052631,4.322435897435898,223.52564102564102,0.75
20220927,06,-0.0,8.943312101910822,91.30573248407643,7.690789473684211,0.4123376623376625,0.9155844155844156,0.0,31888.947368421053,4.300000000000001,223.46153846153845,194.25
20220927,07,0.26,9.038216560509555,90.71337579617834,7.526315789473684,0.366883116883117,0.9090909090909091,0.7266666666666667,33432.03947368421,4.455128205128204,230.32051282051282,1935.0
20220927,08,0.5,9.335031847133756,89.21656050955414,7.578947368421052,0.28692810457516355,0.8758169934640523,2.4,38035.65789473684,4.723076923076925,232.5,5149.5
20220927,09,0.71,9.626751592356685,87.45222929936305,7.578947368421052,0.2718954248366014,0.8758169934640523,3.8066666666666666,39734.40789473684,4.974358974358976,238.26923076923077,8400.25
20220927,10,0.87,9.990445859872606,85.06369426751593,7.625,0.3344155844155846,0.8766233766233766,5.486666666666666,43151.57894736842,5.213461538461537,241.92307692307693,10837.5
20220927,11,0.97,10.164968152866246,83.10191082802548,7.565789473684211,0.33376623376623377,0.8831168831168831,5.6066666666666665,45606.51315789474,5.334615384615385,245.96153846153845,12963.5
20220927,12,1.0,10.285987261146493,82.43312101910828,7.5855263157894735,0.38766233766233765,0.8961038961038961,7.746666666666667,44027.23684210526,5.416666666666667,246.34615384615384,14118.0
20220927,13,0.97,10.296815286624208,81.54140127388536,7.440789473684211,0.5437908496732025,0.869281045751634,9.013333333333334,49907.63157894737,5.283333333333334,250.7051282051282,14099.0
20220927,14,0.87,10.29235668789809,81.12738853503184,7.407894736842105,0.4071895424836602,0.8235294117647058,10.866666666666667,50321.25,5.096153846153848,249.2948717948718,11670.25
20220927,15,0.71,10.028025477707,81.52229299363057,7.348684210526316,0.3707792207792209,0.7857142857142857,9.3,53647.89473684211,4.8365384615384635,250.57692307692307,8370.25
20220927,16,0.5,9.615923566878978,83.14012738853503,7.368421052631579,0.24350649350649345,0.7792207792207793,7.173333333333333,54212.76315789474,4.391025641025639,247.17948717948718,4187.0
20220927,17,0.26,8.890445859872619,86.21019108280255,7.5,0.3490196078431373,0.7124183006535948,3.9266666666666667,48793.81578947369,4.010256410256412,244.23076923076923,900.0
20220927,18,0.0,8.409554140127383,88.17834394904459,7.3509933774834435,0.2954248366013072,0.6535947712418301,0.04,49863.377483443706,3.5923076923076938,234.74358974358975,5.5
20220927,19,-0.26,8.078343949044584,89.7452229299363,7.344370860927152,0.2493506493506495,0.5844155844155844,0.0,46444.6357615894,3.4574193548387093,225.2258064516129,0.0
20220927,20,-0.5,7.812738853503187,90.5031847133758,7.2105263157894735,0.15806451612903233,0.5419354838709678,0.0,46636.75496688742,3.364743589743591,224.93589743589743,0.0
20220927,21,-0.71,7.6012738853503174,91.45859872611464,7.171052631578948,0.2350649350649351,0.538961038961039,0,44776.02649006622,3.3993589743589743,219.23076923076923,0.0
20220927,22,-0.87,7.4936305732484065,91.72611464968153,7.375,0.22597402597402597,0.512987012987013,0,41914.105960264904,3.3711538461538466,214.23076923076923,0.0
20220927,23,-0.97,7.419108280254778,92.30573248407643,7.3618421052631575,0.25677419354838715,0.5290322580645161,0,39180.79470198676,3.408974358974359,210.0,0.0
20220928,00,-1.0,7.395541401273889,92.64968152866243,7.4868421052631575,0.2729032258064517,0.5612903225806452,0,36517.94701986755,3.3660256410256406,208.07692307692307,0.0
20220928,01,-0.97,7.3356687898089135,92.98089171974522,7.529801324503311,0.37677419354838726,0.5935483870967742,0,32902.91390728477,3.28397435897436,204.74358974358975,0.0
20220928,02,-0.87,7.2636942675159215,93.30573248407643,7.317880794701987,0.38129032258064516,0.6064516129032258,0,31237.6821192053,3.1967948717948715,201.60256410256412,0.0
20220928,03,-0.71,7.1700636942675136,93.68789808917198,7.430463576158941,0.4012903225806451,0.6193548387096774,0.0,26350.46357615894,3.118589743589743,200.0,0.0
20220928,04,-0.5,7.096815286624206,94.08917197452229,7.403973509933775,0.31688311688311704,0.6363636363636364,0.0,25658.145695364237,3.0102564102564107,198.84615384615384,0.0
20220928,05,-0.26,6.991082802547767,94.09554140127389,7.1655629139072845,0.42207792207792216,0.6298701298701299,0.0,24132.052980132452,2.991666666666666,204.87179487179486,1.5
20220928,06,-0.0,7.036305732484076,94.09554140127389,7.3509933774834435,0.33896103896103896,0.564935064935065,0.56,25399.867549668874,2.9211538461538455,205.44871794871796,253.75
20220928,07,0.26,7.431847133757963,92.7515923566879,7.132450331125828,0.32987012987013004,0.5324675324675324,5.48,25488.355263157893,2.873076923076923,211.98717948717947,2046.5
20220928,08,0.5,7.985350318471333,90.35668789808918,7.226666666666667,0.3167741935483872,0.5483870967741935,7.386666666666667,27758.28947368421,2.9237179487179494,219.35897435897436,5155.75
20220928,09,0.71,8.59745222929936,87.00641025641026,7.266666666666667,0.2941558441558443,0.525974025974026,8.315436241610739,33630.13157894737,3.1262820512820526,223.9102564102564,8316.25
20220928,10,0.87,9.047770700636944,84.06369426751593,7.370860927152318,0.2761290322580646,0.4838709677419355,8.671140939597315,37249.14473684211,3.2416666666666676,235.96153846153845,11324.25
20220928,11,0.97,9.506369426751595,81.32484076433121,7.397350993377484,0.28311688311688327,0.525974025974026,9.573333333333334,41880.85526315789,3.294230769230769,245.83333333333334,13453.0
20220928,12,1.0,9.921656050955418,79.07643312101911,7.417218543046357,0.19025974025974027,0.5454545454545454,12.066666666666666,45478.94736842105,3.407051282051282,248.01282051282053,13550.75
20220928,13,0.97,10.119108280254776,77.02547770700637,7.443708609271523,0.1632258064516129,0.5225806451612903,11.8,49410.0,3.4153846153846166,254.48717948717947,12936.75
20220928,14,0.87,10.250955414012742,76.21656050955414,7.28476821192053,0.1798701298701299,0.4935064935064935,12.073333333333334,52479.53947368421,3.3288461538461536,255.96153846153845,11379.0
20220928,15,0.71,10.24458598726115,76.56050955414013,7.19205298013245,0.11688311688311691,0.44155844155844154,13.42,54128.02631578947,3.079487179487181,254.87179487179486,8382.25
20220928,16,0.5,9.822929936305734,78.81528662420382,6.9801324503311255,0.11818181818181818,0.42207792207792205,14.366666666666667,53197.36842105263,2.7493589743589744,254.6153846153846,4225.0
20220928,17,0.26,8.959872611464966,84.04458598726114,6.76158940397351,0.18896103896103897,0.38961038961038963,7.98,49949.60526315789,2.3891025641025627,244.67948717948718,830.5
20220928,18,0.0,8.134394904458599,88.70700636942675,6.569536423841059,0.08376623376623377,0.3051948051948052,0.20666666666666667,45330.52631578947,1.9705128205128204,233.46153846153845,5.5
20220928,19,-0.26,7.664331210191084,91.05732484076434,6.748344370860927,0.07870967741935483,0.25161290322580643,0.0,38596.25,1.9294871794871806,221.53846153846155,0.0
20220928,20,-0.5,7.3063694267515915,92.05732484076434,6.655629139072848,0.10649350649350649,0.22077922077922077,0.0,35765.39473684211,2.0166666666666666,216.21794871794873,0.0
20220928,21,-0.71,6.980254777070066,92.79617834394904,6.225165562913907,0.10974025974025974,0.17532467532467533,0,32326.25,2.0884615384615377,210.64102564102564,0.0
20220928,22,-0.87,6.651592356687896,93.52866242038216,5.7218543046357615,0.04675324675324676,0.15584415584415584,0,31390.526315789473,2.1096153846153842,209.93589743589743,0.0
20220928,23,-0.97,6.347133757961782,94.26751592356688,5.357615894039735,0.020129870129870133,0.11038961038961038,0,28123.61842105263,2.035256410256411,203.71794871794873,0.0
20220929,00,-1.0,6.0662420382165605,94.8343949044586,5.178807947019868,0.00909090909090909,0.06493506493506493,0,26670.855263157893,1.9839743589743601,200.0,0.0
20220929,01,-0.97,5.736305732484077,95.36305732484077,5.516556291390729,0.021935483870967745,0.07741935483870968,0,22909.07894736842,1.9108974358974364,191.66666666666666,0.0
20220929,02,-0.87,5.571974522292995,95.69426751592357,5.483443708609271,0.005161290322580645,0.08387096774193549,0,20390.526315789473,1.7955128205128192,189.2948717948718,0.0
20220929,03,-0.71,5.407006369426749,96.14012738853503,5.854304635761589,0.0025974025974025974,0.11038961038961038,0.0,19592.36842105263,1.7794871794871796,187.24358974358975,0.0
20220929,04,-0.5,5.352866242038217,96.04458598726114,6.158940397350993,0.008441558441558443,0.08441558441558442,0.0,18479.802631578947,1.7717948717948702,186.53846153846155,0.0
20220929,05,-0.26,5.331847133757961,96.11464968152866,6.526315789473684,0.014285714285714284,0.11688311688311688,0.0,17153.552631578947,1.7490322580645155,171.60256410256412,1.0
20220929,06,-0.0,5.429936305732483,96.06369426751593,6.671052631578948,0.03741935483870967,0.12258064516129032,1.6979865771812082,15287.171052631578,1.7316129032258063,176.25806451612902,432.75
20220929,07,0.26,6.512738853503185,93.89808917197452,6.447368421052632,0.06774193548387097,0.14838709677419354,13.322147651006711,19330.0,1.761935483870967,182.69230769230768,3775.25
20220929,08,0.5,7.805095541401279,89.51592356687898,6.223684210526316,0.07806451612903226,0.18064516129032257,21.348993288590606,24923.28947368421,1.9628205128205114,183.9102564102564,9504.75
20220929,09,0.71,9.101273885350317,84.61146496815287,5.821192052980132,0.10193548387096774,0.18064516129032257,25.879194630872483,29824.333333333332,2.133333333333333,194.2948717948718,15494.5
20220929,10,0.87,10.179487179487179,79.65384615384616,5.833333333333333,0.07806451612903224,0.17419354838709677,29.61744966442953,37449.12751677852,2.3012903225806456,196.21794871794873,20065.75
20220929,11,0.97,11.061538461538467,74.58974358974359,6.333333333333333,0.0638709677419355,0.2064516129032258,24.523489932885905,43115.5033557047,2.386451612903227,203.93548387096774,20655.25
20220929,12,1.0,11.648076923076923,71.11538461538461,6.553333333333334,0.11363636363636363,0.22077922077922077,21.288590604026847,49538.666666666664,2.355483870967742,208.83870967741936,18321.25
20220929,13,0.97,11.900000000000004,69.11464968152866,6.967105263157895,0.05649350649350649,0.2857142857142857,17.906040268456376,51567.23684210526,2.266666666666667,210.3846153846154,15350.25
20220929,14,0.87,11.923566878980893,68.57961783439491,6.901315789473684,0.09870967741935484,0.34838709677419355,14.626666666666667,52455.62913907285,2.2070512820512818,215.0,12088.5
20220929,15,0.71,11.712179487179482,70.28205128205128,6.8344370860927155,0.10258064516129031,0.2967741935483871,14.51006711409396,52959.0,2.1724358974358986,204.80769230769232,8339.75
20220929,16,0.5,11.24294871794872,73.93589743589743,6.874172185430464,0.08064516129032256,0.32903225806451614,14.020134228187919,53399.8,2.047096774193547,201.67741935483872,4033.25
20220929,17,0.26,10.109554140127385,80.79617834394904,6.6381578947368425,0.09032258064516126,0.2967741935483871,9.0,50607.350993377484,1.8212903225806456,194.03846153846155,813.5
20220929,18,0.0,8.991719745222934,86.03821656050955,6.657894736842105,0.08064516129032256,0.3161290322580645,0.14666666666666667,44528.67549668874,1.7121794871794869,187.5,4.5
20220929,19,-0.26,8.444585987261144,88.63057324840764,6.447368421052632,0.06645161290322579,0.25806451612903225,0.0,40027.94701986755,1.7416666666666658,175.3846153846154,0.0
20220929,20,-0.5,7.949681528662419,90.2484076433121,5.967105263157895,0.06451612903225806,0.22580645161290322,0.0,36514.23841059603,1.6833333333333336,170.89743589743588,0.0
20220929,21,-0.71,7.526751592356691,91.93630573248407,5.947368421052632,0.07612903225806451,0.25161290322580643,0,32363.443708609273,1.6096153846153844,175.64102564102564,0.0
20220929,22,-0.87,7.091082802547773,93.0,5.980263157894737,0.05290322580645162,0.2129032258064516,0,28752.119205298015,1.6205128205128203,176.34615384615384,0.0
20220929,23,-0.97,6.799363057324838,93.7515923566879,5.493421052631579,0.029677419354838714,0.18064516129032257,0,26819.205298013247,1.541025641025641,179.55128205128204,0.0
20220930,00,-1.0,6.482802547770697,94.2484076433121,4.9868421052631575,0.016774193548387096,0.12258064516129032,0,24344.30463576159,1.5211538461538454,178.07692307692307,0.0
20220930,01,-0.97,6.182165605095541,94.64968152866243,5.098684210526316,0.032258064516129024,0.12258064516129032,0,21203.112582781458,1.5012820512820513,179.16666666666666,0.0
20220930,02,-0.87,5.9866242038216555,94.96815286624204,4.809210526315789,0.003870967741935484,0.10967741935483871,0,20999.205298013247,1.5108974358974352,176.85897435897436,0.0
20220930,03,-0.71,5.820382165605096,94.94267515923566,4.855263157894737,0.0019354838709677422,0.1032258064516129,0.0,20049.735099337748,1.5217948717948713,182.82051282051282,0.0
20220930,04,-0.5,5.551592356687896,95.3312101910828,4.697368421052632,0.004516129032258064,0.08387096774193549,0.0,18071.12582781457,1.5634615384615391,183.65384615384616,0.0
20220930,05,-0.26,5.336305732484077,95.4267515923567,4.605263157894737,0.014193548387096775,0.05806451612903226,0.0,17354.370860927153,1.5500000000000005,173.71794871794873,1.0
20220930,06,-0.0,5.342038216560508,95.52229299363057,4.2631578947368425,0.0,0.05806451612903226,2.6,16146.953642384105,1.5769230769230766,168.78205128205127,427.5
20220930,07,0.26,6.766242038216562,91.18471337579618,4.348684210526316,0.0006451612903225806,0.07741935483870968,27.006666666666668,21633.973509933774,1.6128205128205126,177.94871794871796,4516.0
20220930,08,0.5,8.419108280254784,86.29936305732484,4.125,0.0012903225806451613,0.04516129032258064,33.72,27149.006622516557,1.7166666666666663,184.23076923076923,11166.0
20220930,09,0.71,10.183974358974366,80.15384615384616,3.7019867549668874,0.0,0.012903225806451613,37.86486486486486,34845.03355704698,1.8870967741935474,180.3846153846154,18080.0
20220930,10,0.87,11.725,73.30128205128206,3.2781456953642385,0.0025806451612903226,0.012903225806451613,41.2027027027027,44838.9932885906,2.1767741935483875,184.96774193548387,23834.0
20220930,11,0.97,12.930128205128204,67.34615384615384,3.3245033112582782,0.025806451612903226,0.025806451612903226,44.57046979865772,49395.43624161074,2.5567741935483888,189.16129032258064,26524.5
20220930,12,1.0,13.73846153846154,62.67948717948718,3.8410596026490067,0.0006451612903225806,0.04516129032258064,41.45637583892618,54577.18120805369,2.8651612903225803,195.67741935483872,26199.75
20220930,13,0.97,14.164743589743585,60.14102564102564,3.9403973509933774,0.0070967741935483875,0.03870967741935484,40.12751677852349,56751.74496644295,3.021290322580646,194.6451612903226,23062.75
20220930,14,0.87,14.348717948717946,59.17948717948718,4.370860927152318,0.0,0.025806451612903226,35.939597315436245,58497.04697986577,3.087741935483871,195.09677419354838,18448.75
20220930,15,0.71,14.29294871794872,59.48076923076923,4.0927152317880795,0.0,0.03225806451612903,35.95973154362416,60143.221476510065,3.0974193548387094,202.32258064516128,12840.25
20220930,16,0.5,13.744871794871797,61.98076923076923,2.8940397350993377,0.0,0.0064516129032258064,40.308724832214764,59693.69127516779,2.9374193548387106,201.16129032258064,6575.75
20220930,17,0.26,11.987820512820507,70.8076923076923,2.185430463576159,0.0,0.0064516129032258064,31.71812080536913,55422.75167785235,2.4470967741935485,191.29032258064515,1191.0
20220930,18,0.0,10.34166666666666,78.35897435897436,1.7880794701986755,0.0006451612903225806,0.012903225806451613,0.28859060402684567,50528.18791946309,2.264516129032257,178.5897435897436,2.5
20220930,19,-0.26,9.563694267515917,81.42038216560509,2.223684210526316,0.0012903225806451613,0.025806451612903226,0.0,45774.8,2.394230769230768,181.0897435897436,0.0
20220930,20,-0.5,9.005732484076436,83.40764331210191,2.4342105263157894,0.0006451612903225806,0.01935483870967742,0.0,41113.4,2.5826923076923074,176.0897435897436,0.0
20220930,21,-0.71,8.603821656050956,84.46496815286625,2.8552631578947367,0.0,0.0064516129032258064,0,39240.4,2.745512820512821,181.28205128205127,0.0
20220930,22,-0.87,8.365605095541403,84.90445859872611,3.6578947368421053,0.0,0.0,0,38855.0,2.952564102564103,188.26923076923077,0.0
20220930,23,-0.97,8.221656050955414,85.35031847133757,4.552631578947368,0.0006451612903225806,0.0064516129032258064,0,36948.26666666667,3.096794871794872,191.34615384615384,0.0
20221001,00,-1.0,8.081528662420384,85.76433121019109,5.7894736842105265,0.01161290322580645,0.03225806451612903,0,37573.0,3.346794871794873,183.97435897435898,0.0
20221001,01,-0.97,8.068789808917193,85.87898089171975,6.4605263157894735,0.0464516129032258,0.07096774193548387,0,36994.53333333333,3.6083333333333316,181.28205128205127,0.0
20221001,02,-0.87,8.040127388535035,86.56687898089172,6.875,0.0967741935483871,0.16129032258064516,0,33857.666666666664,3.931410256410256,181.66666666666666,0.0
20221001,03,-0.71,8.182165605095543,87.13375796178345,7.230263157894737,0.22,0.22580645161290322,0.0,31819.133333333335,4.167307692307692,180.25641025641025,0.0
20221001,04,-0.5,8.236305732484077,87.52866242038216,7.421052631578948,0.3729032258064517,0.2903225806451613,0.0,28726.866666666665,4.462179487179484,180.0,0.0
20221001,05,-0.26,8.326114649681529,88.17834394904459,7.559210526315789,0.498709677419355,0.38064516129032255,0.0,26893.466666666667,4.7480769230769235,180.19230769230768,0.5
20221001,06,-0.0,8.602547770700637,88.63694267515923,7.565789473684211,0.5967741935483871,0.4774193548387097,1.5666666666666667,26386.733333333334,4.998076923076919,184.48717948717947,312.25
20221001,07,0.26,9.068789808917199,88.61783439490446,7.592105263157895,0.6290322580645163,0.5741935483870968,2.1,26419.266666666666,5.386538461538462,188.97435897435898,1862.25
20221001,08,0.5,9.604458598726119,88.31210191082802,7.5,0.5896774193548389,0.6387096774193548,2.3266666666666667,29547.4,5.4974358974359,194.55128205128204,3493.25
20221001,09,0.71,10.175159235668792,87.31847133757962,7.5394736842105265,0.5290322580645161,0.6903225806451613,2.2,30576.866666666665,5.708974358974361,200.12820512820514,4921.75
20221001,10,0.87,10.695541401273891,86.7452229299363,7.519736842105263,0.5638709677419352,0.7612903225806451,2.7733333333333334,32084.666666666668,5.941666666666667,205.32051282051282,6473.75
20221001,11,0.97,11.114649681528654,87.0,7.328947368421052,0.4490322580645163,0.8451612903225807,5.053333333333334,33311.333333333336,6.057051282051283,213.5897435897436,7818.0
20221001,12,1.0,11.470512820512825,87.31612903225806,7.3907284768211925,0.4619354838709679,0.8516129032258064,6.053691275167785,35193.13333333333,5.994871794871796,222.17948717948718,8058.25
20221001,13,0.97,11.799358974358976,86.90322580645162,7.19205298013245,0.5694805194805194,0.7857142857142857,7.4630872483221475,38145.77181208054,6.0109677419354846,225.93548387096774,8061.5
20221001,14,0.87,12.16602564102564,85.76129032258065,6.960264900662252,0.4935064935064934,0.7272727272727273,10.04026845637584,44293.75838926175,5.907741935483874,232.06451612903226,8295.5
20221001,15,0.71,12.425641025641028,84.84516129032258,6.76158940397351,0.4064935064935065,0.5974025974025974,12.261744966442953,46214.42953020134,5.82451612903226,236.83870967741936,6524.25
20221001,16,0.5,12.317948717948724,85.23870967741935,6.496688741721854,0.39740259740259753,0.525974025974026,11.456375838926174,49296.10738255033,5.542580645161292,241.09677419354838,3350.5
20221001,17,0.26,11.91602564102564,86.50322580645161,6.079470198675497,0.3402597402597403,0.4935064935064935,7.3355704697986575,48706.97986577181,5.233548387096773,241.09677419354838,589.5
20221001,18,0.0,11.568152866242041,87.83333333333333,5.913907284768212,0.24322580645161287,0.44516129032258067,0.0,47696.26666666667,4.907692307692307,243.07692307692307,2.0
20221001,19,-0.26,11.383439490445857,88.46153846153847,5.565789473684211,0.1980645161290323,0.45806451612903226,0.0,45485.333333333336,4.8544871794871804,243.33333333333334,0.0
20221001,20,-0.5,11.245222929936308,88.83333333333333,5.421052631578948,0.2006451612903226,0.45806451612903226,0.0,45449.6,4.741290322580648,244.6451612903226,0.0
20221001,21,-0.71,11.112101910828027,89.37179487179488,4.947368421052632,0.24064516129032265,0.41935483870967744,0,43319.333333333336,4.776774193548387,245.41935483870967,0.0
20221001,22,-0.87,11.028662420382163,89.73717948717949,4.677631578947368,0.1264516129032258,0.4064516129032258,0,40712.53333333333,4.707741935483871,247.3548387096774,0.0
20221001,23,-0.97,10.872611464968154,90.36538461538461,4.684210526315789,0.15612903225806457,0.3548387096774194,0,39094.13333333333,4.605161290322584,242.96774193548387,0.0
20221002,00,-1.0,10.815923566878986,90.48717948717949,4.993421052631579,0.13548387096774192,0.33548387096774196,0,37457.333333333336,4.496774193548383,242.0,0.0
20221002,01,-0.97,10.824840764331208,90.91666666666667,5.546052631578948,0.10451612903225808,0.34838709677419355,0,34483.73333333333,4.458064516129033,241.5483870967742,0.0
20221002,02,-0.87,10.820382165605103,91.08333333333333,5.723684210526316,0.13677419354838713,0.3225806451612903,0,33465.666666666664,4.478709677419355,234.90322580645162,0.0
20221002,03,-0.71,10.824840764331208,91.35897435897436,5.901315789473684,0.1225806451612903,0.41935483870967744,0.0,32291.333333333332,4.395483870967744,233.29032258064515,0.0
20221002,04,-0.5,10.863694267515928,91.68589743589743,6.223684210526316,0.11677419354838708,0.5290322580645161,0.0,29723.333333333332,4.37677419354839,230.38709677419354,0.0
20221002,05,-0.26,10.86815286624204,92.03205128205128,6.2105263157894735,0.2793548387096776,0.6258064516129033,0.0,26935.333333333332,4.29483870967742,235.29032258064515,0.5
20221002,06,-0.0,11.02165605095542,91.97435897435898,6.3881578947368425,0.3870967741935486,0.6516129032258065,1.1133333333333333,27986.733333333334,4.364516129032256,236.90322580645162,221.25
20221002,07,0.26,11.482165605095542,91.12179487179488,6.427631578947368,0.36064516129032276,0.6129032258064516,10.773333333333333,27808.866666666665,4.361935483870966,237.03225806451613,2365.0
20221002,08,0.5,12.19808917197452,89.30128205128206,6.5,0.4529032258064517,0.6451612903225806,13.273333333333333,29353.733333333334,4.434193548387095,238.83870967741936,6049.0
20221002,09,0.71,12.856050955414013,87.32692307692308,6.631578947368421,0.43225806451612914,0.6258064516129033,14.913333333333334,32690.333333333332,4.690322580645162,242.96774193548387,9666.0
20221002,10,0.87,13.41602564102564,85.08387096774193,6.629139072847682,0.4651612903225804,0.6387096774193548,15.483221476510067,32172.75167785235,4.867096774193549,249.5483870967742,11518.25
20221002,11,0.97,13.799358974358974,83.10967741935484,6.562913907284768,0.42012987012987013,0.6818181818181818,15.758389261744966,33734.89932885906,5.062337662337664,256.75324675324674,12815.0
20221002,12,1.0,14.021794871794873,81.98709677419355,6.317880794701987,0.5428571428571429,0.6363636363636364,16.42281879194631,36743.959731543626,4.999999999999999,263.8961038961039,13370.75
20221002,13,0.97,14.106410256410255,80.7483870967742,6.1655629139072845,0.5993548387096774,0.6516129032258065,19.751677852348994,39705.43624161074,5.04935064935065,265.7792207792208,12661.25
20221002,14,0.87,14.011538461538462,80.46451612903226,5.748344370860927,0.5225806451612902,0.5870967741935483,19.71812080536913,39201.94630872483,5.157142857142858,269.09090909090907,10711.25
20221002,15,0.71,13.69358974358975,80.96129032258065,5.569536423841059,0.5212903225806451,0.6387096774193548,20.093959731543624,41124.69798657718,4.970779220779221,276.5584415584416,7608.25
20221002,16,0.5,13.216025641025649,82.32903225806452,5.19205298013245,0.4470967741935484,0.5419354838709678,20.953020134228186,42360.73825503356,4.601298701298702,277.0779220779221,3598.0
20221002,17,0.26,12.40769230769231,85.15483870967742,4.933774834437086,0.5051612903225807,0.47096774193548385,9.36241610738255,39408.18791946309,4.1123376623376595,280.3246753246753,569.75
20221002,18,0.0,11.773717948717946,87.53548387096774,4.582781456953643,0.46774193548387094,0.45161290322580644,0.06040268456375839,33929.597315436244,3.857142857142858,276.038961038961,1.75
20221002,19,-0.26,11.350641025641027,88.87741935483871,4.377483443708609,0.35161290322580646,0.3419354838709677,0.0,33802.95302013423,3.811038961038961,272.27272727272725,0.0
20221002,20,-0.5,11.052564102564107,89.69032258064516,4.132450331125828,0.4290322580645161,0.27741935483870966,0.0,31850.46979865772,3.7487012987012984,273.8961038961039,0.0
20221002,21,-0.71,10.722435897435899,90.75483870967741,3.7350993377483444,0.3212903225806452,0.24516129032258063,0,30060.805369127516,3.7292207792207788,274.93506493506493,0.0
20221002,22,-0.87,10.353205128205124,91.83225806451613,3.947019867549669,0.19483870967741937,0.1935483870967742,0,27732.88590604027,3.6785714285714293,270.64935064935065,0.0
20221002,23,-0.97,10.111538461538462,92.31612903225806,4.039735099337748,0.10129032258064515,0.1870967741935484,0,24541.543624161073,3.6889610389610383,269.87012987012986,0.0
20221003,00,-1.0,9.855769230769234,93.01290322580645,4.2052980132450335,0.054838709677419356,0.1870967741935484,0,21833.758389261744,3.6597402597402584,273.1818181818182,0.0
20221003,01,-0.97,9.648407643312105,93.31410256410257,4.556291390728477,0.0529032258064516,0.22580645161290322,0,21594.066666666666,3.6818181818181834,268.19354838709677,0.0
20221003,02,-0.87,9.596178343949047,93.15384615384616,5.065789473684211,0.020645161290322584,0.1870967741935484,0,20867.666666666668,3.730967741935481,267.93548387096774,0.0
20221003,03,-0.71,9.442038216560508,93.26282051282051,5.401315789473684,0.029032258064516134,0.23225806451612904,0.0,20079.6,3.703225806451613,264.258064516129,0.0
20221003,04,-0.5,9.286624203821653,93.55128205128206,5.565789473684211,0.03354838709677419,0.25806451612903225,0.0,19339.866666666665,3.61677419354839,261.0967741935484,0.0
20221003,05,-0.26,9.213375796178346,93.65384615384616,5.822368421052632,0.029677419354838707,0.3032258064516129,0.0,18756.066666666666,3.6012903225806485,264.0,0.0
20221003,06,-0.0,9.227388535031842,93.71153846153847,5.940789473684211,0.029677419354838707,0.2967741935483871,0.2733333333333333,19052.533333333333,3.5019354838709673,263.741935483871,233.75
20221003,07,0.26,9.815923566878988,91.98717948717949,6.0,0.03225806451612903,0.3032258064516129,12.973333333333333,21122.6,3.463870967741936,259.80645161290323,3143.25
20221003,08,0.5,10.75605095541401,88.37820512820512,6.026315789473684,0.011612903225806452,0.23870967741935484,19.906666666666666,26246.912751677854,3.6819354838709657,261.4193548387097,8656.75
20221003,09,0.71,11.698076923076924,83.85806451612903,6.039735099337748,0.012903225806451613,0.2,22.48993288590604,31525.675675675677,3.9296774193548374,261.16129032258067,14479.5
20221003,10,0.87,12.54294871794872,79.29032258064517,5.9801324503311255,0.005806451612903226,0.17419354838709677,22.21476510067114,38332.63513513513,4.186363636363637,272.987012987013,18941.25
20221003,11,0.97,13.21474358974359,74.81935483870967,6.317880794701987,0.005161290322580645,0.23870967741935484,23.630872483221477,43146.35135135135,4.313636363636362,272.4025974025974,20203.25
20221003,12,1.0,13.666025641025636,72.54193548387097,6.490066225165563,0.007142857142857142,0.2597402597402597,20.986577181208055,46487.77027027027,4.284415584415584,273.6363636363636,19141.25
20221003,13,0.97,14.048076923076918,70.43870967741935,6.47682119205298,0.0019480519480519483,0.18831168831168832,22.77181208053691,48745.33783783784,4.268831168831168,274.93506493506493,17099.25
20221003,14,0.87,14.042307692307695,70.0,6.549668874172186,0.0,0.16233766233766234,21.845637583892618,50102.09459459459,4.238961038961041,266.8831168831169,14159.0
20221003,15,0.71,13.851923076923077,71.50967741935484,6.569536423841059,0.013636363636363637,0.14935064935064934,20.13422818791946,49184.93243243243,3.953896103896103,268.31168831168833,9890.75
20221003,16,0.5,13.357692307692313,74.23225806451613,6.225165562913907,0.0019480519480519483,0.11688311688311688,18.966442953020135,48935.33783783784,3.5974025974025983,262.0779220779221,4654.5
20221003,17,0.26,12.233974358974361,80.10322580645162,6.430463576158941,0.0025806451612903226,0.1032258064516129,7.845637583892618,44977.90540540541,3.1272727272727256,253.11688311688312,738.0
20221003,18,0.0,11.16987179487179,84.94193548387096,6.403973509933775,0.0012903225806451613,0.07741935483870968,0.0,40450.67567567567,2.7811688311688303,240.45454545454547,0.5
20221003,19,-0.26,10.508917197452226,87.96794871794872,6.344370860927152,0.007741935483870968,0.10967741935483871,0.0,36432.68456375839,2.7441558441558453,231.93548387096774,0.0
20221003,20,-0.5,9.942675159235668,89.97435897435898,5.355263157894737,0.014193548387096775,0.06451612903225806,0.0,33023.08724832215,2.6464516129032254,225.3548387096774,0.0
20221003,21,-0.71,9.468152866242033,91.42307692307692,4.967105263157895,0.03290322580645161,0.04516129032258064,0,29483.020134228187,2.576129032258065,222.4516129032258,0.0
20221003,22,-0.87,9.154777070063696,91.98076923076923,4.980263157894737,0.0058441558441558435,0.05194805194805195,0,28474.42953020134,2.609677419354838,217.2258064516129,0.0
20221003,23,-0.97,8.77261146496815,92.7051282051282,5.401315789473684,0.0019354838709677422,0.06451612903225806,0,25925.906040268455,2.5141935483870976,218.32258064516128,0.0
20221004,00,-1.0,8.511464968152866,93.32692307692308,5.625,0.0025806451612903226,0.05161290322580645,0,25689.798657718122,2.4883870967741926,216.70967741935485,0.0
20221004,01,-0.97,8.301273885350321,93.60897435897436,6.0,0.0012903225806451613,0.05161290322580645,0,23957.51677852349,2.492258064516129,215.09677419354838,0.0
20221004,02,-0.87,8.108917197452227,94.06410256410257,6.532894736842105,0.005161290322580645,0.05806451612903226,0,22813.691275167785,2.4232258064516135,211.48387096774192,0.0
20221004,03,-0.71,7.9388535031847125,94.39102564102564,6.980263157894737,0.0012903225806451613,0.05806451612903226,0.0,21537.44966442953,2.3180645161290325,209.67741935483872,0.0
20221004,04,-0.5,7.75796178343949,94.61538461538461,7.315789473684211,0.0,0.06451612903225806,0.0,21347.78523489933,2.3045161290322578,211.93548387096774,0.0
20221004,05,-0.26,7.687898089171977,94.74358974358974,7.578947368421052,0.0006451612903225806,0.03870967741935484,0.0,21455.6,2.303870967741936,203.16129032258064,0.0
20221004,06,-0.0,7.781528662420382,94.32692307692308,7.7105263157894735,0.0006451612903225806,0.04516129032258064,0.6466666666666666,23109.733333333334,2.3051612903225798,194.25806451612902,262.5
20221004,07,0.26,8.626751592356683,92.76923076923077,7.605263157894737,0.0,0.025806451612903226,6.98,25798.466666666667,2.3173076923076925,193.78205128205127,3032.75
20221004,08,0.5,9.840384615384611,88.8,7.6158940397351,0.0,0.01935483870967742,14.756756756756756,31345.838926174496,2.4006410256410255,193.14102564102564,7668.5
20221004,09,0.71,11.267948717948727,83.58064516129032,7.569536423841059,0.0,0.01935483870967742,22.81756756756757,36278.05369127517,2.602580645161292,194.96774193548387,13606.75
20221004,10,0.87,12.803846153846155,77.29032258064517,7.046357615894039,0.0,0.0,34.13422818791946,42973.55704697986,2.8954838709677415,200.19354838709677,20368.0
20221004,11,0.97,14.150641025641022,70.99354838709678,6.198675496688741,0.0,0.0,43.51677852348993,48025.03355704698,3.211612903225806,203.74193548387098,25940.75
20221004,12,1.0,15.244230769230768,66.21290322580646,5.145695364238411,0.0,0.0064516129032258064,49.83221476510067,50852.61744966443,3.3561290322580635,200.6451612903226,28186.75
20221004,13,0.97,15.918589743589736,63.251612903225805,4.291390728476821,0.0,0.0,52.38926174496644,53595.30201342282,3.4509677419354836,200.19354838709677,27152.75
20221004,14,0.87,16.33653846153845,61.24516129032258,3.5165562913907285,0.0,0.0,53.630872483221474,54215.23489932886,3.410967741935484,197.74193548387098,23019.5
20221004,15,0.71,16.322435897435906,61.66451612903226,2.8466666666666667,0.0,0.0,55.67785234899329,54570.26845637584,3.4201298701298706,191.88311688311688,15888.75
20221004,16,0.5,15.528205128205132,65.71612903225807,2.8266666666666667,0.0,0.0,55.02013422818792,55198.25503355705,3.19483870967742,187.80645161290323,6973.75
20221004,17,0.26,13.466025641025645,74.98064516129033,3.728476821192053,0.0,0.0,26.463087248322147,51500.87248322148,2.690322580645161,180.19354838709677,811.5
20221004,18,0.0,12.005769230769236,81.14838709677419,4.3907284768211925,0.0,0.0,0.0,46943.55704697986,2.5154838709677434,172.96774193548387,0.25
20221004,19,-0.26,11.29679487179487,83.68387096774194,5.178807947019868,0.0,0.0,0.0,42806.778523489935,2.6535483870967735,175.41935483870967,0.0
20221004,20,-0.5,10.826282051282055,84.8,5.9801324503311255,0.0,0.0,0.0,41486.44295302014,2.752903225806451,179.5483870967742,0.0
20221004,21,-0.71,10.441025641025643,85.72258064516129,6.231788079470198,0.0,0.0,0,39623.154362416106,2.820645161290321,177.5483870967742,0.0
20221004,22,-0.87,10.22179487179487,86.16774193548387,6.304635761589404,0.0,0.0064516129032258064,0,38590.536912751675,2.9599999999999995,190.1290322580645,0.0
20221004,23,-0.97,9.992307692307694,86.30322580645161,6.503311258278146,0.0,0.0064516129032258064,0,38885.43624161074,3.001290322580646,186.7741935483871,0.0
20221005,00,-1.0,9.823717948717945,86.72258064516129,6.437086092715232,0.0,0.0,0,37798.85906040268,3.058709677419355,192.96774193548387,0.0
20221005,01,-0.97,9.608974358974352,87.48387096774194,6.503311258278146,0.0,0.0064516129032258064,0,36936.778523489935,3.132258064516129,191.61290322580646,0.0
20221005,02,-0.87,9.458333333333332,87.78709677419354,6.887417218543046,0.0012903225806451613,0.01935483870967742,0,35006.711409395975,3.2096774193548385,187.5483870967742,0.0
20221005,03,-0.71,9.24458598726115,88.53205128205128,6.546052631578948,0.0,0.025806451612903226,0.0,32903.46666666667,3.1942307692307685,193.97435897435898,0.0
20221005,04,-0.5,9.211464968152873,88.8525641025641,6.223684210526316,0.0,0.03225806451612903,0.0,32978.666666666664,3.2923076923076917,191.92307692307693,0.0
20221005,05,-0.26,9.134394904458595,89.31410256410257,6.598684210526316,0.0019354838709677422,0.03225806451612903,0.0,31764.666666666668,3.3346153846153843,187.17948717948718,0.0
20221005,06,-0.0,9.323717948717949,89.00645161290322,6.337748344370861,0.0006451612903225806,0.025806451612903226,1.3355704697986577,32336.375838926175,3.4775641025641013,185.83333333333334,326.25
20221005,07,0.26,10.47628205128205,86.32903225806452,6.36,0.0,0.032467532467532464,20.52027027027027,34532.43243243243,3.5548387096774188,187.03225806451613,4307.0
20221005,08,0.5,12.045512820512824,82.40645161290323,6.486666666666666,0.0,0.012987012987012988,27.804054054054053,37827.36486486487,3.8214285714285707,192.72727272727272,10739.5
20221005,09,0.71,13.560256410256407,77.98709677419355,6.416107382550336,0.0,0.0,29.98639455782313,42204.86486486487,4.243506493506493,194.80519480519482,16605.25
20221005,10,0.87,14.979487179487178,73.92903225806451,6.496644295302014,0.0,0.0,31.959183673469386,44879.12162162162,4.551298701298703,199.87012987012986,21096.75
20221005,11,0.97,16.237179487179485,69.75641025641026,6.378378378378378,0.0,0.0,34.25,49633.24324324324,4.9610389610389625,207.2077922077922,23913.0
20221005,12,1.0,17.163870967741925,66.6258064516129,6.238095238095238,0.0,0.0,38.04081632653061,54097.95918367347,5.379220779220779,210.19480519480518,25092.25
20221005,13,0.97,17.89741935483873,64.2258064516129,5.6375838926174495,0.0,0.0,41.763513513513516,53707.074829931975,5.559999999999999,212.25806451612902,23650.75
20221005,14,0.87,18.305769230769226,63.083333333333336,5.29054054054054,0.0,0.0,44.06122448979592,55935.2027027027,5.526451612903227,209.29032258064515,19810.75
20221005,15,0.71,18.296153846153846,63.80769230769231,4.966442953020135,0.0,0.0,44.0,57963.154362416106,5.308387096774193,208.70967741935485,13457.0
20221005,16,0.5,17.628205128205135,66.83974358974359,4.912751677852349,0.0,0.0,40.74829931972789,57950.536912751675,4.943870967741936,202.83870967741936,5919.25
20221005,17,0.26,16.237179487179485,72.58333333333333,4.873333333333333,0.0,0.0,22.094594594594593,54813.288590604025,4.4316129032258065,199.3548387096774,752.25
20221005,18,0.0,15.29487179487178,76.60897435897436,4.746666666666667,0.0,0.0,0.006711409395973154,53237.18120805369,4.2967741935483845,198.58064516129033,0.5
20221005,19,-0.26,14.94102564102563,77.68589743589743,4.470198675496689,0.0,0.012987012987012988,0.0,52677.65100671141,4.434193548387096,203.8709677419355,0.0
20221005,20,-0.5,14.683974358974357,78.41025641025641,4.490066225165563,0.0006493506493506494,0.03896103896103896,0.0,52355.906040268455,4.64193548387097,206.51612903225808,0.0
20221005,21,-0.71,14.56794871794872,78.58974358974359,4.258278145695364,0.00974025974025974,0.07142857142857142,0,51521.14093959732,4.794838709677423,207.03225806451613,0.0
20221005,22,-0.87,14.224358974358971,80.16025641025641,4.132450331125828,0.014935064935064937,0.12987012987012986,0,50726.644295302016,4.820645161290322,212.4516129032258,0.0
20221005,23,-0.97,13.974358974358983,80.9423076923077,3.9072847682119205,0.025324675324675323,0.15584415584415584,0,52024.093959731545,4.77741935483871,219.29032258064515,0.0
20221006,00,-1.0,13.727564102564102,81.83333333333333,4.28476821192053,0.01818181818181818,0.19480519480519481,0,50594.161073825504,4.7632258064516115,225.8709677419355,0.0
20221006,01,-0.97,13.310897435897436,82.68589743589743,4.158940397350993,0.044805194805194806,0.2077922077922078,0,49838.32214765101,4.814838709677421,228.6451612903226,0.0
20221006,02,-0.87,13.003846153846158,82.96794871794872,4.417218543046357,0.052597402597402594,0.2077922077922078,0,47443.62416107383,4.87548387096774,230.83870967741936,0.0
20221006,03,-0.71,12.575641025641024,83.48717948717949,4.258278145695364,0.016233766233766232,0.2077922077922078,0.0,47394.89932885906,4.856129032258063,234.38709677419354,0.0
20221006,04,-0.5,12.321794871794868,83.67948717948718,4.271523178807947,0.01038961038961039,0.22077922077922077,0.0,45081.409395973154,4.634193548387097,236.06451612903226,0.0
20221006,05,-0.26,12.066025641025638,83.12820512820512,4.344370860927152,0.00974025974025974,0.18831168831168832,0.0,45297.51677852349,4.576774193548389,241.03225806451613,0.0
20221006,06,-0.0,11.725000000000001,83.3076923076923,4.112582781456954,0.01103896103896104,0.18831168831168832,0.738255033557047,42559.6644295302,4.414838709677416,240.90322580645162,260.5
20221006,07,0.26,12.299358974358974,80.98709677419355,3.7333333333333334,0.005844155844155845,0.14935064935064934,25.684563758389263,42755.54054054054,4.27677419354839,246.32258064516128,3601.25
20221006,08,0.5,13.265384615384622,76.66451612903226,3.88,0.007894736842105263,0.07236842105263158,38.422818791946305,43783.17567567567,4.529220779220778,249.4805194805195,10517.0
20221006,09,0.71,14.073717948717944,71.52903225806452,4.073333333333333,0.006578947368421052,0.08552631578947369,40.47651006711409,45259.59459459459,4.949350649350648,257.9220779220779,17904.25
20221006,10,0.87,14.839102564102562,66.78205128205128,4.2052980132450335,0.0006493506493506494,0.05844155844155844,41.75,47538.91891891892,5.045806451612902,261.03225806451616,22870.75
20221006,11,0.97,15.541666666666666,62.5,3.7880794701986753,0.0,0.01948051948051948,44.45945945945946,49934.18918918919,5.085161290322581,269.6774193548387,25676.75
20221006,12,1.0,16.076282051282057,59.10897435897436,2.9735099337748343,0.0,0.0,46.53378378378378,49386.48648648649,5.031612903225805,264.64516129032256,26391.0
20221006,13,0.97,16.426282051282055,56.8974358974359,2.615894039735099,0.0,0.0,48.8445945945946,50833.37837837838,4.850967741935483,263.2258064516129,25093.75
20221006,14,0.87,16.520512820512824,56.27564102564103,2.357615894039735,0.0,0.006493506493506494,51.1554054054054,51590.06756756757,4.707741935483869,257.8709677419355,21046.75
20221006,15,0.71,16.288461538461544,56.42948717948718,1.9933774834437086,0.0,0.012987012987012988,52.27210884353742,52936.95945945946,4.37225806451613,249.74193548387098,14272.75
20221006,16,0.5,15.418589743589742,59.97435897435897,1.6887417218543046,0.0,0.006493506493506494,52.97278911564626,53387.16216216216,3.771612903225807,246.1290322580645,6106.0
20221006,17,0.26,13.352564102564092,69.03205128205128,1.794701986754967,0.0,0.0,24.006802721088434,49678.04054054054,2.8509677419354835,227.41935483870967,658.5
20221006,18,0.0,11.729487179487178,76.32692307692308,1.7350993377483444,0.0,0.0,0.0,46742.09459459459,2.401290322580645,200.6451612903226,0.25
20221006,19,-0.26,10.737820512820507,80.02564102564102,1.6887417218543046,0.0,0.0,0.0,44847.43243243243,2.3238709677419354,182.70967741935485,0.0
20221006,20,-0.5,10.045512820512824,82.35897435897436,1.8079470198675496,0.0,0.0,0.0,42040.3355704698,2.3335483870967737,185.2258064516129,0.0
20221006,21,-0.71,9.388461538461543,84.68589743589743,1.6225165562913908,0.0,0.0,0,40130.20134228188,2.27741935483871,188.83870967741936,0.0
20221006,22,-0.87,8.770512820512822,86.48717948717949,1.814569536423841,0.0,0.0,0,37725.36912751678,2.273548387096773,189.80645161290323,0.0
20221006,23,-0.97,8.283333333333337,87.92948717948718,1.9933774834437086,0.0,0.006493506493506494,0,36236.91275167785,2.296774193548388,188.1290322580645,0.0
20221007,00,-1.0,7.9318471337579615,88.72611464968153,2.1258278145695364,0.0,0.0,0,35388.18791946309,2.299999999999999,176.47435897435898,0.0
20221007,01,-0.97,7.578343949044589,89.36305732484077,2.026315789473684,0.0,0.0,0,33887.31543624161,2.299358974358974,171.28205128205127,0.0
20221007,02,-0.87,7.3140127388535054,90.01273885350318,2.2171052631578947,0.0,0.0,0,32710.335570469797,2.3211538461538455,176.28205128205127,0.0
20221007,03,-0.71,7.137579617834391,90.52229299363057,2.473684210526316,0.0,0.006493506493506494,0.0,32124.89932885906,2.3564102564102556,167.75641025641025,0.0
20221007,04,-0.5,6.9687898089171965,90.93630573248407,2.5328947368421053,0.0,0.0,0.0,30925.03355704698,2.3461538461538467,170.3846153846154,0.0
20221007,05,-0.26,6.853503184713374,91.52229299363057,2.8092105263157894,0.0006493506493506494,0.012987012987012988,0.0,28713.355704697988,2.3371794871794878,171.28205128205127,0.0
20221007,06,-0.0,6.868789808917197,91.36305732484077,3.0197368421052633,0.0,0.006493506493506494,2.0939597315436242,28351.879194630874,2.3666666666666676,169.80769230769232,314.0
20221007,07,0.26,8.287261146496816,87.01273885350318,3.164473684210526,0.0,0.0064516129032258064,34.85906040268456,32011.208053691276,2.450641025641027,170.7051282051282,4263.5
20221007,08,0.5,10.360897435897432,80.83974358974359,3.052980132450331,0.0006493506493506494,0.006493506493506494,45.62162162162162,37220.40540540541,2.6212903225806463,178.39743589743588,11585.5
20221007,09,0.71,12.376282051282052,74.71153846153847,3.642384105960265,0.0,0.0,48.148648648648646,40812.281879194634,2.932903225806452,192.0,18551.0
20221007,10,0.87,14.027096774193556,69.21290322580646,4.08,0.0,0.006493506493506494,49.89795918367347,43054.66216216216,3.2767741935483867,192.06451612903226,23579.25
20221007,11,0.97,15.292903225806446,65.16129032258064,4.493333333333333,0.0,0.0,52.42176870748299,44609.05405405405,3.675974025974023,200.45454545454547,26524.5
20221007,12,1.0,16.14709677419355,62.148387096774194,5.22,0.0,0.0,51.80952380952381,46050.94594594595,3.8831168831168825,217.33766233766235,26509.0
20221007,13,0.97,16.74451612903226,60.20645161290322,5.593333333333334,0.0,0.0,52.14965986394558,48263.58108108108,3.8603896103896074,215.0,24145.25
20221007,14,0.87,16.91483870967742,60.096774193548384,5.786666666666667,0.0,0.0,50.374149659863946,46086.95945945946,3.725974025974024,217.5974025974026,19604.0
20221007,15,0.71,16.665806451612912,61.44516129032258,5.953333333333333,0.0,0.0,49.49659863945578,48785.2027027027,3.554545454545456,211.42857142857142,12801.5
20221007,16,0.5,15.700000000000003,66.33548387096774,5.773333333333333,0.0,0.006535947712418301,46.3469387755102,47190.60810810811,3.1792207792207763,208.83116883116884,5141.5
20221007,17,0.26,13.627741935483868,75.39354838709677,6.306666666666667,0.0,0.0,12.054421768707483,41348.44594594595,2.533766233766233,197.14285714285714,496.5
20221007,18,0.0,12.282692307692308,81.16666666666667,6.635761589403973,0.0,0.0,0.0,37538.05369127517,2.4103225806451603,181.03225806451613,0.25
20221007,19,-0.26,11.671153846153844,83.49358974358974,6.602649006622516,0.0,0.0,0.0,34759.73154362416,2.597419354838711,184.51612903225808,0.0
20221007,20,-0.5,11.192307692307692,85.40384615384616,6.569536423841059,0.0,0.006493506493506494,0.0,32765.973154362415,2.6819354838709675,187.5483870967742,0.0
20221007,21,-0.71,10.807051282051281,86.52564102564102,6.788079470198675,0.0,0.006493506493506494,0,30946.912751677854,2.6741935483870964,194.4516129032258,0.0
20221007,22,-0.87,10.556410256410254,87.23717948717949,6.629139072847682,0.03116883116883117,0.01948051948051948,0,31225.637583892618,2.8064516129032246,189.93548387096774,0.0
20221007,23,-0.97,10.253846153846155,88.43589743589743,6.788079470198675,0.02792207792207792,0.032467532467532464,0,28886.040268456374,2.838709677419356,189.2258064516129,0.0
20221008,00,-1.0,10.091666666666661,89.32051282051282,6.655629139072848,0.048051948051948054,0.045454545454545456,0,28271.812080536914,2.898709677419355,205.41935483870967,0.0
20221008,01,-0.97,10.052564102564103,89.78846153846153,6.5364238410596025,0.07337662337662339,0.08441558441558442,0,27647.65100671141,2.9058064516129036,202.70967741935485,0.0
20221008,02,-0.87,10.100641025641025,90.08974358974359,6.66887417218543,0.022727272727272728,0.11688311688311688,0,25843.959731543626,2.9774193548387093,207.5483870967742,0.0
20221008,03,-0.71,10.01089743589744,90.49358974358974,6.7947019867549665,0.023376623376623377,0.14935064935064934,0.0,25535.5033557047,2.984516129032258,211.74193548387098,0.0
20221008,04,-0.5,9.942307692307685,90.87820512820512,6.516556291390729,0.02142857142857143,0.18831168831168832,0.0,24944.89932885906,2.8754838709677415,211.2258064516129,0.0
20221008,05,-0.26,9.893589743589743,91.2051282051282,6.635761589403973,0.02337662337662338,0.16233766233766234,0.0,24225.973154362415,2.9806451612903224,213.67741935483872,0.0
20221008,06,-0.0,9.88205128205128,91.4551282051282,6.6158940397351,0.011038961038961041,0.22077922077922077,0.10135135135135136,23110.53691275168,2.9974193548387094,216.0,154.75
20221008,07,0.26,10.632051282051282,89.67948717948718,6.635761589403973,0.027272727272727275,0.17532467532467533,8.108108108108109,25898.187919463086,3.0638709677419347,219.67741935483872,2407.75
20221008,08,0.5,11.671794871794878,85.5576923076923,6.774834437086093,0.02077922077922078,0.2012987012987013,16.89189189189189,30395.906040268455,3.394838709677419,229.2258064516129,6711.75
20221008,09,0.71,12.685256410256413,80.74358974358974,6.940397350993377,0.032467532467532464,0.2012987012987013,19.14189189189189,34805.973154362415,3.8554838709677406,239.67741935483872,11708.25
20221008,10,0.87,13.36602564102564,76.73076923076923,6.827814569536423,0.07857142857142856,0.3246753246753247,20.027027027027028,39288.18791946309,4.340645161290321,245.93548387096774,15413.5
20221008,11,0.97,13.87756410256411,72.82692307692308,6.437086092715232,0.030519480519480516,0.2857142857142857,21.9527027027027,43428.523489932886,4.7516129032258085,259.61290322580646,16857.5
20221008,12,1.0,14.12628205128205,70.89102564102564,6.19205298013245,0.053896103896103886,0.3116883116883117,24.45945945945946,46194.56375838926,4.926451612903226,266.7741935483871,16873.5
20221008,13,0.97,14.049358974358965,69.4551282051282,6.052980132450331,0.09610389610389607,0.38961038961038963,23.972972972972972,45884.8322147651,4.8858064516129005,271.741935483871,15419.75
20221008,14,0.87,14.053846153846154,68.23717948717949,5.2781456953642385,0.07142857142857142,0.42857142857142855,26.97972972972973,48392.01342281879,4.814193548387097,273.48387096774195,13074.75
20221008,15,0.71,13.684615384615386,68.92948717948718,4.781456953642384,0.15324675324675321,0.33766233766233766,30.93918918918919,50409.328859060406,4.641290322580648,273.61290322580646,9361.5
20221008,16,0.5,12.887820512820516,71.82051282051282,4.112582781456954,0.1506493506493507,0.3116883116883117,31.72972972972973,48408.12080536913,4.158709677419355,278.83870967741933,4057.75
20221008,17,0.26,11.455769230769228,77.18589743589743,3.19205298013245,0.09675324675324676,0.33116883116883117,14.702702702702704,47803.221476510065,3.456774193548386,274.96774193548384,457.0
20221008,18,0.0,10.33076923076923,81.38461538461539,2.4900662251655628,0.028571428571428567,0.16883116883116883,0.0,45994.22818791946,2.983225806451614,266.3225806451613,0.25
20221008,19,-0.26,9.43653846153846,84.76282051282051,1.9403973509933774,0.026623376623376625,0.07792207792207792,0.0,42892.34899328859,2.7877419354838713,245.2258064516129,0.0
20221008,20,-0.5,8.856410256410253,86.26282051282051,1.8079470198675496,0.012337662337662338,0.05844155844155844,0.0,41004.22818791946,2.7451612903225824,229.2258064516129,0.0
20221008,21,-0.71,8.382051282051282,87.85897435897436,1.8211920529801324,0.00909090909090909,0.032467532467532464,0,37796.778523489935,2.6870967741935496,223.8709677419355,0.0
20221008,22,-0.87,7.805769230769234,89.23717948717949,1.6887417218543046,0.004545454545454545,0.03896103896103896,0,34564.22818791946,2.610967741935484,218.4516129032258,0.0
20221008,23,-0.97,7.3166666666666655,90.66025641025641,1.7019867549668874,0.0071428571428571435,0.045454545454545456,0,32674.362416107382,2.533548387096776,210.19354838709677,0.0
20221009,00,-1.0,6.848717948717951,91.75,1.7417218543046358,0.0,0.03896103896103896,0,30105.43624161074,2.403225806451612,201.29032258064515,0.0
20221009,01,-0.97,6.373076923076922,92.96794871794872,1.6490066225165563,0.0006493506493506494,0.025974025974025976,0,27200.40268456376,2.4206451612903215,196.19354838709677,0.0
20221009,02,-0.87,6.037820512820512,93.75,1.9337748344370862,0.0,0.025974025974025976,0,25179.46308724832,2.3651612903225807,177.41935483870967,0.0
20221009,03,-0.71,5.601923076923076,94.43589743589743,2.23841059602649,0.0,0.012987012987012988,0.0,22727.24832214765,2.2735483870967728,178.58064516129033,0.0
20221009,04,-0.5,5.302564102564102,94.82051282051282,2.543046357615894,0.0,0.012987012987012988,0.0,21125.43624161074,2.192258064516129,178.83870967741936,0.0
20221009,05,-0.26,5.025641025641025,95.0576923076923,2.9139072847682117,0.0006493506493506494,0.025974025974025976,0.0,20338.456375838927,2.2264516129032255,176.32258064516128,0.0
20221009,06,-0.0,4.8910256410256405,95.31410256410257,3.4768211920529803,0.0,0.006493506493506494,1.7094594594594594,18748.053691275167,2.2541935483870965,164.25806451612902,271.25
20221009,07,0.26,6.230128205128205,92.48076923076923,3.437086092715232,0.0,0.012987012987012988,34.263513513513516,23612.080536912752,2.256129032258064,158.38709677419354,4302.75
20221009,08,0.5,8.283974358974364,86.21153846153847,3.662251655629139,0.0,0.012987012987012988,50.229729729729726,33182.281879194634,2.429677419354839,159.03225806451613,12110.75
20221009,09,0.71,10.362179487179487,79.0576923076923,3.76158940397351,0.0,0.006493506493506494,52.398648648648646,40084.76510067114,2.732903225806452,157.5483870967742,19967.75
20221009,10,0.87,12.073548387096771,72.10322580645162,3.64,0.0,0.012987012987012988,53.795918367346935,46773.58108108108,3.192857142857143,153.29032258064515,25504.5
20221009,11,0.97,13.285806451612904,65.2258064516129,3.6533333333333333,0.0,0.006493506493506494,53.70748299319728,48951.01351351351,3.6798701298701317,145.45454545454547,28104.25
20221009,12,1.0,14.088387096774198,60.348387096774196,3.36,0.0,0.01948051948051948,51.97959183673469,53375.2027027027,3.961038961038961,150.64935064935065,27493.5
20221009,13,0.97,14.469032258064521,57.99354838709677,3.533333333333333,0.0025974025974025974,0.012987012987012988,51.394557823129254,53819.66216216216,3.9714285714285724,147.66233766233765,24886.0
20221009,14,0.87,14.556129032258058,57.41935483870968,3.7733333333333334,0.0019480519480519483,0.01948051948051948,49.857142857142854,53188.707482993195,3.8714285714285697,140.25974025974025,19837.25
20221009,15,0.71,14.30903225806452,58.038709677419355,3.58,0.0,0.01948051948051948,49.333333333333336,54613.06122448979,3.7396103896103896,132.27272727272728,12847.25
20221009,16,0.5,13.403225806451607,62.16129032258065,3.92,0.0,0.01948051948051948,47.63265306122449,54869.45578231292,3.461038961038961,128.8961038961039,5079.5
20221009,17,0.26,11.548387096774189,70.01935483870967,3.8266666666666667,0.0,0.012987012987012988,19.918367346938776,52356.73469387755,2.938311688311689,118.63636363636364,450.0
20221009,18,0.0,10.355128205128205,75.55128205128206,3.4768211920529803,0.0,0.012987012987012988,0.0,51641.21621621621,2.8464516129032256,113.03225806451613,0.0
20221009,19,-0.26,9.701282051282057,77.92948717948718,3.033112582781457,0.0,0.0,0.0,49219.597315436244,3.005806451612904,114.64516129032258,0.0
20221009,20,-0.5,9.128846153846162,79.74358974358974,3.019867549668874,0.0,0.0,0.0,48103.89261744967,3.1625806451612903,122.0,0.0
20221009,21,-0.71,8.720512820512823,81.16666666666667,2.8543046357615895,0.0,0.0,0,47803.288590604025,3.1361290322580646,130.7741935483871,0.0
20221009,22,-0.87,8.403846153846153,81.93589743589743,2.9205298013245033,0.0,0.0,0,47288.38926174497,3.107741935483871,130.0,0.0
20221009,23,-0.97,8.123076923076926,83.07051282051282,3.2781456953642385,0.0,0.0,0,47014.4966442953,2.993548387096777,138.0,0.0
20221010,00,-1.0,7.870512820512817,83.97435897435898,3.5099337748344372,0.0,0.012987012987012988,0,45909.597315436244,3.0109677419354814,139.93548387096774,0.0
20221010,01,-0.97,7.6115384615384665,84.7948717948718,3.4900662251655628,0.0,0.025974025974025976,0,45757.98657718121,2.9877419354838706,145.03225806451613,0.0
20221010,02,-0.87,7.321794871794875,86.12179487179488,3.622516556291391,0.0,0.045454545454545456,0,44071.476510067114,2.927096774193547,150.58064516129033,0.0
20221010,03,-0.71,7.13846153846154,87.10897435897436,3.9205298013245033,0.0,0.025974025974025976,0.0,42029.530201342284,2.767096774193548,148.32258064516128,0.0
20221010,04,-0.5,7.022435897435894,87.6923076923077,3.9735099337748343,0.0006493506493506494,0.06493506493506493,0.0,41743.75838926175,2.8329032258064517,146.1290322580645,0.0
20221010,05,-0.26,6.868589743589744,88.51923076923077,4.596026490066225,0.0,0.045454545454545456,0.0,39225.973154362415,2.754838709677418,155.2258064516129,0.0
20221010,06,-0.0,6.9141025641025635,88.66025641025641,4.3509933774834435,0.001948051948051948,0.05194805194805195,1.3716216216216217,37140.469798657716,2.724516129032259,160.51612903225808,177.5
20221010,07,0.26,8.144230769230768,84.89102564102564,4.173333333333333,0.0012903225806451613,0.07096774193548387,27.574324324324323,40284.22818791946,2.7374193548387105,159.5483870967742,3534.25
20221010,08,0.5,9.966025641025642,79.73076923076923,5.0,0.0025806451612903226,0.03870967741935484,39.24324324324324,44783.69127516779,2.9232258064516135,170.6451612903226,10054.75
20221010,09,0.71,11.860256410256415,74.76282051282051,4.78,0.001935483870967742,0.04516129032258064,41.45945945945946,46977.51677852349,3.2529032258064516,181.92307692307693,16979.25
20221010,10,0.87,13.520512820512822,70.48076923076923,5.273333333333333,0.0006451612903225806,0.03225806451612903,44.445945945945944,48095.47297297297,3.567096774193549,193.33333333333334,22320.0
20221010,11,0.97,14.95806451612903,67.07096774193549,5.429530201342282,0.0006451612903225806,0.03870967741935484,44.63945578231292,50623.78378378379,3.7389610389610417,197.72727272727272,25381.25
20221010,12,1.0,16.070967741935483,63.9741935483871,5.302013422818792,0.0,0.03225806451612903,46.6530612244898,50235.2027027027,3.8909090909090907,204.28571428571428,25237.75
20221010,13,0.97,16.71935483870967,62.593548387096774,5.825503355704698,0.0,0.05806451612903226,40.63265306122449,50895.60810810811,4.020129870129872,207.5974025974026,21858.5
20221010,14,0.87,16.911612903225823,62.39354838709677,6.100671140939597,0.0232258064516129,0.08387096774193549,37.01360544217687,50426.778523489935,4.093506493506494,215.32467532467533,16338.0
20221010,15,0.71,16.554838709677412,65.16129032258064,6.610738255033557,0.03741935483870967,0.11612903225806452,31.38095238095238,49199.6644295302,3.871241830065362,223.26797385620915,9235.5
20221010,16,0.5,15.523870967741923,70.94193548387096,6.671140939597316,0.07999999999999999,0.2064516129032258,21.258503401360546,44306.040268456374,3.42987012987013,218.24675324675326,3197.25
20221010,17,0.26,13.976433121019104,77.78205128205128,6.74,0.07999999999999999,0.22580645161290322,2.9523809523809526,41080.671140939594,3.0714285714285716,218.83116883116884,229.25
20221010,18,0.0,13.06858974358974,82.13461538461539,6.3133333333333335,0.0512987012987013,0.2857142857142857,0.0,37809.79865771812,3.048051948051947,219.09677419354838,0.0
20221010,19,-0.26,12.507051282051279,84.74358974358974,6.34,0.13116883116883116,0.33766233766233766,0.0,34728.791946308724,3.177272727272727,234.67532467532467,0.0
20221010,20,-0.5,12.00641025641026,86.93589743589743,5.8533333333333335,0.14258064516129035,0.3741935483870968,0.0,30278.859060402683,3.238311688311688,242.92207792207793,0.0
20221010,21,-0.71,11.548717948717949,87.91666666666667,5.3,0.10064935064935064,0.37662337662337664,0,30769.93288590604,3.2363636363636368,244.0909090909091,0.0
20221010,22,-0.87,11.089102564102562,88.83974358974359,5.12,0.08571428571428572,0.2857142857142857,0,30475.234899328858,3.236363636363636,245.19480519480518,0.0
20221010,23,-0.97,10.663461538461535,89.30128205128206,4.64,0.045454545454545456,0.14285714285714285,0,30446.979865771813,3.196103896103896,247.27272727272728,0.0
20221011,00,-1.0,10.197435897435895,89.87820512820512,4.28,0.0474025974025974,0.12987012987012986,0,28237.51677852349,3.0714285714285703,248.1818181818182,0.0
20221011,01,-0.97,9.698717948717954,90.71794871794872,4.066666666666666,0.016883116883116885,0.11038961038961038,0,25280.738255033557,2.9045454545454548,250.45454545454547,0.0
20221011,02,-0.87,9.268589743589745,91.78205128205128,3.953333333333333,0.034415584415584406,0.11038961038961038,0,22916.979865771813,2.789610389610392,240.19480519480518,0.0
20221011,03,-0.71,8.775000000000004,92.76923076923077,4.073333333333333,0.020129870129870133,0.13636363636363635,0.0,21304.026845637585,2.6740259740259735,231.16883116883116,0.0
20221011,04,-0.5,8.373717948717944,93.3974358974359,4.02,0.007792207792207792,0.14935064935064934,0.0,20227.85234899329,2.4896103896103883,222.53246753246754,0.0
20221011,05,-0.26,8.032692307692304,93.59615384615384,4.193333333333333,0.013636363636363637,0.12987012987012986,0.0,19618.25503355705,2.3993506493506493,219.87012987012986,0.0
20221011,06,-0.0,7.935897435897434,93.99358974358974,4.566666666666666,0.005194805194805195,0.11688311688311688,0.2905405405405405,19418.993288590606,2.3915584415584408,218.05194805194805,107.5
20221011,07,0.26,8.617948717948718,91.7948717948718,4.593333333333334,0.02142857142857143,0.05844155844155844,20.594594594594593,21845.637583892618,2.3402597402597394,208.11688311688312,2723.75
20221011,08,0.5,9.860897435897437,86.9423076923077,4.8133333333333335,0.0006493506493506494,0.07792207792207792,31.0,25660.805369127516,2.477272727272727,197.74193548387098,8645.25
20221011,09,0.71,11.108974358974365,81.6025641025641,5.1066666666666665,0.011688311688311689,0.03896103896103896,33.95918367346939,29788.724832214764,2.6961290322580633,207.80645161290323,14673.75
20221011,10,0.87,12.247096774193544,75.85806451612903,5.1610738255033555,0.003246753246753247,0.045454545454545456,36.82993197278912,33924.42953020134,2.8574193548387097,198.70967741935485,19332.5
20221011,11,0.97,13.040645161290318,70.52258064516128,5.402684563758389,0.0,0.045454545454545456,37.183673469387756,37284.4966442953,2.998051948051946,198.11688311688312,21325.75
20221011,12,1.0,13.630769230769229,66.5576923076923,5.758389261744966,0.0,0.03896103896103896,36.08843537414966,39699.597315436244,3.133766233766235,205.74193548387098,20907.5
20221011,13,0.97,13.917307692307695,64.51923076923077,5.865771812080537,0.0,0.05844155844155844,35.802721088435376,41567.852348993285,3.020000000000002,211.16129032258064,18838.75
20221011,14,0.87,13.933548387096776,64.38709677419355,6.067114093959732,0.0012987012987012987,0.06493506493506493,33.224489795918366,42617.38255033557,2.9149350649350647,201.62337662337663,14924.5
20221011,15,0.71,13.645806451612911,65.97419354838709,6.073825503355705,0.0025974025974025974,0.05844155844155844,31.79591836734694,42227.785234899326,2.64935064935065,196.42857142857142,9395.25
20221011,16,0.5,12.775,70.03846153846153,5.932885906040268,0.0025974025974025974,0.045454545454545456,27.693877551020407,40625.63758389262,2.3396103896103884,190.25974025974025,3640.5
20221011,17,0.26,11.076282051282048,77.91666666666667,5.513333333333334,0.0,0.05844155844155844,7.517006802721088,36285.57046979866,2.0503225806451613,175.5483870967742,289.75
20221011,18,0.0,9.926282051282051,82.71794871794872,5.08,0.0025974025974025974,0.025974025974025976,0.0,34576.91275167785,1.89483870967742,162.25806451612902,0.0
20221011,19,-0.26,9.17051282051282,85.49358974358974,4.526666666666666,0.0,0.0,0.0,32457.046979865772,1.7922580645161288,173.41935483870967,0.0
20221011,20,-0.5,8.646794871794876,87.49358974358974,4.386666666666667,0.0,0.0,0.0,30621.006711409394,1.7206451612903222,163.93548387096774,0.0
20221011,21,-0.71,8.112179487179485,89.1474358974359,4.073333333333333,0.0,0.025974025974025976,0,27817.65100671141,1.7251612903225806,161.5483870967742,0.0
20221011,22,-0.87,7.715384615384615,90.25641025641026,3.7866666666666666,0.0,0.012987012987012988,0,26723.758389261744,1.6735483870967744,162.70967741935485,0.0
20221011,23,-0.97,7.387820512820507,91.13461538461539,3.8,0.0006493506493506494,0.01948051948051948,0,25430.268456375838,1.6264516129032254,162.4516129032258,0.0
20221012,00,-1.0,7.117307692307693,91.82051282051282,3.9133333333333336,0.0,0.032467532467532464,0,25179.93288590604,1.6348387096774193,155.8709677419355,0.0
20221012,01,-0.97,6.829487179487176,92.41666666666667,3.7066666666666666,0.0006493506493506494,0.032467532467532464,0,24214.96644295302,1.6735483870967744,154.58064516129033,0.0
20221012,02,-0.87,6.564102564102566,92.92307692307692,3.7333333333333334,0.0006493506493506494,0.032467532467532464,0,23452.28187919463,1.6258064516129032,160.19354838709677,0.0
20221012,03,-0.71,6.3346153846153825,93.53846153846153,3.973333333333333,0.0,0.006493506493506494,0.0,21788.120805369126,1.5516129032258061,157.03225806451613,0.0
20221012,04,-0.5,6.167307692307692,93.7051282051282,4.2,0.0006493506493506494,0.025974025974025976,0.0,21138.859060402683,1.5083870967741935,158.70967741935485,0.0
20221012,05,-0.26,6.057051282051282,93.82051282051282,4.553333333333334,0.0,0.01948051948051948,0.0,20531.006711409394,1.5038709677419355,153.61290322580646,0.0
20221012,06,-0.0,5.944230769230766,94.28846153846153,4.84,0.0,0.012987012987012988,0.27702702702702703,19691.879194630874,1.4606451612903226,143.48387096774192,84.25
20221012,07,0.26,6.940384615384616,91.53205128205128,4.973333333333334,0.0,0.012987012987012988,20.20945945945946,22640.53691275168,1.4638709677419353,155.80645161290323,2601.5
20221012,08,0.5,8.932051282051281,85.28205128205128,4.92,0.0,0.006493506493506494,34.42567567567568,28069.060402684565,1.488387096774194,150.25806451612902,8905.75
20221012,09,0.71,10.78525641025641,78.67307692307692,4.503355704697986,0.0,0.0,37.9054054054054,31730.0,1.7896774193548397,157.16129032258064,15668.25
20221012,10,0.87,12.332258064516132,73.01935483870967,4.6644295302013425,0.0,0.0,39.858108108108105,35147.11409395973,2.0597402597402596,160.25806451612902,19919.0
20221012,11,0.97,13.53354838709678,68.4258064516129,4.64,0.0,0.0,40.4054054054054,36241.67785234899,2.303225806451613,159.48387096774192,22109.25
20221012,12,1.0,14.2525641025641,65.52564102564102,4.66,0.0,0.0,40.62162162162162,37057.98657718121,2.4322580645161285,158.70967741935485,22002.25
20221012,13,0.97,14.747435897435897,63.794871794871796,4.633333333333334,0.0,0.0,39.71621621621622,38326.37583892617,2.4096774193548396,172.25806451612902,19907.5
20221012,14,0.87,14.876923076923076,63.541935483870965,4.718120805369128,0.0,0.0,39.29251700680272,39806.14864864865,2.377272727272727,172.96774193548387,16317.0
20221012,15,0.71,14.619871794871802,65.03870967741935,4.201342281879195,0.0,0.006493506493506494,39.42465753424658,38673.44594594595,2.2831168831168815,172.98701298701297,10391.5
20221012,16,0.5,13.56923076923077,70.32903225806452,4.503355704697986,0.0,0.0,35.363013698630134,37312.2972972973,2.0318181818181826,171.55844155844156,3691.25
20221012,17,0.26,11.616025641025653,79.47096774193548,4.543624161073826,0.0,0.0,4.816326530612245,32817.7027027027,1.6889610389610388,158.24675324675326,219.0
20221012,18,0.0,10.385256410256414,85.17307692307692,4.786666666666667,0.0,0.0,0.0,28213.087248322146,1.6522580645161296,147.80645161290323,0.0
20221012,19,-0.26,9.706410256410253,87.57051282051282,4.933333333333334,0.0,0.0,0.0,26375.5033557047,1.7219354838709686,154.1290322580645,0.0
20221012,20,-0.5,9.180769230769233,89.42307692307692,5.126666666666667,0.0,0.0,0.0,23452.61744966443,1.788387096774194,159.48387096774192,0.0
20221012,21,-0.71,8.824358974358972,90.36538461538461,4.58,0.0,0.0,0,22280.53691275168,1.8303225806451613,162.25806451612902,0.0
20221012,22,-0.87,8.424358974358974,91.3974358974359,4.733333333333333,0.0,0.0,0,20289.060402684565,1.8916129032258067,163.93548387096774,0.0
20221012,23,-0.97,8.09935897435897,92.23717948717949,4.92,0.0,0.012987012987012988,0,18785.03355704698,1.9619354838709675,172.0,0.0
20221013,00,-1.0,7.98782051282051,92.30128205128206,5.08,0.0,0.025974025974025976,0,18619.194630872484,1.9858064516129037,174.7741935483871,0.0
20221013,01,-0.97,7.905769230769235,92.46153846153847,5.82,0.0006493506493506494,0.012987012987012988,0,17960.805369127516,2.0548387096774188,178.25806451612902,0.0
20221013,02,-0.87,7.78846153846154,92.98717948717949,6.34,0.0,0.06493506493506493,0,16631.946308724833,2.0574193548387094,175.48387096774192,0.0
20221013,03,-0.71,7.782051282051282,93.35897435897436,6.84,0.0025974025974025974,0.07792207792207792,0.0,15706.979865771813,2.0206451612903225,168.70967741935485,0.0
20221013,04,-0.5,7.851282051282053,93.77564102564102,7.113333333333333,0.0012987012987012987,0.11688311688311688,0.0,14272.55033557047,2.038064516129032,170.0,0.0
20221013,05,-0.26,7.873076923076931,94.10897435897436,7.24,0.0012987012987012987,0.09090909090909091,0.0,13516.442953020134,2.0483870967741926,173.03225806451613,0.0
20221013,06,-0.0,8.077564102564102,93.98076923076923,7.553333333333334,0.017532467532467535,0.12337662337662338,0.060810810810810814,13329.79865771812,2.084516129032257,171.8709677419355,70.5
20221013,07,0.26,8.789102564102564,92.72435897435898,7.673333333333333,0.023376623376623377,0.09090909090909091,4.493243243243243,14371.409395973154,2.1658064516129025,168.51612903225808,1895.5
20221013,08,0.5,9.95833333333334,89.85897435897436,7.793333333333333,0.01883116883116883,0.1038961038961039,8.04054054054054,16727.78523489933,2.2251612903225815,177.09677419354838,5251.75
20221013,09,0.71,11.183974358974353,86.21153846153847,7.771812080536913,0.01038961038961039,0.06493506493506493,12.14765100671141,19390.53691275168,2.478709677419354,187.41935483870967,9087.25
20221013,10,0.87,12.442307692307695,81.78846153846153,7.671140939597316,0.0012987012987012987,0.1038961038961039,16.72,22119.664429530203,2.747741935483872,192.70967741935485,12093.5
20221013,11,0.97,13.292948717948725,79.07692307692308,7.66,0.005194805194805195,0.1038961038961039,15.433333333333334,24772.61744966443,2.978709677419355,198.0,13656.5
20221013,12,1.0,13.930128205128204,76.9551282051282,7.673333333333333,0.020129870129870133,0.1038961038961039,14.426666666666666,27068.859060402683,3.166451612903225,197.61290322580646,13471.25
20221013,13,0.97,14.308333333333335,75.84615384615384,7.746666666666667,0.026623376623376622,0.14285714285714285,11.446666666666667,29624.295302013423,3.271612903225806,203.61290322580646,11535.75
20221013,14,0.87,14.3948717948718,76.1923076923077,7.8389261744966445,0.02012987012987013,0.2077922077922078,6.593333333333334,29177.046979865772,3.1309677419354838,207.41935483870967,8217.5
20221013,15,0.71,14.106410256410259,78.38461538461539,7.832214765100671,0.04052287581699347,0.22875816993464052,3.5,28155.5033557047,2.8748387096774204,207.93548387096774,4725.25
20221013,16,0.5,13.412820512820508,82.51923076923077,7.833333333333333,0.07828947368421052,0.3026315789473684,1.5133333333333334,25509.328859060402,2.5393548387096785,205.61290322580646,1591.75
20221013,17,0.26,12.551923076923078,87.05128205128206,7.666666666666667,0.11960784313725491,0.39215686274509803,0.16,22421.610738255033,2.2954838709677423,192.96774193548387,75.25
20221013,18,0.0,12.09230769230769,89.51923076923077,7.653333333333333,0.11176470588235295,0.43137254901960786,0.0,19668.456375838927,2.2600000000000007,184.0,0.0
20221013,19,-0.26,11.792948717948718,90.49358974358974,7.626666666666667,0.08758169934640522,0.38562091503267976,0.0,17273.020134228187,2.301290322580644,190.32258064516128,0.0
20221013,20,-0.5,11.483974358974356,91.75,7.626666666666667,0.09999999999999998,0.43790849673202614,0.0,15465.03355704698,2.347096774193548,192.38709677419354,0.0
20221013,21,-0.71,11.260256410256408,92.4423076923077,7.52,0.07385620915032678,0.38562091503267976,0,15750.604026845638,2.3490322580645144,196.70967741935485,0.0
20221013,22,-0.87,11.124358974358975,92.92948717948718,7.566666666666666,0.15490196078431373,0.3333333333333333,0,14728.120805369128,2.2858064516129044,199.5483870967742,0.0
20221013,23,-0.97,10.976282051282052,93.48717948717949,7.473333333333334,0.26928104575163403,0.40522875816993464,0,13776.241610738254,2.2767741935483867,201.74193548387098,0.0
20221014,00,-1.0,10.86089743589744,94.17948717948718,7.433333333333334,0.13725490196078433,0.41830065359477125,0,14201.677852348994,2.3000000000000007,202.4516129032258,0.0
20221014,01,-0.97,10.790384615384621,94.5448717948718,7.34,0.11372549019607844,0.45751633986928103,0,13212.147651006711,2.3154838709677414,201.93548387096774,0.0
20221014,02,-0.87,10.75192307692308,94.71794871794872,7.406666666666666,0.10065359477124182,0.38562091503267976,0,12667.046979865772,2.176129032258065,199.8709677419355,0.0
20221014,03,-0.71,10.735897435897442,94.82692307692308,7.486666666666666,0.05686274509803921,0.3790849673202614,0.0,12305.503355704697,2.098709677419355,196.51612903225808,0.0
20221014,04,-0.5,10.736538461538462,94.9423076923077,7.546666666666667,0.04444444444444444,0.41830065359477125,0.0,12575.771812080537,2.1232258064516136,194.58064516129033,0.0
20221014,05,-0.26,10.67820512820513,95.28846153846153,7.593333333333334,0.037254901960784306,0.3464052287581699,0.0,12188.993288590604,2.0870967741935487,187.2258064516129,0.0
20221014,06,-0.0,10.683333333333334,95.41025641025641,7.526666666666666,0.03398692810457516,0.3660130718954248,0.0,10447.919463087248,2.144516129032258,184.32258064516128,41.5
20221014,07,0.26,11.15064102564103,94.34615384615384,7.706666666666667,0.028104575163398697,0.3790849673202614,1.8543046357615893,13842.885906040268,2.167741935483872,181.8709677419355,1389.75
20221014,08,0.5,11.887179487179486,92.0448717948718,7.54,0.03398692810457517,0.37254901960784315,3.357615894039735,17126.442953020134,2.3212903225806456,180.83870967741936,4629.5
20221014,09,0.71,12.778205128205128,88.32051282051282,7.346666666666667,0.03333333333333334,0.3464052287581699,7.1655629139072845,21967.44966442953,2.6070967741935487,185.29032258064515,8545.75
20221014,10,0.87,13.583974358974361,84.67307692307692,7.44,0.02483660130718954,0.27450980392156865,9.331125827814569,27642.81879194631,2.9051612903225807,189.74193548387098,11746.25
20221014,11,0.97,14.251282051282045,81.78205128205128,7.153333333333333,0.051298701298701295,0.24025974025974026,11.827814569536423,30966.644295302012,3.214838709677418,191.03225806451613,13277.25
20221014,12,1.0,14.578846153846152,80.0,7.3,0.08636363636363635,0.2857142857142857,11.364238410596027,33111.342281879195,3.3864516129032234,194.06451612903226,12563.5
20221014,13,0.97,14.801923076923076,79.89102564102564,7.426666666666667,0.1318181818181818,0.33116883116883117,9.04635761589404,35798.9932885906,3.399354838709678,195.09677419354838,10324.25
20221014,14,0.87,14.810256410256402,80.56410256410257,7.426666666666667,0.16363636363636364,0.33766233766233766,8.2317880794702,36491.87919463087,3.381935483870967,188.0,7323.25
20221014,15,0.71,14.548717948717954,82.41666666666667,7.24,0.151948051948052,0.38961038961038963,6.403973509933775,36204.56375838926,3.2729032258064503,182.32258064516128,4070.75
20221014,16,0.5,13.963461538461543,85.80128205128206,7.5,0.1470588235294118,0.477124183006536,2.390728476821192,31647.24832214765,3.0870967741935473,179.48387096774192,1297.25
20221014,17,0.26,13.41025641025641,88.60897435897436,7.713333333333333,0.1568627450980392,0.49673202614379086,0.08609271523178808,31410.201342281878,2.937419354838708,173.3548387096774,44.5
20221014,18,0.0,13.185897435897441,90.16025641025641,7.74,0.2098039215686275,0.5359477124183006,0.0,27459.127516778524,2.99225806451613,171.80645161290323,0.0
20221014,19,-0.26,13.061538461538463,90.85897435897436,7.706666666666667,0.350326797385621,0.6405228758169934,0.0,24385.36912751678,3.0219354838709678,173.67741935483872,0.0
20221014,20,-0.5,12.94294871794872,91.87179487179488,7.6066666666666665,0.3849673202614381,0.6405228758169934,0.0,23748.322147651008,3.1032258064516145,174.51612903225808,0.0
20221014,21,-0.71,12.877564102564106,92.47435897435898,7.666666666666667,0.46274509803921565,0.6535947712418301,0,22199.127516778524,3.1251612903225796,176.83870967741936,0.0
20221014,22,-0.87,12.785256410256409,93.21794871794872,7.6066666666666665,0.4660130718954249,0.6797385620915033,0,19683.489932885906,3.124516129032257,177.48387096774192,0.0
20221014,23,-0.97,12.750000000000004,93.93589743589743,7.526666666666666,0.48815789473684223,0.7171052631578947,0,17221.476510067114,3.083225806451612,181.5483870967742,0.0
20221015,00,-1.0,12.751282051282045,94.3076923076923,7.473333333333334,0.4657894736842108,0.7105263157894737,0,15762.953020134228,3.1367741935483866,185.74193548387098,0.0
20221015,01,-0.97,12.671153846153848,94.87820512820512,7.346666666666667,0.5111842105263156,0.7236842105263158,0,15194.563758389262,3.123225806451612,188.6451612903226,0.0
20221015,02,-0.87,12.609615384615383,95.53205128205128,7.3355704697986575,0.5384105960264901,0.6688741721854304,0,14397.58389261745,3.048387096774194,191.29032258064515,0.0
20221015,03,-0.71,12.571794871794864,95.73717948717949,7.48,0.519205298013245,0.6158940397350994,0.0,14027.181208053691,3.074193548387096,201.29032258064515,0.0
20221015,04,-0.5,12.523076923076925,95.9551282051282,7.46,0.45526315789473687,0.625,0.0,14630.067567567568,3.0961290322580646,201.80645161290323,0.0
20221015,05,-0.26,12.49551282051282,96.0448717948718,7.48,0.41710526315789487,0.5855263157894737,0.0,13835.945945945947,3.118064516129031,204.19354838709677,0.0
20221015,06,-0.0,12.47884615384615,95.96794871794872,7.453333333333333,0.3394736842105263,0.5986842105263158,0.0,14638.783783783783,3.0987096774193543,205.74193548387098,27.75
20221015,07,0.26,12.717948717948724,95.23717948717949,7.3933333333333335,0.2203947368421053,0.5460526315789473,0.9668874172185431,16472.094594594593,3.0187096774193556,208.06451612903226,827.5
20221015,08,0.5,13.307051282051283,93.46794871794872,7.44,0.17697368421052634,0.48026315789473684,2.7218543046357615,20672.702702702703,3.167741935483873,204.6451612903226,3300.0
20221015,09,0.71,14.01410256410256,90.74358974358974,7.46,0.1355263157894737,0.47368421052631576,5.66887417218543,27956.08108108108,3.4619354838709695,208.6451612903226,6801.5
20221015,10,0.87,14.73974358974359,87.4423076923077,7.266666666666667,0.08366013071895424,0.45098039215686275,7.682119205298013,34004.05405405405,3.8148387096774177,213.5483870967742,10136.25
20221015,11,0.97,15.414743589743585,84.13461538461539,6.873333333333333,0.07908496732026143,0.43137254901960786,12.013245033112582,38020.87837837838,4.114838709677421,217.74193548387098,12879.75
20221015,12,1.0,15.984615384615385,81.23717948717949,6.726666666666667,0.08300653594771241,0.35947712418300654,13.880794701986755,43247.83783783784,4.381290322580646,213.74193548387098,13549.75
20221015,13,0.97,16.294230769230765,80.0,6.793333333333333,0.041176470588235294,0.39869281045751637,13.748344370860927,46401.89189189189,4.567096774193549,212.90322580645162,12246.75
20221015,14,0.87,16.357051282051295,79.83333333333333,6.586666666666667,0.05032679738562091,0.41830065359477125,13.860927152317881,44553.58108108108,4.517419354838709,212.32258064516128,9360.25
20221015,15,0.71,16.237179487179485,81.23076923076923,6.96,0.09934640522875816,0.45751633986928103,13.483443708609272,47227.56756756757,4.2380645161290325,210.38709677419354,5573.0
20221015,16,0.5,15.634615384615385,84.41666666666667,7.16,0.13006535947712414,0.45098039215686275,7.6092715231788075,47336.35135135135,3.7883870967741937,203.80645161290323,1756.75
20221015,17,0.26,14.914102564102564,88.0576923076923,7.32,0.15032679738562096,0.47058823529411764,0.3443708609271523,45308.44594594595,3.6032258064516136,196.70967741935485,68.0
20221015,18,0.0,14.694230769230773,89.0448717948718,7.3133333333333335,0.11493506493506493,0.44805194805194803,0.0,44724.7972972973,3.6148387096774197,190.7741935483871,0.0
20221015,19,-0.26,14.539102564102569,89.71794871794872,7.346666666666667,0.14025974025974028,0.4025974025974026,0.0,46666.89189189189,3.716129032258064,191.29032258064515,0.0
20221015,20,-0.5,14.407051282051285,90.01923076923077,7.453333333333333,0.05882352941176469,0.3464052287581699,0.0,43377.2972972973,3.6800000000000006,199.5483870967742,0.0
20221015,21,-0.71,14.259615384615376,90.24358974358974,7.553333333333334,0.05751633986928105,0.30718954248366015,0,45214.12162162162,3.5929032258064524,198.0,0.0
20221015,22,-0.87,14.066666666666674,90.61538461538461,7.706666666666667,0.046103896103896105,0.2857142857142857,0,45664.52702702703,3.4400000000000004,201.93548387096774,0.0
20221015,23,-0.97,13.855128205128194,90.92307692307692,7.793333333333333,0.016883116883116885,0.24675324675324675,0,45475.94594594595,3.3812903225806448,200.58064516129033,0.0
20221016,00,-1.0,13.643589743589747,91.21153846153847,7.773333333333333,0.024025974025974027,0.18181818181818182,0,44857.63513513513,3.3219354838709676,199.93548387096774,0.0
20221016,01,-0.97,13.480128205128212,91.26923076923077,7.8,0.0577922077922078,0.2077922077922078,0,46007.90540540541,3.239354838709677,199.48387096774192,0.0
20221016,02,-0.87,13.278846153846162,91.68589743589743,7.52,0.02402597402597403,0.18831168831168832,0,45441.89189189189,3.1729032258064507,199.67741935483872,0.0
20221016,03,-0.71,13.13461538461539,91.78205128205128,7.453333333333333,0.025974025974025976,0.24025974025974026,0.0,43487.5,3.098709677419355,200.96774193548387,0.0
20221016,04,-0.5,13.02948717948718,91.65384615384616,7.48,0.038311688311688304,0.23376623376623376,0.0,44777.90540540541,3.1154838709677413,196.19354838709677,0.0
20221016,05,-0.26,12.94423076923077,91.6474358974359,7.426666666666667,0.026623376623376625,0.2792207792207792,0.0,45485.94594594595,3.1522580645161264,192.83870967741936,0.0
20221016,06,-0.0,12.879487179487175,91.71153846153847,7.64,0.03660130718954248,0.3006535947712418,0.16556291390728478,43210.06756756757,3.1741935483870947,189.03225806451613,47.25
20221016,07,0.26,13.383333333333335,90.14102564102564,7.413333333333333,0.058169934640522857,0.28104575163398693,4.741721854304636,47821.55405405405,3.1903225806451614,189.5483870967742,1725.25
20221016,08,0.5,14.389102564102568,86.64102564102564,6.886666666666667,0.020915032679738564,0.24183006535947713,14.311258278145695,49132.83783783784,3.432903225806451,195.16129032258064,6237.75
20221016,09,0.71,15.637820512820513,81.75,6.56,0.022222222222222223,0.24183006535947713,23.4635761589404,53806.62162162162,3.774838709677418,198.1290322580645,12095.75
20221016,10,0.87,16.711538461538463,77.16025641025641,6.02,0.1772727272727273,0.16233766233766234,29.629139072847682,55156.89189189189,4.179999999999999,208.51612903225808,17170.75
20221016,11,0.97,17.70128205128205,71.98076923076923,5.46,0.06753246753246754,0.13636363636363635,33.41721854304636,55495.87837837838,4.446451612903226,216.6451612903226,20143.5
20221016,12,1.0,18.35512820512821,68.09615384615384,4.973333333333334,0.02337662337662338,0.09740259740259741,38.09933774834437,57613.17567567567,4.50774193548387,220.90322580645162,21152.0
20221016,13,0.97,18.74999999999999,65.66025641025641,5.193333333333333,0.022727272727272728,0.07792207792207792,40.384105960264904,57715.33783783784,4.401290322580644,221.80645161290323,19657.0
20221016,14,0.87,18.837179487179494,65.2051282051282,5.533333333333333,0.03181818181818182,0.07142857142857142,38.920529801324506,57739.86486486487,4.071612903225806,220.06451612903226,15433.5
20221016,15,0.71,18.33653846153846,68.11538461538461,5.533333333333333,0.003246753246753247,0.07142857142857142,37.11258278145695,58817.56756756757,3.6135483870967713,211.2258064516129,8990.75
20221016,16,0.5,17.088461538461534,73.9423076923077,5.806666666666667,0.003246753246753247,0.045454545454545456,28.635761589403973,56025.60810810811,2.9187096774193555,193.2258064516129,2660.25
20221016,17,0.26,15.371794871794874,81.18589743589743,6.293333333333333,0.0,0.032467532467532464,2.251655629139073,51120.74324324324,2.394838709677419,178.83870967741936,93.0
20221016,18,0.0,14.451923076923077,85.26923076923077,6.6466666666666665,0.0,0.03896103896103896,0.0,46888.98648648649,2.209677419354839,166.83870967741936,0.0
20221016,19,-0.26,13.839102564102568,87.66025641025641,7.133333333333334,0.0,0.05194805194805195,0.0,43109.32432432433,2.1212903225806476,161.3548387096774,0.0
20221016,20,-0.5,13.481410256410253,89.2948717948718,7.1,0.023376623376623377,0.06493506493506493,0.0,40996.95945945946,2.047096774193548,169.74193548387098,0.0
20221016,21,-0.71,13.247435897435894,89.67948717948718,6.86,0.017532467532467535,0.08441558441558442,0,39680.2027027027,2.0729032258064515,149.61290322580646,0.0
20221016,22,-0.87,12.981410256410253,90.39102564102564,6.593333333333334,0.014285714285714287,0.07792207792207792,0,39093.58108108108,2.100645161290323,151.61290322580646,0.0
20221016,23,-0.97,12.777564102564103,90.87820512820512,6.073333333333333,0.008441558441558443,0.07792207792207792,0,37387.2972972973,2.2058064516129035,145.80645161290323,0.0
20221017,00,-1.0,12.672435897435895,91.0,6.2,0.009740259740259742,0.09740259740259741,0,36544.05405405405,2.303225806451614,146.6451612903226,0.0
20221017,01,-0.97,12.568589743589744,90.91025641025641,6.426666666666667,0.003246753246753247,0.07792207792207792,0,36689.32432432433,2.327096774193548,143.8709677419355,0.0
20221017,02,-0.87,12.433333333333337,91.2948717948718,6.74,0.0019480519480519483,0.12337662337662338,0,35806.28378378379,2.324516129032258,146.6451612903226,0.0
20221017,03,-0.71,12.46666666666667,90.71794871794872,6.826666666666667,0.003246753246753247,0.11688311688311688,0.0,36325.60810810811,2.430967741935484,147.67741935483872,0.0
20221017,04,-0.5,12.479487179487181,90.37820512820512,6.62,0.0025974025974025974,0.08441558441558442,0.0,35886.75675675676,2.503225806451612,152.90322580645162,0.0
20221017,05,-0.26,12.312179487179492,90.48717948717949,6.433333333333334,0.003896103896103896,0.08441558441558442,0.0,33777.09459459459,2.5858064516129042,151.61290322580646,0.0
20221017,06,-0.0,12.309615384615386,90.38461538461539,6.126666666666667,0.0019480519480519483,0.07792207792207792,0.11920529801324503,35192.16216216216,2.6987096774193553,152.83870967741936,51.25
20221017,07,0.26,13.32371794871794,87.44871794871794,6.213333333333333,0.0025974025974025974,0.07792207792207792,20.2317880794702,37535.27027027027,2.819354838709677,153.80645161290323,2776.0
20221017,08,0.5,15.171153846153851,81.60897435897436,6.3533333333333335,0.0019480519480519483,0.06493506493506493,42.549668874172184,43963.37837837838,3.011612903225806,164.7741935483871,9467.75
20221017,09,0.71,17.007051282051282,76.25641025641026,6.119205298013245,0.0,0.025974025974025976,46.264900662251655,48823.31081081081,3.229677419354837,166.90322580645162,16182.25
20221017,10,0.87,18.569230769230774,71.51923076923077,5.854304635761589,0.0,0.012987012987012988,45.80132450331126,48685.54054054054,3.616774193548388,181.93548387096774,21029.75
20221017,11,0.97,19.95961538461538,67.18589743589743,5.78,0.009090909090909092,0.03896103896103896,46.29139072847682,50444.421768707485,3.8864516129032243,190.1290322580645,23074.0
20221017,12,1.0,20.831410256410255,64.39102564102564,5.773333333333333,0.09025974025974026,0.11688311688311688,44.735099337748345,50746.19047619047,3.9741935483871,195.93548387096774,22330.75
20221017,13,0.97,21.18717948717949,63.76282051282051,6.423841059602649,0.1909090909090909,0.16233766233766234,41.27814569536424,48660.94594594595,3.9522580645161294,203.80645161290323,19276.75
20221017,14,0.87,21.04423076923077,64.84615384615384,6.76158940397351,0.1577922077922078,0.17532467532467533,37.74834437086093,49433.44594594595,3.8438709677419336,212.19354838709677,14387.25
20221017,15,0.71,20.48012820512822,67.53205128205128,7.013245033112582,0.11428571428571425,0.2077922077922078,34.682119205298015,47389.39189189189,3.6058064516129016,219.41935483870967,8354.0
20221017,16,0.5,19.264743589743595,72.58333333333333,6.900662251655629,0.06493506493506493,0.2532467532467532,25.946666666666665,45795.13513513513,3.1232258064516136,217.8709677419355,2468.0
20221017,17,0.26,17.562820512820505,79.2051282051282,7.006622516556291,0.049999999999999996,0.24025974025974026,2.026666666666667,42318.18791946309,2.7593548387096782,213.3548387096774,73.0
20221017,18,0.0,16.61538461538461,83.27564102564102,6.52317880794702,0.03181818181818182,0.22727272727272727,0.0,37274.69798657718,2.62258064516129,209.09677419354838,0.0
20221017,19,-0.26,15.964102564102564,85.57051282051282,6.596026490066225,0.02272727272727273,0.19480519480519481,0.0,36530.536912751675,2.514838709677419,209.93548387096774,0.0
20221017,20,-0.5,15.45448717948718,87.32692307692308,6.841059602649007,0.020779220779220783,0.2012987012987013,0.0,33516.57718120806,2.490967741935483,215.29032258064515,0.0
20221017,21,-0.71,14.972435897435899,89.12179487179488,6.781456953642384,0.018831168831168834,0.2077922077922078,0,29842.81879194631,2.3412903225806456,211.80645161290323,0.0
20221017,22,-0.87,14.56730769230769,90.49358974358974,6.6092715231788075,0.0487012987012987,0.2012987012987013,0,28215.1677852349,2.2870967741935475,216.1290322580645,0.0
20221017,23,-0.97,14.187179487179488,91.67307692307692,6.569536423841059,0.0818181818181818,0.21428571428571427,0,24992.75167785235,2.1677419354838703,207.61290322580646,0.0
20221018,00,-1.0,13.903846153846152,92.87179487179488,6.344370860927152,0.11298701298701298,0.22727272727272727,0,22988.657718120805,2.0864516129032262,210.4516129032258,0.0
20221018,01,-0.97,13.592948717948715,93.68589743589743,6.450331125827814,0.2941558441558441,0.2922077922077922,0,19882.41610738255,2.0335483870967743,217.16129032258064,0.0
20221018,02,-0.87,13.357692307692309,94.3525641025641,6.437086092715232,0.49025974025974034,0.3116883116883117,0,18235.5033557047,1.9212903225806446,202.58064516129033,0.0
20221018,03,-0.71,13.251282051282056,94.5448717948718,7.105960264900662,0.4863636363636364,0.3116883116883117,0.0,18231.677852348992,1.9574193548387095,209.61290322580646,0.0
20221018,04,-0.5,13.085897435897433,94.88461538461539,7.231788079470198,0.49610389610389616,0.4155844155844156,0.0,16358.926174496644,1.9864516129032257,202.70967741935485,0.0
20221018,05,-0.26,13.023076923076925,95.08333333333333,7.324503311258278,0.5324675324675324,0.4155844155844156,0.0,15275.838926174496,1.972903225806452,202.6451612903226,0.0
20221018,06,-0.0,12.932051282051285,95.53846153846153,7.430463576158941,0.533116883116883,0.44155844155844154,0.0,14234.899328859061,1.9251612903225812,206.7741935483871,22.75
20221018,07,0.26,13.326923076923075,94.8974358974359,7.258278145695364,0.46818181818181825,0.474025974025974,3.7266666666666666,15199.395973154362,1.9812903225806453,202.0,1040.25
20221018,08,0.5,13.933974358974364,92.91025641025641,7.079470198675497,0.5694805194805194,0.4805194805194805,7.52,17232.55033557047,2.1477419354838707,219.2258064516129,3995.25
20221018,09,0.71,14.670512820512828,90.33333333333333,6.973509933774834,0.4000000000000001,0.4090909090909091,10.72,22036.442953020134,2.3464516129032242,224.7741935483871,7749.25
20221018,10,0.87,15.403184713375792,87.0828025477707,6.848684210526316,0.31883116883116885,0.33116883116883117,14.32,25697.51677852349,2.719230769230768,242.17948717948718,11675.25
20221018,11,0.97,16.098089171974525,83.43949044585987,5.927631578947368,0.2941935483870967,0.2967741935483871,20.5364238410596,31239.46308724832,3.044871794871794,256.21794871794873,14790.5
20221018,12,1.0,16.50063694267517,80.91082802547771,5.532894736842105,0.23636363636363644,0.2792207792207792,22.05960264900662,34797.11409395973,3.337820512820513,266.85897435897436,15738.25
20221018,13,0.97,16.69745222929937,78.4140127388535,5.381578947368421,0.1675324675324675,0.2857142857142857,23.728476821192054,38826.91275167785,3.5,273.0769230769231,14562.75
20221018,14,0.87,16.600636942675152,77.54140127388536,5.2894736842105265,0.0935064935064935,0.2662337662337662,25.00662251655629,41567.718120805366,3.649358974358976,280.12820512820514,11627.75
20221018,15,0.71,16.251592356687908,78.17834394904459,5.026315789473684,0.032467532467532464,0.19480519480519481,24.033112582781456,42096.37583892617,3.5358974358974375,276.02564102564105,6946.75
20221018,16,0.5,15.422292993630581,81.49044585987261,4.927631578947368,0.054838709677419356,0.16774193548387098,20.741721854304636,39613.53333333333,3.1641025641025653,274.4871794871795,2095.0
20221018,17,0.26,14.087898089171967,86.46496815286625,4.631578947368421,0.02903225806451613,0.14193548387096774,2.2980132450331126,33664.13333333333,2.716666666666666,267.3076923076923,68.25
20221018,18,0.0,13.288535031847132,89.02547770700637,4.368421052631579,0.012258064516129031,0.12903225806451613,0.0,29606.066666666666,2.5179487179487174,249.74358974358975,0.0
20221018,19,-0.26,12.785350318471338,90.45222929936305,4.697368421052632,0.010967741935483872,0.12903225806451613,0.0,27954.533333333333,2.5596153846153857,245.7051282051282,0.0
20221018,20,-0.5,12.350318471337573,91.19108280254777,4.532894736842105,0.0064516129032258064,0.14838709677419354,0.0,24354.533333333333,2.528205128205129,234.55128205128204,0.0
20221018,21,-0.71,11.839490445859873,92.05732484076434,4.657894736842105,0.0032258064516129032,0.1032258064516129,0,22794.8,2.5519230769230776,223.2051282051282,0.0
20221018,22,-0.87,11.329936305732485,92.54140127388536,4.559210526315789,0.0012903225806451613,0.09032258064516129,0,19874.6,2.5455128205128195,228.97435897435898,0.0
20221018,23,-0.97,10.908917197452233,92.8343949044586,5.006578947368421,0.005161290322580645,0.13548387096774195,0,19211.6,2.5807692307692314,221.34615384615384,0.0
20221019,00,-1.0,10.582802547770704,93.05732484076434,5.565789473684211,0.0032258064516129032,0.13548387096774195,0,18806.2,2.4948717948717936,226.34615384615384,0.0
20221019,01,-0.97,10.333757961783446,92.4968152866242,6.006578947368421,0.0025806451612903226,0.18064516129032257,0,19068.0,2.468589743589743,227.75641025641025,0.0
20221019,02,-0.87,10.127388535031848,92.85987261146497,6.4868421052631575,0.011612903225806452,0.16774193548387098,0,19244.8,2.4185897435897448,228.07692307692307,0.0
20221019,03,-0.71,9.989171974522295,92.99363057324841,6.881578947368421,0.0019354838709677422,0.2064516129032258,0.0,18868.0,2.394871794871795,221.02564102564102,0.0
20221019,04,-0.5,9.875796178343954,93.05732484076434,6.947368421052632,0.0012903225806451613,0.2064516129032258,0.0,18837.933333333334,2.36602564102564,217.94871794871796,0.0
20221019,05,-0.26,9.762420382165605,92.71974522292993,7.0,0.004516129032258064,0.17419354838709677,0.0,20530.2,2.3397435897435894,210.96153846153845,0.0
20221019,06,-0.0,9.622929936305734,92.6687898089172,7.052631578947368,0.003870967741935484,0.17419354838709677,0.0,20426.266666666666,2.426282051282051,200.3846153846154,18.75
20221019,07,0.26,9.82866242038216,92.23566878980891,6.8881578947368425,0.0032258064516129032,0.2,3.5364238410596025,22072.6,2.3852564102564084,185.12820512820514,1031.25
20221019,08,0.5,10.554777070063697,89.14012738853503,6.625,0.0025806451612903226,0.14838709677419354,14.172185430463577,26270.866666666665,2.467948717948718,157.05128205128204,4543.75
20221019,09,0.71,11.299363057324847,84.87898089171975,6.28476821192053,0.0006451612903225806,0.07741935483870968,18.602649006622517,32615.2,2.7012903225806455,154.38709677419354,9168.5
20221019,10,0.87,12.04999999999999,79.87820512820512,5.84,0.0006451612903225806,0.0064516129032258064,23.19333333333333,39457.04697986577,3.0428571428571436,142.38709677419354,13179.0
20221019,11,0.97,12.652564102564103,75.23076923076923,5.8,0.0,0.012903225806451613,27.64666666666667,43943.75838926175,3.1467532467532466,152.46753246753246,15925.25
20221019,12,1.0,13.159235668789806,72.09554140127389,5.125827814569536,0.0,0.0064516129032258064,32.086666666666666,44285.46666666667,3.1464516129032254,139.16129032258064,17455.25
20221019,13,0.97,13.406369426751588,70.64331210191082,5.046052631578948,0.0,0.0,35.78145695364238,48518.333333333336,3.161935483870968,139.03225806451613,16820.25
20221019,14,0.87,13.361783439490447,69.9171974522293,4.980263157894737,0.0,0.0,36.77483443708609,48334.0,3.143870967741935,126.3225806451613,13931.25
20221019,15,0.71,12.923566878980893,71.4968152866242,4.815789473684211,0.0,0.0,38.80794701986755,46392.6,3.130322580645161,113.87096774193549,8409.5
20221019,16,0.5,11.754140127388537,76.1656050955414,5.098684210526316,0.0,0.0,28.662251655629138,45944.333333333336,2.8612903225806443,115.54838709677419,2376.0
20221019,17,0.26,10.324840764331208,82.06369426751593,5.223684210526316,0.0,0.0,0.6622516556291391,41230.333333333336,2.5249999999999995,105.1923076923077,52.5
20221019,18,0.0,9.376433121019115,85.52229299363057,5.065789473684211,0.0,0.0,0.0,38794.13333333333,2.5320512820512815,113.2051282051282,0.0
20221019,19,-0.26,8.694904458598721,87.51592356687898,5.269736842105263,0.0,0.0,0.0,35326.066666666666,2.6506410256410255,104.74358974358974,0.0
20221019,20,-0.5,8.086624203821653,88.94904458598727,5.6644736842105265,0.0,0.0,0.0,33094.86666666667,2.7051282051282066,108.33333333333333,0.0
20221019,21,-0.71,7.6216560509554165,89.09554140127389,5.756578947368421,0.0,0.0,0,31416.6,2.765384615384615,105.32051282051282,0.0
20221019,22,-0.87,7.269426751592362,89.90445859872611,6.282894736842105,0.0,0.0064516129032258064,0,29774.733333333334,2.883974358974357,100.0,0.0
20221019,23,-0.97,7.037579617834395,90.2547770700637,6.092105263157895,0.0,0.0,0,30418.533333333333,3.0173076923076914,106.47435897435898,0.0
20221020,00,-1.0,6.77515923566879,90.35668789808918,6.184210526315789,0.0,0.0,0,28842.333333333332,3.1256410256410256,107.24358974358974,0.0
20221020,01,-0.97,6.5923566878980875,90.3375796178344,6.177631578947368,0.0,0.0,0,28253.4,3.1884615384615396,114.42307692307692,0.0
20221020,02,-0.87,6.389808917197454,90.73885350318471,6.328947368421052,0.0,0.0064516129032258064,0,27217.066666666666,3.2525641025641026,118.58974358974359,0.0
20221020,03,-0.71,6.25095541401274,91.18471337579618,6.776315789473684,0.0,0.0064516129032258064,0.0,26183.133333333335,3.283974358974359,116.6025641025641,0.0
20221020,04,-0.5,6.131210191082801,91.4140127388535,6.6381578947368425,0.0006451612903225806,0.01935483870967742,0.0,25199.133333333335,3.3788461538461525,116.92307692307692,0.0
20221020,05,-0.26,6.020382165605094,91.10191082802548,6.947368421052632,0.0,0.012903225806451613,0.0,24661.933333333334,3.3224358974358963,117.17948717948718,0.0
20221020,06,-0.0,6.003184713375795,90.88535031847134,7.026315789473684,0.0,0.012903225806451613,0.152317880794702,24968.466666666667,3.4057692307692298,116.6025641025641,35.0
20221020,07,0.26,6.696178343949044,88.84713375796179,6.7894736842105265,0.0006451612903225806,0.01935483870967742,14.43046357615894,28807.4,3.528205128205128,119.74358974358974,2308.0
20221020,08,0.5,8.199363057324838,84.14012738853503,6.470198675496689,0.0,0.01935483870967742,31.76158940397351,33326.666666666664,3.7506410256410234,123.78205128205128,8271.0
20221020,09,0.71,9.754777070063694,79.20382165605096,6.443708609271523,0.0,0.025806451612903226,38.920529801324506,38947.933333333334,4.187179487179489,129.42307692307693,14300.5
20221020,10,0.87,11.187898089171975,74.36305732484077,6.576158940397351,0.0032258064516129032,0.05806451612903226,41.03973509933775,40889.59459459459,4.417307692307693,134.80769230769232,18591.5
20221020,11,0.97,12.232484076433119,71.53503184713375,6.828947368421052,0.0064516129032258064,0.0967741935483871,37.496688741721854,42421.81208053691,4.548076923076924,137.62820512820514,19697.0
20221020,12,1.0,12.990445859872608,69.80891719745223,6.782894736842105,0.008387096774193548,0.15483870967741936,34.94701986754967,42379.0,4.587179487179489,136.4102564102564,17518.0
20221020,13,0.97,13.306369426751592,70.00636942675159,7.0131578947368425,0.03225806451612903,0.2064516129032258,30.337748344370862,44229.26666666667,4.408974358974361,138.01282051282053,14445.25
20221020,14,0.87,13.23694267515923,71.48407643312102,6.986754966887418,0.04387096774193548,0.25806451612903225,26.973509933774835,41580.06711409396,4.283974358974359,141.02564102564102,9846.25
20221020,15,0.71,12.878343949044586,73.96178343949045,7.0,0.06193548387096773,0.3161290322580645,20.456953642384107,40837.46666666667,3.969230769230768,136.92307692307693,4987.75
20221020,16,0.5,12.10445859872611,78.07643312101911,7.269736842105263,0.12000000000000001,0.32903225806451614,5.9801324503311255,38337.53333333333,3.6583333333333328,134.93589743589743,1234.75
20221020,17,0.26,11.498726114649685,81.6624203821656,7.506578947368421,0.12451612903225807,0.3419354838709677,0.09933774834437085,33524.066666666666,3.5615384615384604,134.87179487179486,26.75
20221020,18,0.0,11.238853503184709,83.01273885350318,7.743421052631579,0.13483870967741934,0.36129032258064514,0.0,32974.26666666667,3.56602564102564,139.42307692307693,0.0
20221020,19,-0.26,11.039490445859878,84.07006369426752,7.7631578947368425,0.1720779220779221,0.38961038961038963,0.0,32025.8,3.6371794871794894,145.64102564102564,0.0
20221020,20,-0.5,10.915923566878977,85.36942675159236,7.7105263157894735,0.16103896103896106,0.37662337662337664,0.0,28371.2,3.5288461538461537,137.43589743589743,0.0
20221020,21,-0.71,10.75286624203821,87.28025477707007,7.644736842105263,0.20519480519480524,0.34415584415584416,0,26271.8,3.534615384615383,143.26923076923077,0.0
20221020,22,-0.87,10.740764331210197,88.05732484076434,7.4868421052631575,0.34258064516129033,0.4258064516129032,0,24842.733333333334,3.5673076923076916,151.47435897435898,0.0
20221020,23,-0.97,10.766242038216562,88.60509554140127,7.717105263157895,0.2380645161290323,0.45161290322580644,0,24295.933333333334,3.485256410256411,157.69230769230768,0.0
20221021,00,-1.0,10.77261146496815,89.35668789808918,7.605263157894737,0.20258064516129037,0.5161290322580645,0,23602.733333333334,3.4121794871794875,155.32051282051282,0.0
20221021,01,-0.97,10.765605095541407,89.98089171974522,7.5131578947368425,0.12838709677419352,0.47096774193548385,0,23039.733333333334,3.240384615384615,157.82051282051282,0.0
20221021,02,-0.87,10.700636942675162,90.84713375796179,7.467105263157895,0.0961290322580645,0.3935483870967742,0,21877.4,3.1083333333333334,152.82051282051282,0.0
20221021,03,-0.71,10.747770700636945,91.05095541401273,7.421052631578948,0.11483870967741935,0.3741935483870968,0.0,23134.466666666667,3.0967948717948732,154.23076923076923,0.0
20221021,04,-0.5,10.73503184713376,91.20382165605096,7.644736842105263,0.042580645161290315,0.3096774193548387,0.0,22491.933333333334,3.0570512820512814,153.26923076923077,0.0
20221021,05,-0.26,10.689171974522294,91.52229299363057,7.473684210526316,0.13870967741935486,0.2903225806451613,0.0,21516.8,3.0192307692307705,151.53846153846155,0.0
20221021,06,-0.0,10.629936305732485,91.94267515923566,7.315789473684211,0.13096774193548388,0.3032258064516129,0.0,19816.866666666665,3.023717948717948,146.98717948717947,13.5
20221021,07,0.26,10.95095541401274,91.56050955414013,7.2631578947368425,0.2922580645161292,0.32903225806451614,2.152317880794702,20374.8,3.0141025641025623,150.44871794871796,984.0
20221021,08,0.5,11.712738853503186,89.7452229299363,6.9605263157894735,0.36000000000000004,0.3741935483870968,8.629139072847682,22731.066666666666,3.2083333333333317,154.16666666666666,3698.75
20221021,09,0.71,12.52420382165605,87.84713375796179,7.172185430463577,0.46903225806451615,0.45161290322580644,10.7682119205298,24137.666666666668,3.295512820512823,160.83333333333334,6276.0
20221021,10,0.87,13.216560509554137,86.56050955414013,7.315789473684211,0.4470967741935485,0.4838709677419355,9.589403973509933,26017.266666666666,3.3378205128205125,171.7948717948718,7799.25
20221021,11,0.97,13.906369426751588,85.23566878980891,7.552631578947368,0.4716129032258064,0.5290322580645161,8.370860927152318,29832.4,3.371794871794873,178.2051282051282,8175.0
20221021,12,1.0,14.280254777070065,85.05095541401273,7.480263157894737,0.3587096774193549,0.5290322580645161,7.496688741721854,30979.4,3.4807692307692286,190.06410256410257,8028.0
20221021,13,0.97,14.613375796178342,84.70700636942675,7.532894736842105,0.3083870967741935,0.4967741935483871,7.1655629139072845,33457.333333333336,3.46025641025641,190.12820512820514,7626.5
20221021,14,0.87,14.67834394904458,85.3312101910828,7.6644736842105265,0.19419354838709674,0.4838709677419355,5.9801324503311255,36023.13333333333,3.4948717948717967,188.5897435897436,5938.25
20221021,15,0.71,14.49299363057324,86.98726114649682,7.644736842105263,0.15096774193548387,0.45806451612903226,4.589403973509934,35616.46666666667,3.344871794871796,189.35897435897436,3431.25
20221021,16,0.5,14.036942675159231,89.53503184713375,7.7368421052631575,0.1270967741935484,0.4064516129032258,1.9801324503311257,34039.2,3.065384615384615,182.69230769230768,913.75
20221021,17,0.26,13.608917197452234,91.46496815286625,7.717105263157895,0.08774193548387096,0.3870967741935484,0.0,31333.266666666666,2.947435897435896,183.14102564102564,16.0
20221021,18,0.0,13.322292993630569,92.85350318471338,7.848684210526316,0.07096774193548387,0.3419354838709677,0.0,27874.6,2.8506410256410257,176.02564102564102,0.0
20221021,19,-0.26,13.168152866242039,93.38853503184713,7.769736842105263,0.05612903225806452,0.2838709677419355,0.0,24603.333333333332,2.795512820512821,180.96153846153845,0.0
20221021,20,-0.5,12.971337579617842,94.22929936305732,7.7894736842105265,0.1206451612903226,0.2645161290322581,0.0,22562.0,2.6999999999999997,182.05128205128204,0.0
20221021,21,-0.71,12.821656050955418,94.68152866242038,7.618421052631579,0.14709677419354836,0.25806451612903225,0,21376.0,2.6019230769230766,177.56410256410257,0.0
20221021,22,-0.87,12.701273885350316,94.82165605095541,7.625,0.19161290322580646,0.23225806451612904,0,19341.466666666667,2.5891025641025642,184.74358974358975,0.0
20221021,23,-0.97,12.557961783439493,95.47770700636943,7.7105263157894735,0.2064516129032258,0.24516129032258063,0,17923.0,2.46025641025641,188.14102564102564,0.0
20221022,00,-1.0,12.491719745222921,95.4968152866242,7.677631578947368,0.25612903225806455,0.2903225806451613,0,18253.8,2.4987179487179487,194.23076923076923,0.0
20221022,01,-0.97,12.40955414012739,95.89171974522293,7.677631578947368,0.2580645161290323,0.3032258064516129,0,18268.333333333332,2.5128205128205137,192.37179487179486,0.0
20221022,02,-0.87,12.316560509554135,95.98089171974522,7.677631578947368,0.303225806451613,0.36129032258064514,0,17835.333333333332,2.5871794871794878,199.10256410256412,0.0
20221022,03,-0.71,12.182165605095536,96.02547770700637,7.677631578947368,0.3174193548387096,0.3870967741935484,0.0,20022.266666666666,2.5897435897435903,202.82051282051282,0.0
20221022,04,-0.5,12.054777070063691,96.29299363057325,7.480263157894737,0.3806451612903225,0.4,0.0,22011.0,2.617307692307692,199.74358974358975,0.0
20221022,05,-0.26,11.900636942675163,96.2484076433121,7.315789473684211,0.21741935483870964,0.33548387096774196,0.0,22045.066666666666,2.633974358974359,202.56410256410257,0.0
20221022,06,-0.0,11.849044585987262,96.08917197452229,7.157894736842105,0.13161290322580643,0.3419354838709677,0.0,22131.466666666667,2.673076923076923,202.30769230769232,8.0
20221022,07,0.26,11.942038216560514,95.70700636942675,7.2105263157894735,0.18387096774193556,0.36129032258064514,0.8079470198675497,25252.066666666666,2.6711538461538473,201.92307692307693,694.75
20221022,08,0.5,12.673885350318471,93.80891719745223,6.953947368421052,0.14258064516129032,0.2709677419354839,11.092715231788079,29267.533333333333,2.707692307692308,202.69230769230768,3893.5
20221022,09,0.71,13.647770700636938,90.19745222929936,6.657894736842105,0.08129032258064514,0.18064516129032257,17.662251655629138,36342.933333333334,3.0288461538461524,214.55128205128204,8793.75
20221022,10,0.87,14.596178343949044,86.08917197452229,6.1644736842105265,0.038709677419354833,0.15483870967741936,21.642384105960264,40661.933333333334,3.466025641025641,222.05128205128204,13407.75
20221022,11,0.97,15.564331210191089,81.57961783439491,5.6381578947368425,0.02193548387096774,0.12258064516129032,28.350993377483444,44900.333333333336,3.7596153846153846,230.06410256410257,17348.25
20221022,12,1.0,16.19490445859873,78.00636942675159,5.256578947368421,0.021935483870967738,0.10967741935483871,30.70860927152318,47252.0,3.9115384615384605,237.8846153846154,18351.25
20221022,13,0.97,16.664968152866244,75.36942675159236,5.131578947368421,0.03161290322580645,0.14838709677419354,31.344370860927153,48732.86666666667,3.871794871794873,240.25641025641025,17307.75
20221022,14,0.87,16.701910828025472,74.34394904458598,4.782894736842105,0.012258064516129031,0.14193548387096774,29.4635761589404,50604.2,3.799999999999999,236.92307692307693,13988.5
20221022,15,0.71,16.369426751592346,75.89171974522293,4.453947368421052,0.00967741935483871,0.12903225806451613,30.225165562913908,51160.933333333334,3.412820512820514,237.05128205128204,8148.75
20221022,16,0.5,15.236942675159243,80.53503184713375,4.4868421052631575,0.02838709677419355,0.14838709677419354,24.7682119205298,48322.0,2.800641025641025,226.47435897435898,2153.5
20221022,17,0.26,13.744585987261145,87.1592356687898,4.802631578947368,0.01935483870967742,0.12258064516129032,1.185430463576159,41847.8,2.431410256410257,208.07692307692307,26.25
20221022,18,0.0,12.940764331210188,89.89808917197452,5.118421052631579,0.023225806451612905,0.10967741935483871,0.0,36005.0,2.4461538461538455,198.07692307692307,0.0
20221022,19,-0.26,12.402547770700641,91.51592356687898,5.381578947368421,0.02258064516129032,0.07096774193548387,0.0,32883.333333333336,2.4897435897435876,196.4102564102564,0.0
20221022,20,-0.5,12.051592356687896,92.40127388535032,6.223684210526316,0.018709677419354837,0.07741935483870968,0.0,31779.933333333334,2.4993589743589744,190.89743589743588,0.0
20221022,21,-0.71,11.74394904458599,92.87261146496816,6.907894736842105,0.0006451612903225806,0.03225806451612903,0,30641.133333333335,2.5249999999999986,189.10256410256412,0.0
20221022,22,-0.87,11.505732484076429,93.19108280254777,7.059210526315789,0.0038709677419354843,0.03870967741935484,0,29841.266666666666,2.5519230769230776,182.69230769230768,0.0
20221022,23,-0.97,11.154777070063695,93.87898089171975,7.328947368421052,0.0,0.03225806451612903,0,28251.666666666668,2.446794871794872,187.24358974358975,0.0
20221023,00,-1.0,10.827388535031847,94.59235668789809,7.578947368421052,0.0025806451612903226,0.01935483870967742,0,26761.8,2.340384615384617,181.34615384615384,0.0
20221023,01,-0.97,10.548407643312096,94.62420382165605,7.5855263157894735,0.0006451612903225806,0.04516129032258064,0,26600.133333333335,2.2987179487179485,179.2948717948718,0.0
20221023,02,-0.87,10.299363057324836,94.70063694267516,7.394736842105263,0.0006451612903225806,0.05806451612903226,0,25141.4,2.303846153846153,178.14102564102564,0.0
20221023,03,-0.71,10.050955414012742,94.84713375796179,7.467105263157895,0.0012903225806451613,0.08387096774193549,0.0,22971.266666666666,2.2660256410256414,166.21794871794873,0.0
20221023,04,-0.5,9.745859872611469,95.0828025477707,7.401315789473684,0.0012903225806451613,0.1032258064516129,0.0,20612.666666666668,2.207051282051282,161.98717948717947,0.0
20221023,05,-0.26,9.57834394904459,95.11464968152866,7.375,0.0032258064516129032,0.12258064516129032,0.0,21392.666666666668,2.2173076923076924,158.39743589743588,0.0
20221023,06,-0.0,9.463057324840767,95.0,7.427631578947368,0.0019354838709677422,0.13548387096774195,0.0,22570.066666666666,2.299358974358973,152.62820512820514,7.25
20221023,07,0.26,9.900000000000002,94.50955414012739,7.230263157894737,0.0006451612903225806,0.14193548387096774,4.874172185430464,23837.266666666666,2.4006410256410264,149.67948717948718,1431.25
20221023,08,0.5,11.289808917197453,91.27388535031847,7.190789473684211,0.0019354838709677422,0.1032258064516129,20.960264900662253,29727.333333333332,2.492948717948716,147.05128205128204,6275.25
20221023,09,0.71,12.882802547770698,86.06369426751593,7.184210526315789,0.0,0.03870967741935484,29.86092715231788,37625.26666666667,2.61346153846154,147.82051282051282,11716.75
20221023,10,0.87,14.4579617834395,80.43312101910828,7.072368421052632,0.0,0.01935483870967742,32.437086092715234,43603.86666666667,2.886538461538463,148.01282051282053,16225.5
20221023,11,0.97,15.71528662420382,75.77070063694268,7.092105263157895,0.0,0.0064516129032258064,30.642384105960264,45966.8,3.174358974358976,154.48717948717947,18271.0
20221023,12,1.0,16.54394904458599,72.78980891719745,7.4605263157894735,0.0,0.025806451612903226,30.556291390728475,52328.4,3.364743589743588,154.35897435897436,17394.5
20221023,13,0.97,16.957961783439487,72.01273885350318,7.401315789473684,0.0,0.025806451612903226,25.95364238410596,52445.5033557047,3.4121794871794884,155.64102564102564,14328.75
20221023,14,0.87,16.930573248407633,72.92993630573248,7.546052631578948,0.0,0.05806451612903226,16.70198675496689,52750.87248322148,3.396153846153845,151.4102564102564,9457.0
20221023,15,0.71,16.42356687898089,75.61146496815287,7.703947368421052,0.0012903225806451613,0.025806451612903226,6.841059602649007,50749.6644295302,3.320512820512821,146.66666666666666,4602.25
20221023,16,0.5,15.626751592356689,79.0,7.927631578947368,0.0064516129032258064,0.07096774193548387,0.9801324503311258,48638.38926174497,3.298717948717949,140.12820512820514,1003.25
20221023,17,0.26,15.022929936305731,81.20382165605096,7.894736842105263,0.09806451612903225,0.16774193548387098,0.0,44768.657718120805,3.430769230769231,144.55128205128204,7.75
20221023,18,0.0,14.794904458598728,82.1592356687898,7.881578947368421,0.2238709677419355,0.3032258064516129,0.0,42661.208053691276,3.7121794871794886,147.5,0.0
20221023,19,-0.26,14.477707006369426,84.10191082802548,7.822368421052632,0.342483660130719,0.3333333333333333,0.0,39764.86666666667,3.8301282051282053,160.06410256410257,0.0
20221023,20,-0.5,14.402547770700636,84.5031847133758,7.730263157894737,0.3006535947712418,0.40522875816993464,0.0,38822.0,3.8807692307692307,166.7948717948718,0.0
20221023,21,-0.71,14.376433121019108,85.01273885350318,7.4868421052631575,0.2935483870967742,0.4645161290322581,0,38868.46666666667,3.974358974358975,166.98717948717947,0.0
20221023,22,-0.87,14.26050955414013,85.97452229299363,7.5,0.23290322580645167,0.47096774193548385,0,38000.0,4.11474358974359,174.80769230769232,0.0
20221023,23,-0.97,14.15605095541401,86.88535031847134,6.9605263157894735,0.25870967741935497,0.5419354838709678,0,38175.666666666664,4.060256410256409,183.52564102564102,0.0
20221024,00,-1.0,13.95987261146497,87.98089171974522,6.822368421052632,0.227741935483871,0.4064516129032258,0,36708.73333333333,4.004487179487181,179.6153846153846,0.0
20221024,01,-0.97,13.764331210191079,88.94904458598727,6.364238410596027,0.15419354838709678,0.36774193548387096,0,36273.6,3.8403846153846164,180.19230769230768,0.0
20221024,02,-0.87,13.570700636942671,89.47133757961784,6.066225165562914,0.17096774193548386,0.3096774193548387,0,36059.86666666667,3.75448717948718,179.42307692307693,0.0
20221024,03,-0.71,13.45414012738854,89.69426751592357,6.139072847682119,0.14709677419354839,0.23870967741935484,0.0,36991.46666666667,3.8333333333333326,175.51282051282053,0.0
20221024,04,-0.5,13.3936305732484,89.59872611464968,6.125827814569536,0.09354838709677421,0.23870967741935484,0.0,35865.26666666667,3.9019230769230773,180.96153846153845,0.0
20221024,05,-0.26,13.328025477707003,89.51592356687898,6.642384105960265,0.12774193548387097,0.23870967741935484,0.0,36130.933333333334,3.9935897435897427,176.98717948717947,0.0
20221024,06,-0.0,13.342675159235666,88.90445859872611,7.052980132450331,0.10322580645161289,0.2645161290322581,0.0,36277.53333333333,4.05576923076923,179.55128205128204,8.25
20221024,07,0.26,13.501273885350315,88.59235668789809,7.098684210526316,0.17096774193548386,0.2838709677419355,1.1986754966887416,36864.0,4.1121794871794854,184.93589743589743,758.75
20221024,08,0.5,14.161783439490444,86.52229299363057,7.282894736842105,0.19483870967741937,0.2645161290322581,8.19205298013245,38234.86666666667,4.191025641025643,181.34615384615384,3321.5
20221024,09,0.71,14.938853503184705,83.71974522292993,7.0927152317880795,0.24645161290322587,0.25806451612903225,16.814569536423843,39860.0,4.609615384615384,187.30769230769232,6526.25
20221024,10,0.87,15.6923566878981,80.6624203821656,7.2781456953642385,0.23161290322580644,0.24516129032258063,18.966887417218544,41899.26666666667,4.948076923076921,188.52564102564102,8627.0
20221024,11,0.97,16.182802547770702,77.76433121019109,7.276315789473684,0.2238709677419355,0.23870967741935484,18.493333333333332,45186.46666666667,5.32628205128205,193.97435897435898,9058.0
20221024,12,1.0,16.38407643312102,75.97452229299363,7.315789473684211,0.2651612903225806,0.2709677419354839,14.62,47065.8,5.471794871794874,205.89743589743588,8629.75
20221024,13,0.97,16.41528662420382,74.95541401273886,7.25,0.2629870129870131,0.3116883116883117,15.186666666666667,48504.2,5.574358974358975,206.0897435897436,8158.25
20221024,14,0.87,16.340127388535027,74.5859872611465,7.132450331125828,0.17207792207792208,0.3051948051948052,15.253333333333334,50129.6,5.578205128205131,209.16666666666666,6825.25
20221024,15,0.71,15.959235668789805,75.29299363057325,6.901315789473684,0.11483870967741935,0.3032258064516129,13.506666666666666,50705.066666666666,5.495512820512819,210.57692307692307,4192.0
20221024,16,0.5,15.269426751592356,77.7515923566879,6.855263157894737,0.10519480519480519,0.2922077922077922,7.9,49171.666666666664,5.123076923076924,210.76923076923077,1150.0
20221024,17,0.26,14.574522292993635,80.09554140127389,6.598684210526316,0.09155844155844156,0.24025974025974026,0.2866666666666667,50422.333333333336,4.64551282051282,209.16666666666666,18.5
20221024,18,0.0,14.07643312101911,81.99363057324841,6.677631578947368,0.09290322580645158,0.23225806451612904,0.0,49509.8,4.375,205.76923076923077,0.0
20221024,19,-0.26,13.646496815286627,83.35031847133757,6.276315789473684,0.1387096774193548,0.2129032258064516,0.0,47744.066666666666,4.239743589743591,207.94871794871796,0.0
20221024,20,-0.5,13.25477707006369,84.71974522292993,6.046052631578948,0.2032258064516129,0.16129032258064516,0.0,47635.26666666667,4.2525641025641026,210.51282051282053,0.0
20221024,21,-0.71,12.961146496815294,85.64968152866243,5.9144736842105265,0.12838709677419355,0.23870967741935484,0,46175.13333333333,4.1967948717948715,209.16666666666666,0.0
20221024,22,-0.87,12.552229299363056,87.42038216560509,5.421052631578948,0.1161290322580645,0.23870967741935484,0,47273.933333333334,4.035897435897437,210.12820512820514,0.0
20221024,23,-0.97,12.240127388535033,88.39490445859873,4.953947368421052,0.03677419354838709,0.25161290322580643,0,44793.6,3.919871794871797,213.01282051282053,0.0
20221025,00,-1.0,11.97388535031848,89.39490445859873,5.171052631578948,0.03677419354838709,0.2129032258064516,0,44355.8,3.7512820512820486,214.03846153846155,0.0
20221025,01,-0.97,11.710828025477703,90.19745222929936,5.0131578947368425,0.032903225806451615,0.15483870967741936,0,42896.666666666664,3.7557692307692307,209.74358974358975,0.0
20221025,02,-0.87,11.537579617834398,90.63694267515923,4.75,0.04774193548387097,0.17419354838709677,0,41094.066666666666,3.7166666666666672,212.17948717948718,0.0
20221025,03,-0.71,11.399363057324836,91.09554140127389,5.565789473684211,0.021935483870967745,0.18064516129032257,0.0,39449.066666666666,3.693589743589744,211.53846153846155,0.0
20221025,04,-0.5,11.346496815286615,91.35031847133757,5.828947368421052,0.03290322580645161,0.22580645161290322,0.0,39299.933333333334,3.758974358974358,215.06410256410257,0.0
20221025,05,-0.26,11.282165605095546,91.47133757961784,5.953947368421052,0.07677419354838709,0.24516129032258063,0.0,37129.13333333333,3.68397435897436,214.6153846153846,0.0
20221025,06,-0.0,11.252866242038225,91.73885350318471,6.381578947368421,0.04709677419354838,0.27741935483870966,0.0,35878.46666666667,3.673076923076923,214.35897435897436,6.25
20221025,07,0.26,11.55732484076433,91.10191082802548,6.368421052631579,0.05741935483870967,0.2967741935483871,3.8133333333333335,35353.46666666667,3.671794871794872,216.53846153846155,1125.0
20221025,08,0.5,12.445859872611463,88.19745222929936,6.059602649006623,0.0167741935483871,0.23870967741935484,16.76510067114094,39132.86666666667,3.8564102564102565,214.42307692307693,5422.25
20221025,09,0.71,13.376433121019108,84.52866242038216,6.245033112582782,0.01806451612903226,0.23870967741935484,20.671140939597315,42737.46666666667,4.119871794871796,222.82051282051282,10854.75
20221025,10,0.87,14.085987261146498,80.89171974522293,5.934210526315789,0.024516129032258065,0.2,21.926174496644297,45139.73333333333,4.439102564102564,229.67948717948718,13050.5
20221025,11,0.97,14.627388535031853,78.03184713375796,5.5394736842105265,0.017419354838709676,0.1935483870967742,23.5,48476.26666666667,4.51474358974359,234.80769230769232,14229.0
20221025,12,1.0,15.25095541401274,74.08917197452229,5.605263157894737,0.0006451612903225806,0.15483870967741936,26.43708609271523,52667.53333333333,4.672435897435897,237.1153846153846,17946.75
20221025,13,0.97,15.56433121019109,71.87261146496816,5.197368421052632,0.014193548387096775,0.12258064516129032,30.364238410596027,52881.8,4.6724358974359,241.98717948717947,16424.0
20221025,14,0.87,15.551592356687904,71.06369426751593,4.728476821192053,0.0664516129032258,0.14838709677419354,33.9271523178808,54224.4,4.30320512820513,246.21794871794873,13164.75
20221025,15,0.71,15.121656050955414,72.8407643312102,4.572368421052632,0.05225806451612904,0.1032258064516129,37.13245033112583,54305.8,3.6679487179487213,241.21794871794873,7632.5
20221025,16,0.5,13.660509554140132,79.47770700636943,4.769736842105263,0.005161290322580645,0.07096774193548387,24.735099337748345,52625.53333333333,2.840384615384617,228.78205128205127,1672.75
20221025,17,0.26,12.24267515923567,85.5859872611465,5.2894736842105265,0.008387096774193548,0.03870967741935484,0.026490066225165563,45043.666666666664,2.3243589743589737,197.56410256410257,12.0
20221025,18,0.0,11.3624203821656,88.80254777070064,5.342105263157895,0.0012903225806451613,0.01935483870967742,0.0,40307.933333333334,2.3025641025641024,188.65384615384616,0.0
20221025,19,-0.26,10.649681528662414,91.05095541401273,5.802631578947368,0.0,0.012903225806451613,0.0,36251.4,2.2647435897435884,189.03846153846155,0.0
20221025,20,-0.5,10.11974522292994,92.54140127388536,5.815789473684211,0.0,0.01935483870967742,0.0,33355.86666666667,2.278846153846154,177.5,0.0
20221025,21,-0.71,9.83248407643312,93.26751592356688,6.315789473684211,0.0,0.0064516129032258064,0,30950.466666666667,2.33397435897436,173.97435897435898,0.0
20221025,22,-0.87,9.555414012738856,93.75796178343948,6.618421052631579,0.0,0.03225806451612903,0,29569.933333333334,2.3493589743589736,170.51282051282053,0.0
20221025,23,-0.97,9.426114649681534,93.60509554140127,6.9144736842105265,0.0,0.04516129032258064,0,28664.666666666668,2.2948387096774194,165.89743589743588,0.0
20221026,00,-1.0,9.363694267515928,93.79617834394904,6.953947368421052,0.0019354838709677422,0.14193548387096774,0,26993.733333333334,2.276129032258065,172.19354838709677,0.0
20221026,01,-0.97,9.340127388535027,93.84713375796179,7.1118421052631575,0.005806451612903226,0.2064516129032258,0,26344.0,2.2470967741935493,165.03225806451613,0.0
20221026,02,-0.87,9.208917197452228,93.89171974522293,7.0394736842105265,0.0025806451612903226,0.25161290322580643,0,24894.133333333335,2.233548387096774,154.90322580645162,0.0
20221026,03,-0.71,9.15668789808917,94.03821656050955,7.019736842105263,0.022580645161290325,0.33548387096774196,0.0,25367.066666666666,2.226451612903226,158.90322580645162,0.0
20221026,04,-0.5,9.189808917197457,93.73248407643312,6.776315789473684,0.027096774193548393,0.3419354838709677,0.0,26550.866666666665,2.346451612903225,158.7741935483871,0.0
20221026,05,-0.26,9.15095541401274,93.94904458598727,6.8618421052631575,0.024516129032258062,0.3741935483870968,0.0,26161.2,2.398709677419355,157.61290322580646,0.0
20221026,06,-0.0,9.122292993630575,94.26751592356688,6.8618421052631575,0.032258064516129024,0.36129032258064514,0.0,26111.733333333334,2.436774193548389,156.58064516129033,5.5
20221026,07,0.26,9.607692307692306,93.46153846153847,6.589403973509934,0.025161290322580653,0.38064516129032255,3.2866666666666666,27554.161073825504,2.5179487179487174,162.17948717948718,827.75
20221026,08,0.5,10.909615384615385,90.56410256410257,6.6092715231788075,0.019354838709677424,0.3096774193548387,18.72,32574.56375838926,2.5503225806451613,167.09677419354838,4274.5
20221026,09,0.71,12.457324840764334,85.98089171974522,6.203947368421052,0.0064516129032258064,0.22580645161290322,24.913333333333334,38471.0067114094,2.7490322580645175,166.15384615384616,9516.75
20221026,10,0.87,13.94331210191083,81.3375796178344,5.881578947368421,0.004516129032258064,0.13548387096774195,28.85430463576159,43477.24832214765,3.0217948717948704,173.65384615384616,14628.25
20221026,11,0.97,15.32547770700637,76.59872611464968,5.572368421052632,0.0012903225806451613,0.0967741935483871,33.62251655629139,47753.666666666664,3.2807692307692307,179.42307692307693,17201.5
20221026,12,1.0,16.306369426751598,73.50955414012739,5.717105263157895,0.0006451612903225806,0.07096774193548387,36.16556291390729,50723.2,3.4730769230769205,190.19230769230768,17932.75
20221026,13,0.97,16.97070063694267,71.6624203821656,6.1381578947368425,0.0006451612903225806,0.0967741935483871,36.82781456953642,51377.53333333333,3.4775641025641026,196.4102564102564,16357.5
20221026,14,0.87,17.177707006369424,71.51592356687898,6.190789473684211,0.0019354838709677422,0.04516129032258064,35.086092715231786,52378.066666666666,3.3814102564102555,202.17948717948718,12508.25
20221026,15,0.71,16.714649681528666,74.13375796178345,6.381578947368421,0.0,0.01935483870967742,34.09933774834437,50822.666666666664,3.181410256410255,201.4102564102564,6408.25
20221026,16,0.5,15.530573248407636,79.56687898089172,6.809210526315789,0.0,0.025806451612903226,17.90728476821192,47158.6,2.7506410256410265,195.25641025641025,1356.5
20221026,17,0.26,14.312738853503188,84.92993630573248,6.973684210526316,0.0,0.025806451612903226,0.6357615894039735,43989.73333333333,2.482051282051282,188.52564102564102,11.25
20221026,18,0.0,13.65095541401274,87.50955414012739,6.894736842105263,0.0,0.05806451612903226,0.0,39915.8,2.4064102564102567,187.82051282051282,0.0
20221026,19,-0.26,13.191082802547779,89.21019108280255,6.822368421052632,0.0006451612903225806,0.025806451612903226,0.0,36875.26666666667,2.41602564102564,191.60256410256412,0.0
20221026,20,-0.5,12.789808917197453,90.39490445859873,6.8618421052631575,0.0,0.012903225806451613,0.0,34149.4,2.456410256410256,191.98717948717947,0.0
20221026,21,-0.71,12.377070063694262,91.8407643312102,6.743421052631579,0.0,0.01935483870967742,0,30852.666666666668,2.453205128205127,193.14102564102564,0.0
20221026,22,-0.87,11.985987261146496,92.77707006369427,6.546052631578948,0.0,0.025806451612903226,0,28220.8,2.428205128205127,191.85897435897436,0.0
20221026,23,-0.97,11.580891719745226,93.5031847133758,6.546052631578948,0.0,0.0064516129032258064,0,26157.133333333335,2.4391025641025634,195.32051282051282,0.0
20221027,00,-1.0,11.247770700636941,94.28662420382166,6.381578947368421,0.0,0.0,0,23671.266666666666,2.3743589743589744,191.0897435897436,0.0
20221027,01,-0.97,10.922292993630574,94.77707006369427,6.4144736842105265,0.0006451612903225806,0.01935483870967742,0,22112.533333333333,2.327564102564103,190.12820512820514,0.0
20221027,02,-0.87,10.645222929936299,95.2547770700637,6.144736842105263,0.0012903225806451613,0.04516129032258064,0,21284.0,2.179487179487179,191.4102564102564,0.0
20221027,03,-0.71,10.347770700636943,95.36942675159236,6.177631578947368,0.0012903225806451613,0.05806451612903226,0.0,19224.733333333334,2.2128205128205147,183.71794871794873,0.0
20221027,04,-0.5,10.08726114649681,95.52229299363057,6.151315789473684,0.0006451612903225806,0.09032258064516129,0.0,17743.533333333333,2.1948717948717955,182.1153846153846,0.0
20221027,05,-0.26,9.911464968152863,95.64331210191082,6.171052631578948,0.0032258064516129032,0.14193548387096774,0.0,16474.866666666665,2.1711538461538455,179.03846153846155,0.0
20221027,06,-0.0,9.779617834394905,95.6687898089172,6.203947368421052,0.005161290322580645,0.1935483870967742,0.0,16337.533333333333,2.1743589743589746,172.8846153846154,5.0
20221027,07,0.26,10.180891719745222,94.85350318471338,5.934210526315789,0.0032258064516129032,0.1870967741935484,9.132450331125828,18164.266666666666,2.171794871794872,164.2948717948718,1445.25
20221027,08,0.5,11.914649681528664,90.61146496815287,5.184210526315789,0.003870967741935484,0.16774193548387098,36.87417218543046,24629.4,2.292307692307693,157.62820512820514,7246.0
20221027,09,0.71,13.79490445859872,85.24203821656052,4.980263157894737,0.0025806451612903226,0.0967741935483871,44.5364238410596,31407.6,2.444871794871795,163.5897435897436,14394.75
20221027,10,0.87,15.588535031847128,79.2547770700637,4.598684210526316,0.0,0.012903225806451613,49.728476821192054,38091.8,2.698076923076925,163.33333333333334,20182.75
20221027,11,0.97,17.187261146496812,73.61146496815287,4.217105263157895,0.0,0.0064516129032258064,52.9271523178808,43152.13333333333,2.9115384615384605,171.60256410256412,23545.75
20221027,12,1.0,18.361146496815287,69.51592356687898,4.203947368421052,0.0,0.0,54.81456953642384,46931.333333333336,3.130128205128205,172.82051282051282,23820.5
20221027,13,0.97,18.988535031847142,66.89808917197452,4.171052631578948,0.0,0.0064516129032258064,53.28476821192053,49424.333333333336,3.2211538461538467,175.0,20953.5
20221027,14,0.87,19.079617834394906,67.10828025477707,4.75,0.0,0.0,48.443708609271525,48063.86666666667,3.194871794871795,170.44871794871796,15333.25
20221027,15,0.71,18.338216560509544,70.8407643312102,4.927631578947368,0.0,0.0,41.86754966887417,49658.26666666667,3.0217948717948704,164.6153846153846,7677.25
20221027,16,0.5,16.715286624203824,77.69426751592357,5.723684210526316,0.0025806451612903226,0.03225806451612903,19.887417218543046,44512.46666666667,2.8153846153846143,160.57692307692307,1377.5
20221027,17,0.26,15.556050955414017,82.21019108280255,6.203947368421052,0.0019354838709677422,0.07096774193548387,0.059602649006622516,41113.86666666667,2.846153846153845,153.52564102564102,5.75
20221027,18,0.0,14.96751592356688,84.39490445859873,6.6118421052631575,0.005161290322580645,0.1032258064516129,0.0,37783.333333333336,2.8891025641025645,152.62820512820514,0.0
20221027,19,-0.26,14.692356687898082,84.96178343949045,6.6381578947368425,0.005806451612903226,0.1032258064516129,0.0,36494.8,2.9410256410256403,157.1153846153846,0.0
20221027,20,-0.5,14.344585987261146,85.61146496815287,6.75,0.0006451612903225806,0.08387096774193549,0.0,35509.86666666667,2.984615384615385,161.66666666666666,0.0
20221027,21,-0.71,14.15031847133758,85.70063694267516,6.875,0.0006451612903225806,0.03870967741935484,0,34658.46666666667,2.966666666666667,159.93589743589743,0.0
20221027,22,-0.87,13.93121019108281,85.70063694267516,6.8618421052631575,0.0006451612903225806,0.025806451612903226,0,34470.333333333336,2.8487179487179493,166.98717948717947,0.0
20221027,23,-0.97,13.754777070063689,85.86624203821655,7.019736842105263,0.0,0.05806451612903226,0,33928.46666666667,2.86474358974359,170.96153846153845,0.0
20221028,00,-1.0,13.574522292993633,86.22929936305732,7.065789473684211,0.0012903225806451613,0.07741935483870968,0,32957.73333333333,2.817948717948718,172.43589743589743,0.0
20221028,01,-0.97,13.414649681528667,86.26114649681529,6.934210526315789,0.0012903225806451613,0.07096774193548387,0,32564.733333333334,2.8038461538461528,171.0897435897436,0.0
20221028,02,-0.87,13.311464968152862,86.13375796178345,7.0394736842105265,0.0,0.09032258064516129,0,31634.0,2.787179487179488,168.9102564102564,0.0
20221028,03,-0.71,13.166878980891715,86.53503184713375,6.875,0.0019354838709677422,0.12258064516129032,0.0,31435.2,2.6666666666666683,173.97435897435898,0.0
20221028,04,-0.5,13.063694267515926,86.70063694267516,7.092105263157895,0.0025806451612903226,0.15483870967741936,0.0,30590.8,2.687820512820512,171.85897435897436,0.0
20221028,05,-0.26,12.92675159235668,86.8343949044586,6.8355263157894735,0.0025806451612903226,0.16129032258064516,0.0,30502.0,2.702564102564103,160.06410256410257,0.0
20221028,06,-0.0,13.045222929936303,86.19108280254777,7.2894736842105265,0.0012903225806451613,0.11612903225806452,0.0,31575.266666666666,2.788461538461538,166.98717948717947,4.5
20221028,07,0.26,13.359872611464969,85.32484076433121,6.9868421052631575,0.004516129032258064,0.13548387096774195,2.3509933774834435,32634.666666666668,2.7878205128205136,164.23076923076923,1014.25
20221028,08,0.5,14.682165605095538,81.22929936305732,6.315789473684211,0.0025806451612903226,0.13548387096774195,22.417218543046356,36054.0,2.871153846153848,165.96153846153845,4903.5
20221028,09,0.71,16.357324840764328,75.53503184713375,5.7105263157894735,0.003870967741935484,0.11612903225806452,35.47682119205298,38516.13333333333,2.9775641025641026,177.37179487179486,10576.75
20221028,10,0.87,18.04968152866242,69.72611464968153,5.355263157894737,0.0,0.04516129032258064,42.086092715231786,42880.26666666667,3.239102564102563,180.12820512820514,16336.0
20221028,11,0.97,19.492993630573242,65.12101910828025,5.052631578947368,0.0,0.04516129032258064,46.64238410596027,43175.933333333334,3.517948717948717,186.4102564102564,19274.25
20221028,12,1.0,20.367515923566877,62.0828025477707,5.33112582781457,0.0,0.04516129032258064,46.80132450331126,44626.2,3.6730769230769225,190.06410256410257,19447.5
20221028,13,0.97,20.82866242038217,61.47133757961783,5.315789473684211,0.0,0.03225806451612903,44.152317880794705,44686.066666666666,3.691025641025641,189.35897435897436,16884.25
20221028,14,0.87,20.69299363057323,62.32484076433121,5.9605263157894735,0.0,0.025806451612903226,36.06622516556291,44596.46666666667,3.481410256410255,188.01282051282053,11793.75
20221028,15,0.71,19.78535031847134,65.93630573248407,6.671052631578948,0.0,0.0064516129032258064,20.741721854304636,43691.4,3.2134615384615395,184.35897435897436,5415.75
20221028,16,0.5,18.399363057324827,70.86624203821655,7.473684210526316,0.0,0.0064516129032258064,4.357615894039735,41318.066666666666,3.091666666666667,184.74358974358975,936.25
20221028,17,0.26,17.46942675159236,74.03821656050955,7.690789473684211,0.0,0.03870967741935484,0.0,40249.666666666664,3.1570512820512833,186.73076923076923,1.75
20221028,18,0.0,16.923566878980886,75.80254777070064,7.802631578947368,0.0,0.03870967741935484,0.0,38118.53333333333,3.2217948717948715,190.64102564102564,0.0
20221028,19,-0.26,16.343949044585987,77.71974522292993,7.868421052631579,0.0,0.01935483870967742,0.0,36994.8,3.230128205128207,198.78205128205127,0.0
20221028,20,-0.5,15.994267515923564,78.63057324840764,7.822368421052632,0.0,0.03870967741935484,0.0,36029.53333333333,3.3653846153846168,204.67948717948718,0.0
20221028,21,-0.71,15.59999999999999,79.85987261146497,7.7631578947368425,0.0,0.01935483870967742,0,35112.066666666666,3.348717948717948,204.87179487179486,0.0
20221028,22,-0.87,15.220382165605095,80.86624203821655,7.421052631578948,0.0,0.012903225806451613,0,34681.066666666666,3.2410256410256406,213.84615384615384,0.0
20221028,23,-0.97,14.806369426751608,82.15286624203821,7.506578947368421,0.0,0.012903225806451613,0,33627.46666666667,3.1910256410256426,224.2948717948718,0.0
20221029,00,-1.0,14.343949044585994,83.4968152866242,7.3355263157894735,0.0,0.0,0,32561.066666666666,3.031410256410257,218.07692307692307,0.0
20221029,01,-0.97,13.891719745222922,85.04458598726114,7.421052631578948,0.0,0.0,0,30861.533333333333,2.7916666666666656,219.2948717948718,0.0
20221029,02,-0.87,13.408280254777075,86.80891719745223,7.328947368421052,0.0,0.0064516129032258064,0,28903.0,2.6301282051282056,216.7948717948718,0.0
20221029,03,-0.71,12.988535031847135,88.01910828025478,7.565789473684211,0.0006451612903225806,0.0064516129032258064,0.0,27390.2,2.5076923076923068,206.85897435897436,0.0
20221029,04,-0.5,12.652866242038218,89.06369426751593,7.401315789473684,0.0,0.012903225806451613,0.0,26360.933333333334,2.4224358974358986,205.0,0.0
20221029,05,-0.26,12.41210191082802,89.61783439490446,7.657894736842105,0.0,0.025806451612903226,0.0,24986.466666666667,2.3865384615384606,193.26923076923077,0.0
20221029,06,-0.0,12.136942675159236,90.2547770700637,7.5394736842105265,0.0006451612903225806,0.05806451612903226,0.0,23702.866666666665,2.3275641025641023,195.64102564102564,2.5
20221029,07,0.26,12.456050955414012,89.64968152866243,7.315789473684211,0.0006451612903225806,0.03870967741935484,1.2516556291390728,24947.866666666665,2.2461538461538457,188.84615384615384,828.25
20221029,08,0.5,13.721019108280247,86.02547770700637,6.7631578947368425,0.0025806451612903226,0.03870967741935484,15.47019867549669,26698.733333333334,2.259615384615385,177.17948717948718,4612.75
20221029,09,0.71,15.195541401273887,81.0,6.802631578947368,0.0,0.04516129032258064,21.576158940397352,30415.8,2.4397435897435913,179.03846153846155,9103.0
20221029,10,0.87,16.556687898089173,76.21019108280255,6.953947368421052,0.0,0.0064516129032258064,24.04635761589404,33515.26666666667,2.547435897435898,185.96153846153845,13433.5
20221029,11,0.97,17.761783439490454,71.8407643312102,7.0855263157894735,0.0,0.01935483870967742,28.29801324503311,34422.2,2.6108974358974364,185.76923076923077,16048.75
20221029,12,1.0,18.630573248407636,68.61783439490446,7.019736842105263,0.0,0.012903225806451613,29.801324503311257,36676.73333333333,2.575641025641025,182.8846153846154,16728.0
20221029,13,0.97,19.191719745222944,67.17834394904459,6.848684210526316,0.0,0.0064516129032258064,30.933774834437084,36529.73333333333,2.532051282051282,181.0897435897436,15070.75
20221029,14,0.87,19.168152866242036,68.06369426751593,7.2631578947368425,0.0,0.01935483870967742,26.357615894039736,36369.13333333333,2.4634615384615377,181.4102564102564,10529.0
20221029,15,0.71,18.467515923566882,71.43312101910828,7.572368421052632,0.0025806451612903226,0.04516129032258064,14.867549668874172,34571.066666666666,2.205769230769231,179.03846153846155,4876.0
20221029,16,0.5,17.078343949044594,76.64331210191082,7.657894736842105,0.0019354838709677422,0.07096774193548387,2.5099337748344372,33158.26666666667,2.094871794871794,163.33333333333334,873.25
20221029,17,0.26,16.068789808917202,79.94904458598727,7.894736842105263,0.0006451612903225806,0.09032258064516129,0.0,29744.466666666667,2.1557692307692307,156.85897435897436,1.25
20221029,18,0.0,15.45923566878981,81.70700636942675,7.828947368421052,0.0006451612903225806,0.08387096774193549,0.0,28060.2,2.134615384615386,158.9102564102564,0.0
20221029,19,-0.26,15.01019108280254,82.71337579617834,7.934210526315789,0.0006451612903225806,0.05806451612903226,0.0,26922.866666666665,2.1769230769230763,158.9102564102564,0.0
20221029,20,-0.5,14.589808917197452,83.70063694267516,7.9144736842105265,0.0,0.03870967741935484,0.0,26319.6,2.184615384615385,162.8846153846154,0.0
20221029,21,-0.71,14.308917197452226,83.828025477707,7.868421052631579,0.0,0.03225806451612903,0,24790.6,2.2076923076923087,166.7948717948718,0.0
20221029,22,-0.87,13.975159235668793,84.60509554140127,7.8881578947368425,0.0025806451612903226,0.03225806451612903,0,25061.8,2.256410256410257,159.55128205128204,0.0
20221029,23,-0.97,13.83885350318471,84.61146496815287,7.809210526315789,0.0006451612903225806,0.03225806451612903,0,25252.8,2.264102564102565,164.87179487179486,0.0
20221030,00,-1.0,13.636942675159236,84.75796178343948,7.782894736842105,0.0,0.01935483870967742,0,24633.066666666666,2.2269230769230766,162.8846153846154,0.0
20221030,01,-0.97,13.349681528662424,85.0828025477707,7.7368421052631575,0.0006451612903225806,0.03225806451612903,0,25549.6,2.1910256410256412,166.98717948717947,0.0
20221030,02,-0.87,13.031847133757969,85.29936305732484,7.7105263157894735,0.0,0.012903225806451613,0,24724.266666666666,2.210897435897436,160.0,0.0
20221030,03,-0.71,12.731210191082805,85.84713375796179,7.302631578947368,0.0,0.012903225806451613,0.0,24888.333333333332,2.1487179487179477,169.55128205128204,0.0
20221030,04,-0.5,12.539490445859874,86.171974522293,7.046052631578948,0.0006451612903225806,0.01935483870967742,0.0,25254.0,2.1506410256410255,170.44871794871796,0.0
20221030,05,-0.26,12.224840764331212,86.56050955414013,6.921052631578948,0.0,0.03225806451612903,0.0,24725.533333333333,2.0942307692307693,172.24358974358975,0.0
20221030,06,-0.0,11.916560509554143,87.21656050955414,6.697368421052632,0.0019354838709677422,0.05161290322580645,0.0,23907.6,2.1217948717948727,174.6153846153846,11.25
20221030,07,0.26,12.049681528662422,87.01273885350318,6.348684210526316,0.0006451612903225806,0.04516129032258064,2.019867549668874,24270.0,2.008333333333334,176.47435897435898,1116.75
20221030,08,0.5,13.628662420382167,82.52866242038216,5.480263157894737,0.0012903225806451613,0.05161290322580645,29.2317880794702,26969.333333333332,1.9980769230769222,171.21794871794873,6239.75
20221030,09,0.71,15.633121019108287,75.85987261146497,5.427631578947368,0.0012903225806451613,0.03870967741935484,45.78145695364238,31114.0,2.1333333333333337,175.96153846153845,13181.0
20221030,10,0.87,17.556050955414022,69.17834394904459,4.684210526315789,0.0,0.0,53.93377483443709,33534.86666666667,2.3108974358974357,184.16666666666666,19310.75
20221030,11,0.97,19.001910828025476,64.2547770700637,3.9276315789473686,0.0,0.0,57.18543046357616,36294.4,2.4935897435897445,194.67948717948718,22659.0
20221030,12,1.0,20.065605095541393,60.65605095541401,3.6578947368421053,0.0,0.0,58.59602649006622,38189.333333333336,2.572435897435898,196.7948717948718,22595.25
20221030,13,0.97,20.61847133757962,58.66242038216561,4.2781456953642385,0.0,0.0,58.562913907284766,37698.13333333333,2.5173076923076922,193.26923076923077,19643.25
20221030,14,0.87,20.554140127388525,59.847133757961785,4.966887417218543,0.0,0.0,55.64900662251656,38824.0,2.344871794871796,195.76923076923077,13782.0
20221030,15,0.71,19.290445859872598,65.54140127388536,5.6092715231788075,0.0,0.0,43.211920529801326,37116.53333333333,2.0461538461538455,197.82051282051282,6358.75
20221030,16,0.5,16.92802547770701,74.52229299363057,5.8618421052631575,0.0,0.0,8.913907284768213,33911.933333333334,1.8237179487179493,187.1153846153846,983.75
20221030,17,0.26,15.363057324840758,80.01910828025478,6.144736842105263,0.0,0.0,0.0,30676.066666666666,1.887820512820512,181.92307692307693,2.25
20221030,18,0.0,14.336942675159236,83.12738853503184,6.25,0.0,0.0,0.0,28386.533333333333,1.9134615384615374,174.74358974358975,0.0
20221030,19,-0.26,13.600636942675155,84.89171974522293,6.328947368421052,0.0,0.0,0.0,26392.533333333333,1.907051282051284,188.84615384615384,0.0
20221030,20,-0.5,12.94968152866242,86.0,6.046052631578948,0.0,0.0,0.0,25222.733333333334,1.8429487179487178,195.25641025641025,0.0
20221030,21,-0.71,12.442675159235668,86.99363057324841,5.953947368421052,0.0,0.0064516129032258064,0,23992.933333333334,1.8288461538461531,201.53846153846155,0.0
20221030,22,-0.87,11.954777070063688,88.00636942675159,5.5855263157894735,0.0,0.0,0,22979.333333333332,1.7923076923076924,200.25641025641025,0.0
20221030,23,-0.97,11.535668789808915,88.6624203821656,5.651315789473684,0.0,0.0,0,22938.933333333334,1.8628205128205122,201.53846153846155,0.0
20221031,00,-1.0,11.203821656050952,88.87898089171975,5.809210526315789,0.0006451612903225806,0.025806451612903226,0,22514.133333333335,1.828846153846154,205.96153846153845,0.0
20221031,01,-0.97,10.86751592356688,90.04458598726114,5.519736842105263,0.0006451612903225806,0.05161290322580645,0,21565.6,1.7403846153846165,211.73076923076923,0.0
20221031,02,-0.87,10.54331210191083,91.13375796178345,5.421052631578948,0.0012903225806451613,0.05806451612903226,0,20309.066666666666,1.7435897435897432,206.47435897435898,0.0
20221031,03,-0.71,10.27707006369427,91.40127388535032,5.546052631578948,0.0025806451612903226,0.0967741935483871,0.0,19047.0,1.6929487179487182,199.74358974358975,0.0
20221031,04,-0.5,10.040764331210184,91.94904458598727,5.592105263157895,0.0019354838709677422,0.0967741935483871,0.0,18785.333333333332,1.7487179487179498,194.03846153846155,0.0
20221031,05,-0.26,9.825477707006366,92.4968152866242,5.684210526315789,0.0032258064516129032,0.12258064516129032,0.0,17186.866666666665,1.7288461538461541,185.25641025641025,0.0
20221031,06,-0.0,9.621019108280255,93.1656050955414,5.809210526315789,0.003870967741935484,0.14193548387096774,0.0,15847.933333333332,1.6621794871794873,180.25641025641025,1.5
20221031,07,0.26,9.824840764331208,92.8407643312102,5.644736842105263,0.0025806451612903226,0.16774193548387098,6.072847682119205,16218.533333333333,1.7134615384615377,183.01282051282053,966.75
20221031,08,0.5,11.280254777070061,89.68789808917198,6.078947368421052,0.005161290322580645,0.16774193548387098,26.258278145695364,18575.733333333334,1.694871794871795,180.83333333333334,5339.25
20221031,09,0.71,12.894267515923573,85.37579617834395,6.532894736842105,0.0019354838709677422,0.10967741935483871,30.251655629139073,21315.933333333334,1.6354838709677422,183.8709677419355,10407.75
20221031,10,0.87,14.193630573248416,81.6687898089172,6.875,0.0006451612903225806,0.05161290322580645,30.32450331125828,22278.6,1.6922580645161285,178.6451612903226,14015.75
20221031,11,0.97,15.289171974522288,78.26114649681529,7.0394736842105265,0.0006451612903225806,0.04516129032258064,33.13907284768212,22995.5033557047,1.8380645161290325,179.61290322580646,15439.75
20221031,12,1.0,16.02484076433121,76.01273885350318,7.315789473684211,0.0,0.01935483870967742,29.695364238410598,24819.060402684565,1.9108974358974369,170.32051282051282,14922.75
20221031,13,0.97,16.30063694267517,75.43312101910828,7.447368421052632,0.0,0.012903225806451613,23.95364238410596,25089.93288590604,1.962820512820512,166.4102564102564,11940.25
20221031,14,0.87,16.119108280254768,76.54777070063695,7.651315789473684,0.0,0.03225806451612903,18.00662251655629,24624.026845637585,2.0262820512820516,149.48717948717947,7941.75
20221031,15,0.71,15.504458598726124,79.2547770700637,7.578947368421052,0.0,0.03225806451612903,11.62251655629139,25157.31543624161,1.9852564102564099,140.96153846153845,3999.25
20221031,16,0.5,14.421656050955422,83.53503184713375,7.480263157894737,0.0006451612903225806,0.03870967741935484,5.642384105960265,22705.10067114094,1.9743589743589747,131.73076923076923,834.75
20221031,17,0.26,13.624840764331207,86.17834394904459,7.223684210526316,0.0019354838709677422,0.03870967741935484,0.0,20892.48322147651,2.1923076923076916,119.42307692307692,1.0
20221031,18,0.0,13.085350318471335,87.60509554140127,6.848684210526316,0.0012903225806451613,0.03225806451612903,0.0,18711.879194630874,2.4262820512820524,121.41025641025641,0.0
20221031,19,-0.26,12.707643312101915,88.22292993630573,6.768211920529802,0.0006451612903225806,0.04516129032258064,0.0,18726.533333333333,2.6096153846153842,126.7948717948718,0.0
20221031,20,-0.5,12.305095541401274,89.47133757961784,6.682119205298013,0.0,0.03225806451612903,0.0,17620.066666666666,2.7076923076923083,131.85897435897436,0.0
20221031,21,-0.71,12.117197452229298,89.80254777070064,6.900662251655629,0.0006451612903225806,0.03870967741935484,0,17170.066666666666,2.8269230769230766,142.43589743589743,0.0
20221031,22,-0.87,12.002547770700634,89.80891719745223,6.880794701986755,0.0006451612903225806,0.05806451612903226,0,17197.6,2.940384615384615,139.23076923076923,0.0
20221031,23,-0.97,11.833121019108285,90.2484076433121,7.370860927152318,0.0006451612903225806,0.09032258064516129,0,15763.866666666667,2.993589743589744,144.10256410256412,0.0
20221101,00,-1.0,11.798089171974523,90.03184713375796,7.516556291390729,0.005806451612903226,0.12903225806451613,0,16257.933333333332,3.0980769230769236,148.5897435897436,0.0
20221101,01,-0.97,11.689808917197457,90.38216560509554,7.5131578947368425,0.008387096774193548,0.1935483870967742,0,16111.2,3.1980769230769233,152.94871794871796,0.0
20221101,02,-0.87,11.624203821656055,90.79617834394904,7.4868421052631575,0.012258064516129034,0.24516129032258063,0,16038.866666666667,3.299999999999999,158.84615384615384,0.0
20221101,03,-0.71,11.549681528662425,91.54777070063695,7.6118421052631575,0.05548387096774193,0.24516129032258063,0.0,16383.4,3.503205128205127,151.92307692307693,0.0
20221101,04,-0.5,11.528025477707,91.86624203821655,7.5,0.07483870967741935,0.2709677419354839,0.0,16794.666666666668,3.500000000000002,163.65384615384616,0.0
20221101,05,-0.26,11.736942675159234,91.2547770700637,7.598684210526316,0.11354838709677416,0.3096774193548387,0.0,18252.533333333333,3.6121794871794872,171.28205128205127,0.0
20221101,06,-0.0,11.962420382165604,90.44585987261146,7.703947368421052,0.09225806451612904,0.33548387096774196,0.0,20582.933333333334,3.7974193548387096,176.6451612903226,1.25
20221101,07,0.26,12.171974522292992,89.5859872611465,7.5131578947368425,0.06645161290322579,0.32903225806451614,0.13245033112582782,22528.4,3.9554838709677407,187.5483870967742,369.25
20221101,08,0.5,12.674522292993629,87.63694267515923,7.296052631578948,0.04193548387096774,0.3225806451612903,2.9205298013245033,28040.533333333333,4.184516129032256,197.5483870967742,2577.25
20221101,09,0.71,13.400636942675165,83.88535031847134,6.934210526315789,0.026451612903225803,0.21935483870967742,10.456953642384105,31997.2,4.412903225806453,202.4516129032258,6336.5
20221101,10,0.87,14.249044585987258,79.31847133757962,6.407894736842105,0.00903225806451613,0.15483870967741936,16.781456953642383,36973.8,4.669677419354839,211.67741935483872,10540.75
20221101,11,0.97,14.894904458598734,74.85350318471338,5.868421052631579,0.01096774193548387,0.12903225806451613,22.1523178807947,41439.46666666667,4.991612903225807,217.29032258064515,13141.25
20221101,12,1.0,15.382165605095542,71.44585987261146,5.5855263157894735,0.0032258064516129032,0.1032258064516129,24.99337748344371,44445.8,5.2490322580645135,226.83870967741936,13869.25
20221101,13,0.97,15.533121019108284,69.4968152866242,5.618421052631579,0.0025806451612903226,0.1032258064516129,29.509933774834437,45735.0,5.257419354838708,230.38709677419354,12938.75
20221101,14,0.87,15.448407643312105,68.36305732484077,5.151315789473684,0.0019354838709677422,0.0967741935483871,32.29139072847682,46720.73333333333,4.989032258064518,229.74193548387098,10192.75
20221101,15,0.71,14.935668789808918,69.34394904458598,4.723684210526316,0.0006451612903225806,0.07096774193548387,36.94701986754967,48189.46666666667,4.4548387096774205,226.7741935483871,5363.75
20221101,16,0.5,13.60573248407643,73.73885350318471,4.421052631578948,0.0,0.01935483870967742,20.834437086092716,45696.73333333333,3.683870967741936,221.93548387096774,1006.0
20221101,17,0.26,12.372611464968145,78.20382165605096,3.914473684210526,0.0,0.025806451612903226,0.0728476821192053,42874.13333333333,3.15483870967742,213.74193548387098,1.25
20221101,18,0.0,11.439490445859873,81.13375796178345,3.1842105263157894,0.0,0.025806451612903226,0.0,40038.73333333333,3.052903225806451,201.67741935483872,0.0
20221101,19,-0.26,10.879617834394905,82.46496815286625,2.9473684210526314,0.0012903225806451613,0.025806451612903226,0.0,39508.8,3.1103225806451613,204.19354838709677,0.0
20221101,20,-0.5,10.44585987261146,83.44585987261146,2.7828947368421053,0.0,0.025806451612903226,0.0,38662.0,3.2161290322580647,197.16129032258064,0.0
20221101,21,-0.71,10.03312101910828,84.05732484076434,3.138157894736842,0.0,0.01935483870967742,0,37597.46666666667,3.3167741935483863,198.25806451612902,0.0
20221101,22,-0.87,9.619108280254778,84.94267515923566,3.4276315789473686,0.0,0.012903225806451613,0,35915.2,3.302580645161288,199.09677419354838,0.0
20221101,23,-0.97,9.371974522292994,85.23566878980891,3.875,0.0,0.012903225806451613,0,34854.6,3.4096774193548396,200.38709677419354,0.0
20221102,00,-1.0,9.106369426751591,85.52866242038216,4.243421052631579,0.0,0.03870967741935484,0,35148.53333333333,3.59741935483871,208.1290322580645,0.0
20221102,01,-0.97,8.96050955414013,85.91082802547771,4.993421052631579,0.0006451612903225806,0.07741935483870968,0,34749.13333333333,3.6999999999999984,200.96774193548387,0.0
20221102,02,-0.87,8.89617834394905,85.98089171974522,5.671052631578948,0.016129032258064516,0.11612903225806452,0,35883.0,3.7548387096774163,199.48387096774192,0.0
20221102,03,-0.71,8.91719745222929,85.91082802547771,6.572368421052632,0.007096774193548387,0.14838709677419354,0.0,35998.0,3.9212903225806435,202.4516129032258,0.0
20221102,04,-0.5,8.894267515923566,86.1656050955414,6.3355263157894735,0.01032258064516129,0.15483870967741936,0.0,36176.2,4.039354838709677,202.1290322580645,0.0
20221102,05,-0.26,8.87324840764331,86.12101910828025,6.026315789473684,0.0064516129032258064,0.14838709677419354,0.0,36864.933333333334,4.127741935483874,202.25806451612902,0.0
20221102,06,-0.0,8.81783439490446,86.40127388535032,5.644736842105263,0.01032258064516129,0.14193548387096774,0.0,36669.333333333336,4.263870967741933,205.80645161290323,2.25
20221102,07,0.26,9.164331210191085,85.52866242038216,5.269736842105263,0.004516129032258065,0.14193548387096774,3.1390728476821192,36357.0,4.392258064516125,206.1290322580645,790.75
20221102,08,0.5,10.119108280254776,82.70700636942675,5.2894736842105265,0.03612903225806451,0.16774193548387098,25.43708609271523,37443.46666666667,4.700645161290323,210.19354838709677,4749.0
20221102,09,0.71,11.209554140127391,78.46496815286625,5.375,0.032903225806451615,0.16129032258064516,28.688741721854306,40789.73333333333,5.157419354838712,221.5483870967742,10033.25
20221102,10,0.87,12.024358974358973,74.02564102564102,5.74496644295302,0.06451612903225805,0.12258064516129032,26.56,41802.68456375839,5.7915584415584425,231.09677419354838,13966.25
20221102,11,0.97,12.519871794871793,69.86538461538461,5.466666666666667,0.04387096774193548,0.14838709677419354,26.686666666666667,45262.281879194634,6.150649350649349,240.58441558441558,16161.5
20221102,12,1.0,12.787820512820506,67.01282051282051,4.966887417218543,0.09419354838709677,0.2,28.886666666666667,48010.13422818792,6.23051948051948,245.0,16081.75
20221102,13,0.97,13.040764331210195,63.847133757961785,4.782894736842105,0.09935483870967743,0.12258064516129032,31.0,50268.26666666667,5.9416666666666655,247.30769230769232,14757.0
20221102,14,0.87,12.9687898089172,62.7515923566879,4.394736842105263,0.06451612903225806,0.13548387096774195,36.70860927152318,51099.13333333333,5.60128205128205,247.82051282051282,11840.0
20221102,15,0.71,12.396815286624209,64.36305732484077,3.5065789473684212,0.08838709677419354,0.11612903225806452,40.98675496688742,51313.2,4.890384615384615,247.30769230769232,6260.5
20221102,16,0.5,10.803184713375797,70.68152866242038,3.348684210526316,0.053548387096774196,0.10967741935483871,20.986754966887418,48686.333333333336,3.788461538461537,240.57692307692307,971.0
20221102,17,0.26,9.35796178343949,76.68789808917198,3.7565789473684212,0.0019354838709677422,0.07096774193548387,0.0,46435.333333333336,3.0679487179487186,213.2051282051282,0.5
20221102,18,0.0,8.491082802547776,79.90445859872611,4.065789473684211,0.0,0.012903225806451613,0.0,44090.2,2.8794871794871795,198.46153846153845,0.0
20221102,19,-0.26,7.844585987261144,82.19108280254777,4.4605263157894735,0.0,0.0064516129032258064,0.0,40984.26666666667,2.86025641025641,186.34615384615384,0.0
20221102,20,-0.5,7.317834394904458,83.75796178343948,4.868421052631579,0.0,0.0,0.0,39173.8,2.8557692307692313,186.92307692307693,0.0
20221102,21,-0.71,6.9082802547770665,85.29936305732484,5.6644736842105265,0.0,0.0,0,37412.46666666667,2.806410256410256,182.8846153846154,0.0
20221102,22,-0.87,6.550955414012737,86.10191082802548,6.2894736842105265,0.0,0.0,0,35959.4,2.753205128205128,169.6153846153846,0.0
20221102,23,-0.97,6.363057324840765,86.45859872611464,6.7894736842105265,0.0,0.0,0,35128.53333333333,2.811538461538462,172.17948717948718,0.0
20221103,00,-1.0,6.212101910828023,86.88535031847134,7.2894736842105265,0.0,0.0064516129032258064,0,34665.2,2.823717948717949,161.21794871794873,0.0
20221103,01,-0.97,6.0643312101910825,87.52866242038216,7.157894736842105,0.0,0.0,0,34484.2,2.977564102564103,160.64102564102564,0.0
20221103,02,-0.87,5.9764331210191095,88.10191082802548,7.197368421052632,0.0,0.0,0,32398.266666666666,3.022435897435897,163.33333333333334,0.0
20221103,03,-0.71,5.868789808917197,88.28662420382166,7.302631578947368,0.0,0.0064516129032258064,0.0,31501.533333333333,3.1096153846153833,157.94871794871796,0.0
20221103,04,-0.5,5.81464968152866,88.67515923566879,7.440789473684211,0.0,0.0,0.0,32773.8,3.1692307692307695,160.44871794871796,0.0
20221103,05,-0.26,5.789808917197454,89.171974522293,7.381578947368421,0.0,0.012903225806451613,0.0,32041.8,3.301923076923077,155.64102564102564,0.0
20221103,06,-0.0,5.715923566878981,89.24203821656052,7.401315789473684,0.0,0.012903225806451613,0.0,31059.8,3.298076923076924,163.26923076923077,1.25
20221103,07,0.26,6.046496815286624,88.94904458598727,7.381578947368421,0.0,0.012903225806451613,2.9536423841059603,31166.333333333332,3.364743589743591,159.87179487179486,859.5
20221103,08,0.5,7.319745222929937,85.4968152866242,7.078947368421052,0.0006451612903225806,0.012903225806451613,22.43046357615894,34564.066666666666,3.447435897435898,151.92307692307693,5150.75
20221103,09,0.71,8.829299363057327,81.35668789808918,7.0927152317880795,0.0,0.0064516129032258064,31.264900662251655,39025.2,3.5653846153846187,164.42307692307693,10518.25
20221103,10,0.87,10.166878980891726,77.32484076433121,7.245033112582782,0.0,0.0,32.264900662251655,43198.8,3.8185897435897425,171.92307692307693,14132.5
20221103,11,0.97,11.280254777070065,73.76433121019109,7.447368421052632,0.0,0.0,26.695364238410598,44115.86666666667,3.9416666666666687,165.25641025641025,14876.75
20221103,12,1.0,11.875159235668788,72.01273885350318,7.4868421052631575,0.0,0.0,24.539473684210527,47195.333333333336,4.050000000000004,162.82051282051282,13437.25
20221103,13,0.97,12.034394904458596,72.10191082802548,7.671052631578948,0.0,0.0064516129032258064,18.894736842105264,46075.13333333333,4.059615384615384,158.39743589743588,10498.5
20221103,14,0.87,11.888535031847136,73.5859872611465,7.8344370860927155,0.007741935483870969,0.03870967741935484,10.243421052631579,45744.8322147651,3.987820512820515,151.28205128205127,6090.75
20221103,15,0.71,11.29235668789809,76.55414012738854,7.927152317880795,0.043225806451612905,0.07741935483870968,2.5592105263157894,43711.342281879195,3.883870967741934,144.6451612903226,2342.75
20221103,16,0.5,10.642675159235669,79.45222929936305,7.900662251655629,0.06322580645161291,0.12258064516129032,0.006578947368421052,41197.26666666667,3.7896774193548386,148.46153846153845,253.25
20221103,17,0.26,10.230573248407644,81.19108280254777,7.868421052631579,0.05806451612903226,0.1935483870967742,0.0,38245.6,3.8980769230769234,142.82051282051282,0.25
20221103,18,0.0,10.096178343949045,81.96815286624204,7.894039735099338,0.13806451612903228,0.23870967741935484,0.0,36368.53333333333,3.966025641025639,139.23076923076923,0.0
20221103,19,-0.26,9.905732484076434,83.21019108280255,7.8344370860927155,0.22,0.3096774193548387,0.0,34975.73333333333,3.980769230769231,143.07692307692307,0.0
20221103,20,-0.5,9.749044585987265,84.48407643312102,7.741721854304636,0.34451612903225803,0.36129032258064514,0.0,33704.8,3.883333333333335,154.35897435897436,0.0
20221103,21,-0.71,9.654140127388532,85.32484076433121,7.6118421052631575,0.2670967741935485,0.44516129032258067,0,32700.333333333332,3.913461538461538,158.78205128205127,0.0
20221103,22,-0.87,9.54649681528662,86.22929936305732,7.569536423841059,0.18903225806451612,0.49032258064516127,0,33353.6,4.103846153846151,159.67948717948718,0.0
20221103,23,-0.97,9.518471337579617,86.5859872611465,7.708609271523179,0.14903225806451614,0.5225806451612903,0,33901.53333333333,4.25448717948718,172.30769230769232,0.0
20221104,00,-1.0,9.452229299363058,86.46496815286625,7.622516556291391,0.12967741935483873,0.5419354838709678,0,35328.2,4.309615384615384,183.39743589743588,0.0
20221104,01,-0.97,9.252229299363053,87.5031847133758,7.6092715231788075,0.10580645161290321,0.5741935483870968,0,35862.8,4.387820512820515,186.21794871794873,0.0
20221104,02,-0.87,9.066242038216556,88.46496815286625,7.596026490066225,0.1432258064516129,0.6387096774193548,0,36750.13333333333,4.4692307692307685,190.57692307692307,0.0
20221104,03,-0.71,8.863694267515926,88.90445859872611,7.397350993377484,0.10774193548387094,0.535483870967742,0.0,38423.4,4.4339743589743605,197.94871794871796,0.0
20221104,04,-0.5,8.707643312101906,88.91082802547771,7.370860927152318,0.1387096774193548,0.5419354838709678,0.0,38260.13333333333,4.125000000000003,207.17948717948718,0.0
20221104,05,-0.26,8.572611464968155,89.12738853503184,7.357615894039735,0.1554838709677419,0.4838709677419355,0.0,38097.6,3.951282051282053,209.93589743589743,0.0
20221104,06,-0.0,8.397452229299365,89.8407643312102,7.47682119205298,0.15096774193548387,0.4967741935483871,0.0,34783.333333333336,3.7974358974359004,212.75641025641025,0.25
20221104,07,0.26,8.2796178343949,90.27388535031847,7.589403973509934,0.17096774193548386,0.43870967741935485,0.0,34933.53333333333,3.432692307692306,211.66666666666666,104.75
20221104,08,0.5,8.463057324840761,89.70063694267516,7.6092715231788075,0.14258064516129032,0.4258064516129032,0.6118421052631579,36278.066666666666,3.2506410256410274,216.21794871794873,1227.0
20221104,09,0.71,8.870063694267516,87.99363057324841,7.602649006622516,0.15483870967741936,0.38064516129032255,2.8026315789473686,37655.53333333333,3.198717948717948,213.46153846153845,3453.5
20221104,10,0.87,9.340127388535025,85.64968152866243,7.5364238410596025,0.15225806451612905,0.4064516129032258,5.480263157894737,41940.80536912752,3.275641025641026,224.03846153846155,5987.25
20221104,11,0.97,9.700636942675164,83.14012738853503,7.430463576158941,0.16516129032258067,0.36129032258064514,7.717105263157895,43976.13333333333,3.3333333333333313,233.52564102564102,7587.0
20221104,12,1.0,9.933757961783435,81.4140127388535,7.218543046357616,0.1851612903225806,0.3935483870967742,9.605263157894736,45054.333333333336,3.187820512820513,249.10256410256412,7774.5
20221104,13,0.97,10.016560509554147,80.57961783439491,7.264900662251655,0.1270967741935484,0.4,10.710526315789474,43996.46666666667,2.984615384615385,254.55128205128204,6819.75
20221104,14,0.87,9.943312101910834,80.7515923566879,7.052980132450331,0.13290322580645159,0.36129032258064514,10.243421052631579,45556.0,2.7269230769230766,261.7307692307692,5031.5
20221104,15,0.71,9.53375796178344,83.12101910828025,7.099337748344371,0.127741935483871,0.3935483870967742,8.927631578947368,43286.13333333333,2.5089743589743585,259.55128205128204,2438.0
20221104,16,0.5,8.71910828025478,87.06369426751593,7.2781456953642385,0.14129032258064514,0.3870967741935484,2.5,41371.53333333333,2.153205128205129,257.7564102564103,391.5
20221104,17,0.26,8.135031847133755,89.75796178343948,7.139072847682119,0.1554838709677419,0.36774193548387096,0.0,36127.2,2.023717948717948,248.65384615384616,0.25
20221104,18,0.0,7.859235668789811,90.99363057324841,7.152317880794702,0.16451612903225807,0.32903225806451614,0.0,32997.13333333333,2.0249999999999995,249.10256410256412,0.0
20221104,19,-0.26,7.6324840764331165,91.72611464968153,7.066225165562914,0.13225806451612904,0.32903225806451614,0.0,29924.533333333333,2.1108974358974373,254.03846153846155,0.0
20221104,20,-0.5,7.516560509554138,92.14012738853503,6.894039735099338,0.14451612903225805,0.34838709677419355,0.0,26303.866666666665,2.2070512820512813,251.66666666666666,0.0
20221104,21,-0.71,7.358598726114651,92.47133757961784,6.7218543046357615,0.09612903225806452,0.4129032258064516,0,24348.866666666665,2.188461538461539,250.83333333333334,0.0
20221104,22,-0.87,7.129299363057322,93.08917197452229,6.927152317880795,0.16838709677419364,0.432258064516129,0,22903.8,2.2551282051282056,253.84615384615384,0.0
20221104,23,-0.97,7.031210191082802,93.27388535031847,6.880794701986755,0.14451612903225805,0.4258064516129032,0,21578.666666666668,2.331410256410256,252.94871794871796,0.0
20221105,00,-1.0,6.9305732484076445,93.68789808917198,6.960264900662252,0.1561290322580645,0.432258064516129,0,20843.066666666666,2.459615384615383,259.61538461538464,0.0
20221105,01,-0.97,6.824203821656051,93.61146496815287,6.695364238410596,0.1793548387096775,0.4967741935483871,0,20444.266666666666,2.561538461538462,261.28205128205127,0.0
20221105,02,-0.87,6.5363057324840765,94.01910828025478,6.344370860927152,0.12967741935483867,0.4645161290322581,0,18675.6,2.565384615384615,257.6923076923077,0.0
20221105,03,-0.71,6.340127388535031,94.56687898089172,6.178807947019868,0.1064516129032258,0.3870967741935484,0.0,16913.266666666666,2.6250000000000004,256.6025641025641,0.0
20221105,04,-0.5,6.160509554140125,94.77070063694268,6.006622516556291,0.14967741935483878,0.36774193548387096,0.0,16699.2,2.6320512820512825,248.78205128205127,0.0
20221105,05,-0.26,5.9917197452229285,95.12101910828025,5.854304635761589,0.1206451612903226,0.38064516129032255,0.0,15713.733333333334,2.5378205128205127,248.65384615384616,0.0
20221105,06,-0.0,5.789808917197451,95.2484076433121,5.582781456953643,0.12838709677419355,0.3548387096774194,0.0,14976.066666666668,2.5974358974358975,248.84615384615384,0.25
20221105,07,0.26,5.797452229299364,95.29936305732484,5.549668874172186,0.09161290322580645,0.2838709677419355,0.16447368421052633,15748.533333333333,2.6083333333333334,246.15384615384616,347.75
20221105,08,0.5,6.485350318471339,93.29299363057325,5.125827814569536,0.05419354838709678,0.24516129032258063,16.342105263157894,18278.533333333333,2.6628205128205127,246.53846153846155,3210.5
20221105,09,0.71,7.5076433121019095,89.32484076433121,4.774834437086093,0.04516129032258064,0.21935483870967742,24.842105263157894,24205.4,2.924358974358976,250.19230769230768,7838.5
20221105,10,0.87,8.398089171974522,84.95541401273886,4.701986754966887,0.02903225806451613,0.2129032258064516,27.651315789473685,30001.266666666666,3.2692307692307705,255.19230769230768,11888.25
20221105,11,0.97,9.102547770700635,81.52866242038216,4.397350993377484,0.06322580645161288,0.2,29.236842105263158,35689.46666666667,3.508333333333333,252.94871794871796,14508.0
20221105,12,1.0,9.50764331210191,78.43312101910828,4.3509933774834435,0.036774193548387096,0.24516129032258063,29.49342105263158,39925.0,3.7301282051282056,247.94871794871796,14152.25
20221105,13,0.97,9.692356687898084,76.37579617834395,4.6158940397351,0.08580645161290322,0.2129032258064516,27.70394736842105,43925.53333333333,3.896794871794874,252.43589743589743,11711.25
20221105,14,0.87,9.547133757961781,76.06369426751593,4.947019867549669,0.054838709677419356,0.2,24.57236842105263,45509.26666666667,3.797435897435898,251.7948717948718,7711.5
20221105,15,0.71,8.956050955414016,78.27388535031847,5.119205298013245,0.05806451612903225,0.2064516129032258,19.32894736842105,44396.666666666664,3.2730769230769234,246.34615384615384,3415.0
20221105,16,0.5,7.889808917197453,82.96815286624204,5.291390728476821,0.04,0.2064516129032258,4.6118421052631575,41395.86666666667,2.6999999999999984,236.34615384615384,396.75
20221105,17,0.26,7.1050955414012735,86.3312101910828,5.602649006622516,0.03354838709677419,0.14838709677419354,0.0,36851.933333333334,2.579487179487178,221.92307692307693,0.25
20221105,18,0.0,6.695541401273886,87.70063694267516,6.231788079470198,0.015483870967741935,0.12258064516129032,0.0,33164.0,2.6935897435897447,212.8846153846154,0.0
20221105,19,-0.26,6.388535031847131,88.64968152866243,6.503311258278146,0.006451612903225806,0.07096774193548387,0.0,30796.933333333334,2.840384615384615,206.60256410256412,0.0
20221105,20,-0.5,6.135031847133759,89.12738853503184,6.483443708609271,0.00967741935483871,0.04516129032258064,0.0,28430.866666666665,2.948717948717949,198.52564102564102,0.0
20221105,21,-0.71,5.878343949044585,89.60509554140127,6.5364238410596025,0.0006451612903225806,0.025806451612903226,0,26873.333333333332,3.0051282051282056,194.35897435897436,0.0
20221105,22,-0.87,5.671337579617837,89.93630573248407,6.701986754966887,0.0012903225806451613,0.04516129032258064,0,25527.666666666668,3.102564102564103,193.5897435897436,0.0
20221105,23,-0.97,5.518471337579616,90.09554140127389,6.582781456953643,0.0019354838709677422,0.07096774193548387,0,25157.8,3.1326923076923086,195.76923076923077,0.0
20221106,00,-1.0,5.3503184713375775,90.49044585987261,6.71523178807947,0.0064516129032258064,0.0967741935483871,0,24630.866666666665,3.27051282051282,192.05128205128204,0.0
20221106,01,-0.97,5.167515923566878,90.68789808917198,6.370860927152318,0.007741935483870968,0.12903225806451613,0,23873.333333333332,3.3314102564102566,190.0,0.0
20221106,02,-0.87,5.011464968152867,90.8407643312102,6.2781456953642385,0.018064516129032256,0.10967741935483871,0,24290.0,3.4397435897435926,187.1153846153846,0.0
20221106,03,-0.71,4.925477707006372,90.88535031847134,5.80794701986755,0.024516129032258065,0.12258064516129032,0.0,23743.133333333335,3.5391025641025644,186.66666666666666,0.0
20221106,04,-0.5,4.806369426751594,90.93630573248407,5.430463576158941,0.024516129032258062,0.10967741935483871,0.0,24025.266666666666,3.578205128205128,187.82051282051282,0.0
20221106,05,-0.26,4.756687898089171,90.93630573248407,4.827814569536423,0.022580645161290328,0.12903225806451613,0.0,23989.666666666668,3.6711538461538478,184.48717948717947,0.0
20221106,06,-0.0,4.682165605095541,91.27388535031847,4.9072847682119205,0.03096774193548387,0.11612903225806452,0.0,24257.0,3.7,181.34615384615384,0.5
20221106,07,0.26,4.747133757961784,91.05095541401273,4.887417218543046,0.012258064516129033,0.11612903225806452,2.8289473684210527,23967.2,3.8666666666666676,178.65384615384616,467.25
20221106,08,0.5,5.601910828025476,88.40127388535032,5.079470198675497,0.005806451612903226,0.0967741935483871,24.80921052631579,27672.333333333332,4.016025641025639,172.05128205128204,4460.5
20221106,09,0.71,6.755414012738853,84.59872611464968,5.172185430463577,0.003870967741935484,0.08387096774193549,31.29605263157895,34019.13333333333,4.203205128205126,175.12820512820514,10155.0
20221106,10,0.87,7.929299363057321,80.4140127388535,5.079470198675497,0.0025806451612903226,0.06451612903225806,34.48026315789474,39725.066666666666,4.372435897435897,177.24358974358975,14658.75
20221106,11,0.97,8.776433121019107,76.96178343949045,5.19205298013245,0.005161290322580645,0.07096774193548387,35.0,45388.46666666667,4.537820512820514,176.92307692307693,16779.75
20221106,12,1.0,9.520382165605094,73.46496815286625,5.046357615894039,0.007741935483870968,0.07741935483870968,36.81578947368421,47857.26666666667,4.65320512820513,172.62820512820514,17550.5
20221106,13,0.97,9.845859872611463,71.76433121019109,5.298013245033113,0.007096774193548387,0.05806451612903226,36.07236842105263,51084.333333333336,4.624999999999999,170.25641025641025,15113.5
20221106,14,0.87,9.772611464968154,71.64331210191082,5.47682119205298,0.007741935483870968,0.05161290322580645,31.25,52660.53333333333,4.530128205128205,169.6153846153846,10025.0
20221106,15,0.71,9.113375796178346,74.48407643312102,6.066225165562914,0.008387096774193548,0.03870967741935484,23.06578947368421,51256.8,4.185897435897436,166.15384615384616,3923.5
20221106,16,0.5,8.16942675159236,77.90445859872611,6.748344370860927,0.008387096774193548,0.07741935483870968,2.5592105263157894,47408.53333333333,3.8608974358974333,162.82051282051282,360.5
20221106,17,0.26,7.6140127388535035,80.09554140127389,7.052980132450331,0.02,0.12903225806451613,0.0,44535.86666666667,3.9192307692307704,162.24358974358975,0.25
20221106,18,0.0,7.36305732484076,80.86624203821655,7.4635761589403975,0.029677419354838707,0.2129032258064516,0.0,41521.6,4.182692307692309,165.25641025641025,0.0
20221106,19,-0.26,7.2133757961783465,81.32484076433121,7.47682119205298,0.03806451612903225,0.2645161290322581,0.0,41113.333333333336,4.401923076923076,170.3846153846154,0.0
20221106,20,-0.5,7.249681528662419,81.30573248407643,7.662251655629139,0.06709677419354838,0.3096774193548387,0.0,40776.8,4.676282051282054,175.76923076923077,0.0
20221106,21,-0.71,7.2471337579617785,82.01273885350318,7.66887417218543,0.08709677419354837,0.33548387096774196,0,40736.4,4.715384615384614,183.39743589743588,0.0
20221106,22,-0.87,7.4254777070063644,81.87898089171975,7.483443708609271,0.06903225806451613,0.3419354838709677,0,41368.13333333333,4.852564102564102,186.98717948717947,0.0
20221106,23,-0.97,7.561146496815285,82.4968152866242,7.553333333333334,0.05548387096774193,0.36774193548387096,0,41791.333333333336,4.998717948717948,192.94871794871796,0.0
20221107,00,-1.0,7.726751592356692,83.40127388535032,7.364238410596027,0.034193548387096775,0.3225806451612903,0,42728.666666666664,4.978205128205128,195.51282051282053,0.0
20221107,01,-0.97,7.963057324840768,83.26114649681529,7.171052631578948,0.00967741935483871,0.2967741935483871,0,43669.6,4.853205128205127,198.26923076923077,0.0
20221107,02,-0.87,8.111464968152866,83.76433121019109,6.796052631578948,0.010967741935483874,0.2838709677419355,0,44735.46666666667,4.94551282051282,201.21794871794873,0.0
20221107,03,-0.71,8.235031847133762,84.20382165605096,6.894736842105263,0.006451612903225806,0.22580645161290322,0.0,45441.333333333336,4.837820512820516,205.12820512820514,0.0
20221107,04,-0.5,8.33184713375796,84.87898089171975,6.6118421052631575,0.013548387096774195,0.1935483870967742,0.0,45049.666666666664,4.8782051282051295,203.65384615384616,0.0
20221107,05,-0.26,8.385987261146498,85.22929936305732,6.618421052631579,0.016774193548387096,0.16774193548387098,0.0,44707.8,4.833974358974358,205.7051282051282,0.0
20221107,06,-0.0,8.500000000000002,85.21656050955414,6.75,0.01870967741935484,0.12903225806451613,0.0,44653.333333333336,4.801923076923076,205.7051282051282,0.25
20221107,07,0.26,8.700000000000001,84.9171974522293,6.717105263157895,0.021153846153846155,0.10897435897435898,1.618421052631579,44873.13333333333,4.828205128205125,207.94871794871796,506.25
20221107,08,0.5,9.50573248407643,82.71337579617834,6.75,0.010256410256410256,0.08974358974358974,15.31578947368421,46855.2,4.820512820512819,201.47435897435898,3807.0
20221107,09,0.71,10.484076433121016,79.75796178343948,6.2894736842105265,0.008333333333333333,0.1282051282051282,24.019736842105264,47952.73333333333,5.185897435897434,206.02564102564102,8282.25
20221107,10,0.87,11.410191082802548,77.10828025477707,6.629139072847682,0.010256410256410256,0.12179487179487179,24.585526315789473,48448.46666666667,5.474999999999998,211.92307692307693,12040.0
20221107,11,0.97,12.089808917197455,74.96178343949045,6.927152317880795,0.0070512820512820505,0.16025641025641027,23.61842105263158,51762.2,5.649999999999998,216.21794871794873,13524.0
20221107,12,1.0,12.513375796178343,73.56050955414013,7.230263157894737,0.001282051282051282,0.14743589743589744,19.99342105263158,52962.51655629139,5.726923076923076,219.6153846153846,12350.5
20221107,13,0.97,12.641401273885347,73.61146496815287,7.4868421052631575,0.003205128205128205,0.1987179487179487,14.414473684210526,52000.06622516556,5.503205128205126,223.39743589743588,9276.5
20221107,14,0.87,12.568152866242036,74.61146496815287,7.602649006622516,0.008974358974358974,0.27564102564102566,11.138157894736842,52145.29801324503,5.144230769230772,221.21794871794873,6108.75
20221107,15,0.71,12.271337579617839,76.61146496815287,7.671052631578948,0.007051282051282052,0.32051282051282054,7.493421052631579,50883.774834437085,4.616025641025645,218.14102564102564,2621.0
20221107,16,0.5,11.622929936305734,79.46496815286625,7.6644736842105265,0.00576923076923077,0.26282051282051283,0.7894736842105263,49727.54966887417,4.209615384615385,212.69230769230768,302.0
20221107,17,0.26,11.231847133757963,81.36942675159236,7.671052631578948,0.0019230769230769234,0.24358974358974358,0.0,48312.51655629139,4.041025641025639,206.0897435897436,0.25
20221107,18,0.0,10.91210191082802,82.82165605095541,7.559210526315789,0.011538461538461539,0.23076923076923078,0.0,47674.76821192053,3.9871794871794872,203.52564102564102,0.0
20221107,19,-0.26,10.574522292993628,84.11464968152866,7.467105263157895,0.01858974358974359,0.16025641025641027,0.0,46067.350993377484,3.9288461538461537,199.35897435897436,0.0
20221107,20,-0.5,10.26496815286624,85.29936305732484,7.151315789473684,0.030128205128205125,0.14743589743589744,0.0,43946.49006622517,3.851282051282051,196.73076923076923,0.0
20221107,21,-0.71,9.961783439490448,86.51592356687898,6.776315789473684,0.012820512820512824,0.1282051282051282,0,42601.58940397351,3.737820512820513,195.19230769230768,0.0
20221107,22,-0.87,9.731210191082807,87.32484076433121,6.348684210526316,0.028846153846153848,0.10256410256410256,0,41349.470198675495,3.614743589743589,190.3846153846154,0.0
20221107,23,-0.97,9.419108280254779,88.07643312101911,5.869281045751634,0.03205128205128205,0.09615384615384616,0,40891.7880794702,3.572435897435897,195.25641025641025,0.0
20221108,00,-1.0,9.151592356687905,88.63057324840764,5.5816993464052285,0.016666666666666663,0.10256410256410256,0,39214.105960264904,3.551282051282051,189.55128205128204,0.0
20221108,01,-0.97,8.838853503184714,89.0828025477707,5.764705882352941,0.010897435897435899,0.08333333333333333,0,39257.94701986755,3.497435897435897,189.10256410256412,0.0
20221108,02,-0.87,8.595541401273888,89.28662420382166,5.562091503267974,0.001282051282051282,0.0641025641025641,0,38965.23178807947,3.441666666666666,179.03846153846155,0.0
20221108,03,-0.71,8.21082802547771,89.80891719745223,5.588235294117647,0.002564102564102564,0.057692307692307696,0.0,38371.52317880795,3.424358974358976,185.06410256410257,0.0
20221108,04,-0.5,7.996178343949041,89.95541401273886,5.8431372549019605,0.001923076923076923,0.03205128205128205,0.0,37606.4238410596,3.3980769230769217,176.85897435897436,0.0
20221108,05,-0.26,7.702547770700637,89.89808917197452,5.738562091503268,0.0019230769230769234,0.01282051282051282,0.0,38684.105960264904,3.4858974358974355,179.10256410256412,0.0
20221108,06,-0.0,7.443312101910831,89.89171974522293,5.836601307189542,0.0,0.01282051282051282,0.0,37560.26490066225,3.56025641025641,172.37179487179486,0.0
20221108,07,0.26,7.5312101910828035,88.84713375796179,5.993464052287582,0.0,0.019230769230769232,4.315789473684211,39054.96688741722,3.5083333333333315,169.10256410256412,625.0
20221108,08,0.5,8.652229299363057,84.65605095541402,5.784313725490196,0.000641025641025641,0.01282051282051282,33.098684210526315,44190.66225165563,3.5756410256410245,166.15384615384616,5581.5
20221108,09,0.71,10.272611464968161,78.96815286624204,6.071895424836601,0.0,0.012903225806451613,42.69078947368421,50266.666666666664,3.851282051282052,172.56410256410257,11868.25
20221108,10,0.87,11.814743589743593,72.71794871794872,6.644736842105263,0.0,0.0,46.52980132450331,55297.86666666667,4.19225806451613,180.90322580645162,16442.25
20221108,11,0.97,13.03589743589744,67.64102564102564,6.756578947368421,0.0,0.0,46.66887417218543,58217.86666666667,4.556774193548386,180.25806451612902,18573.75
20221108,12,1.0,13.898717948717948,63.88461538461539,6.875,0.0,0.0,43.17218543046358,59615.46666666667,4.692903225806452,179.80645161290323,17775.0
20221108,13,0.97,14.292307692307695,62.532051282051285,7.217105263157895,0.0,0.0064516129032258064,38.42384105960265,61771.73333333333,4.6180645161290315,184.19354838709677,14954.25
20221108,14,0.87,14.183333333333335,63.07051282051282,7.256578947368421,0.0,0.01935483870967742,31.410596026490065,63659.46666666667,4.4541935483870985,181.61290322580646,9859.75
20221108,15,0.71,13.438461538461542,66.33333333333333,7.3618421052631575,0.0006451612903225806,0.025806451612903226,18.56953642384106,62859.0,4.137419354838709,178.58064516129033,3764.25
20221108,16,0.5,12.396153846153851,70.23076923076923,7.703947368421052,0.0,0.01935483870967742,2.6556291390728477,62125.26666666667,3.9716129032258087,175.29032258064515,344.0
20221108,17,0.26,11.801923076923078,72.5576923076923,7.907894736842105,0.0006451612903225806,0.025806451612903226,0.0,59008.86666666667,3.920645161290323,175.16129032258064,0.25
20221108,18,0.0,11.498717948717948,73.58974358974359,7.842105263157895,0.003870967741935484,0.05806451612903226,0.0,59338.8,3.9967741935483865,179.48387096774192,0.0
20221108,19,-0.26,11.323717948717947,74.07051282051282,7.901315789473684,0.0,0.04516129032258064,0.0,57551.333333333336,3.975483870967742,178.1290322580645,0.0
20221108,20,-0.5,11.227564102564106,74.40384615384616,7.868421052631579,0.0,0.06451612903225806,0.0,57197.8,4.041935483870966,176.83870967741936,0.0
20221108,21,-0.71,11.100641025641025,75.3974358974359,7.730263157894737,0.014193548387096775,0.0967741935483871,0,55356.8,4.009032258064516,179.8709677419355,0.0
20221108,22,-0.87,10.946153846153846,76.30128205128206,7.769736842105263,0.014838709677419354,0.16129032258064516,0,54652.53333333333,3.9070967741935485,177.41935483870967,0.0
20221108,23,-0.97,10.885256410256412,77.22435897435898,7.802631578947368,0.06064516129032258,0.2129032258064516,0,52907.73333333333,3.8941935483870953,178.58064516129033,0.0
20221109,00,-1.0,10.767307692307696,78.3076923076923,7.559210526315789,0.04935064935064936,0.2987012987012987,0,51848.6,3.8374193548387123,176.06451612903226,0.0
20221109,01,-0.97,10.621794871794874,79.60897435897436,7.559210526315789,0.14903225806451617,0.2903225806451613,0,51261.666666666664,3.7619354838709693,182.25806451612902,0.0
20221109,02,-0.87,10.448717948717949,80.68589743589743,7.407894736842105,0.13896103896103898,0.2727272727272727,0,49344.933333333334,3.8077419354838704,182.58064516129033,0.0
20221109,03,-0.71,10.344871794871795,81.77564102564102,7.447368421052632,0.21753246753246758,0.3051948051948052,0.0,48016.066666666666,3.7393548387096756,187.5483870967742,0.0
20221109,04,-0.5,10.294871794871796,82.8974358974359,7.421052631578948,0.18571428571428572,0.35064935064935066,0.0,44970.86666666667,3.8580645161290317,181.61290322580646,0.0
20221109,05,-0.26,10.265384615384612,84.10897435897436,7.368421052631579,0.21038961038961038,0.43506493506493504,0.0,42595.6,3.9483870967741943,184.32258064516128,0.0
20221109,06,-0.0,10.233974358974356,85.13461538461539,7.394736842105263,0.21688311688311687,0.5,0.0,43021.0,4.090967741935483,185.8709677419355,0.0
20221109,07,0.26,10.248076923076924,85.69871794871794,7.157894736842105,0.24675324675324675,0.44155844155844154,0.6490066225165563,41729.26174496644,4.143870967741937,185.93548387096774,176.5
20221109,08,0.5,10.535897435897438,85.81410256410257,6.993421052631579,0.21623376623376622,0.461038961038961,3.847682119205298,41969.86577181208,4.254193548387098,190.90322580645162,1667.0
20221109,09,0.71,11.224999999999996,84.26923076923077,7.032894736842105,0.11233766233766232,0.44155844155844154,12.331125827814569,44501.81208053691,4.410967741935483,194.38709677419354,4546.0
20221109,10,0.87,11.917948717948722,81.83974358974359,7.006578947368421,0.10193548387096772,0.32903225806451614,16.75496688741722,48024.22818791946,4.769677419354837,197.8709677419355,8006.25
20221109,11,0.97,12.617307692307694,78.8525641025641,6.9868421052631575,0.052903225806451605,0.24516129032258063,20.91390728476821,50139.06040268456,5.038709677419353,201.29032258064515,11266.75
20221109,12,1.0,13.108333333333334,76.82051282051282,7.092105263157895,0.028387096774193547,0.16774193548387098,23.543046357615893,52369.6644295302,5.223870967741934,205.29032258064515,12449.5
20221109,13,0.97,13.241025641025644,76.11538461538461,7.190789473684211,0.03612903225806452,0.2064516129032258,19.211920529801326,51481.14093959732,5.023870967741937,207.61290322580646,10067.0
20221109,14,0.87,13.044871794871792,76.71794871794872,7.342105263157895,0.053548387096774196,0.25161290322580643,13.158940397350994,50999.19463087248,4.692258064516129,210.90322580645162,6072.75
20221109,15,0.71,12.417948717948727,79.36538461538461,7.3881578947368425,0.10838709677419356,0.3032258064516129,8.463576158940397,49756.30872483221,4.342580645161293,210.1290322580645,2242.0
20221109,16,0.5,11.674999999999999,82.51282051282051,7.506578947368421,0.14090909090909093,0.35714285714285715,0.7218543046357616,46694.026845637585,4.0432258064516144,207.48387096774192,189.0
20221109,17,0.26,11.228205128205124,84.33974358974359,7.467105263157895,0.15844155844155847,0.37012987012987014,0.0,44712.95302013423,3.960645161290321,210.51612903225808,0.5
20221109,18,0.0,10.880128205128202,85.76923076923077,7.565789473684211,0.14516129032258063,0.4,0.0,42670.26845637584,3.9425806451612897,213.3548387096774,0.0
20221109,19,-0.26,10.620512820512824,86.99358974358974,7.5855263157894735,0.2374193548387097,0.4,0.0,38864.026845637585,3.9864516129032266,213.93548387096774,0.0
20221109,20,-0.5,10.426923076923075,87.37179487179488,7.4605263157894735,0.21419354838709678,0.43870967741935485,0.0,38787.98657718121,4.016129032258061,216.32258064516128,0.0
20221109,21,-0.71,10.230769230769223,87.83974358974359,7.348684210526316,0.20129032258064522,0.4129032258064516,0,37291.94630872483,4.037419354838711,221.67741935483872,0.0
20221109,22,-0.87,10.058974358974357,88.00641025641026,7.118421052631579,0.21935483870967745,0.4129032258064516,0,37125.838926174496,4.041290322580645,224.25806451612902,0.0
20221109,23,-0.97,9.867307692307696,88.31410256410257,6.690789473684211,0.14838709677419354,0.3870967741935484,0,35993.42281879194,3.947096774193549,228.32258064516128,0.0
20221110,00,-1.0,9.64166666666667,88.66666666666667,6.3618421052631575,0.1206451612903226,0.36774193548387096,0,36218.85906040268,3.8167741935483885,232.4516129032258,0.0
20221110,01,-0.97,9.370512820512822,89.08974358974359,5.802631578947368,0.08322580645161291,0.32903225806451614,0,35002.41610738255,3.6870967741935483,235.93548387096774,0.0
20221110,02,-0.87,9.096794871794872,90.02564102564102,5.440789473684211,0.08516129032258066,0.3161290322580645,0,32437.51677852349,3.6722580645161287,237.29032258064515,0.0
20221110,03,-0.71,8.822435897435895,90.49358974358974,5.401315789473684,0.054838709677419356,0.22580645161290322,0.0,30874.63087248322,3.6645161290322603,233.61290322580646,0.0
20221110,04,-0.5,8.544230769230765,91.18589743589743,5.243421052631579,0.03548387096774192,0.1935483870967742,0.0,30060.268456375838,3.6045161290322567,237.2258064516129,0.0
20221110,05,-0.26,8.215384615384615,92.02564102564102,5.190789473684211,0.03935483870967742,0.14193548387096774,0.0,27057.58389261745,3.472258064516127,230.70967741935485,0.0
20221110,06,-0.0,8.001282051282052,92.48717948717949,5.243421052631579,0.040645161290322585,0.12903225806451613,0.0,25180.201342281878,3.552903225806451,227.03225806451613,0.0
20221110,07,0.26,7.9333333333333345,92.7051282051282,5.0131578947368425,0.0025806451612903226,0.08387096774193549,0.3509933774834437,23861.208053691276,3.488387096774193,227.61290322580646,230.75
20221110,08,0.5,8.619230769230775,90.46153846153847,5.006578947368421,0.0019354838709677422,0.07096774193548387,19.185430463576157,26072.68456375839,3.447741935483869,223.03225806451613,3520.0
20221110,09,0.71,9.664102564102565,86.73717948717949,5.302631578947368,0.0025806451612903226,0.03870967741935484,30.29139072847682,32536.375838926175,3.839354838709676,228.6451612903226,8927.25
20221110,10,0.87,10.591082802547774,82.80891719745223,5.503267973856209,0.0,0.038461538461538464,33.841059602649004,35040.2,4.333333333333336,234.6153846153846,13732.5
20221110,11,0.97,11.318471337579613,79.12738853503184,5.503267973856209,0.0,0.01282051282051282,32.78947368421053,39958.666666666664,4.607051282051285,236.47435897435898,16814.0
20221110,12,1.0,11.882802547770698,76.12738853503184,5.215686274509804,0.0,0.01282051282051282,32.453947368421055,41178.46666666667,4.700641025641023,236.28205128205127,17271.5
20221110,13,0.97,12.184076433121021,74.171974522293,5.0,0.0,0.019230769230769232,32.723684210526315,42956.46666666667,4.666666666666669,235.3846153846154,15132.5
20221110,14,0.87,12.15987261146497,73.73248407643312,5.294117647058823,0.0,0.019230769230769232,32.33552631578947,43975.46666666667,4.566666666666665,237.94871794871796,10685.0
20221110,15,0.71,11.7312101910828,75.52866242038216,5.111111111111111,0.0,0.03205128205128205,32.7828947368421,44605.46666666667,4.1589743589743575,236.15384615384616,4534.0
20221110,16,0.5,10.478980891719749,80.79617834394904,5.483660130718954,0.000641025641025641,0.04487179487179487,11.80921052631579,40952.73333333333,3.596794871794875,229.10256410256412,434.5
20221110,17,0.26,9.621656050955416,84.2547770700637,5.130718954248366,0.000641025641025641,0.04487179487179487,0.0,36278.73333333333,3.3628205128205138,211.47435897435898,0.25
20221110,18,0.0,9.165605095541403,85.73248407643312,5.542483660130719,0.001282051282051282,0.03205128205128205,0.0,34380.46666666667,3.342948717948716,205.32051282051282,0.0
20221110,19,-0.26,8.794904458598724,86.4140127388535,6.104575163398692,0.0,0.01282051282051282,0.0,32305.4,3.4506410256410254,203.46153846153845,0.0
20221110,20,-0.5,8.510191082802553,86.8407643312102,6.555555555555555,0.0,0.019230769230769232,0.0,31881.333333333332,3.4698717948717936,205.3846153846154,0.0
20221110,21,-0.71,8.228025477707003,87.04458598726114,6.5359477124183005,0.0,0.019230769230769232,0,31181.933333333334,3.5480769230769247,201.02564102564102,0.0
20221110,22,-0.87,7.861783439490447,87.73885350318471,6.496732026143791,0.001282051282051282,0.00641025641025641,0,30076.6,3.5519230769230794,197.56410256410257,0.0
20221110,23,-0.97,7.5757961783439525,87.93630573248407,6.401315789473684,0.0,0.00641025641025641,0,30385.6,3.5429487179487174,198.2051282051282,0.0
20221111,00,-1.0,7.256050955414015,88.3312101910828,6.013245033112582,0.0,0.0,0,31657.4,3.5448717948717934,194.10256410256412,0.0
20221111,01,-0.97,6.965605095541401,88.5031847133758,6.7218543046357615,0.0,0.01282051282051282,0,30174.8,3.4698717948717936,200.57692307692307,0.0
20221111,02,-0.87,6.811464968152865,88.40764331210191,7.0927152317880795,0.000641025641025641,0.019230769230769232,0,30933.466666666667,3.442948717948718,200.57692307692307,0.0
20221111,03,-0.71,6.684713375796181,88.68789808917198,7.434210526315789,0.0,0.019230769230769232,0.0,29642.6,3.366666666666667,193.78205128205127,0.0
20221111,04,-0.5,6.523566878980895,88.57961783439491,7.718954248366013,0.000641025641025641,0.00641025641025641,0.0,30650.466666666667,3.3871794871794862,195.44871794871796,0.0
20221111,05,-0.26,6.514649681528662,88.4968152866242,7.7368421052631575,0.0,0.02564102564102564,0.0,31621.0,3.4051282051282032,196.73076923076923,0.0
20221111,06,-0.0,6.353503184713378,88.81528662420382,7.7631578947368425,0.0,0.02564102564102564,0.0,29746.933333333334,3.394871794871795,197.05128205128204,0.0
20221111,07,0.26,6.468789808917197,88.4267515923567,7.690789473684211,0.0,0.03205128205128205,0.2236842105263158,30741.866666666665,3.3897435897435915,189.03846153846155,212.0
20221111,08,0.5,7.179617834394906,87.0,7.559210526315789,0.000641025641025641,0.019230769230769232,5.4605263157894735,31987.133333333335,3.4243589743589755,190.64102564102564,2633.75
20221111,09,0.71,8.321656050955415,84.40764331210191,7.592105263157895,0.0,0.019230769230769232,15.414473684210526,34567.86666666667,3.3878205128205128,196.66666666666666,6523.0
20221111,10,0.87,9.508280254777066,80.43312101910828,7.42483660130719,0.000641025641025641,0.019230769230769232,23.82894736842105,37694.46666666667,3.5269230769230786,200.64102564102564,10346.5
20221111,11,0.97,10.499363057324842,77.22292993630573,7.352941176470588,0.0,0.00641025641025641,29.55921052631579,40008.933333333334,3.6634615384615383,199.55128205128204,13095.25
20221111,12,1.0,11.280891719745226,74.57961783439491,7.427631578947368,0.0,0.0,31.513157894736842,42412.73333333333,3.6564102564102563,203.65384615384616,14058.0
20221111,13,0.97,11.735668789808923,72.78343949044586,7.197368421052632,0.0,0.00641025641025641,32.50657894736842,44799.0,3.58076923076923,196.21794871794873,12427.0
20221111,14,0.87,11.740764331210192,73.20382165605096,7.150326797385621,0.0,0.00641025641025641,31.81578947368421,44844.066666666666,3.4237179487179468,198.97435897435898,8652.5
20221111,15,0.71,11.128025477707013,75.42038216560509,6.790849673202614,0.0,0.019230769230769232,29.125,43597.0,3.119230769230767,201.15384615384616,3517.0
20221111,16,0.5,9.700000000000005,80.47770700636943,6.8618421052631575,0.0,0.019230769230769232,7.453947368421052,40052.8,2.8878205128205123,198.33333333333334,305.0
20221111,17,0.26,8.746496815286624,83.37579617834395,6.855263157894737,0.0,0.01282051282051282,0.0,36248.066666666666,2.71346153846154,186.7948717948718,0.0
20221111,18,0.0,8.141401273885348,84.56687898089172,6.7254901960784315,0.0,0.00641025641025641,0.0,33364.066666666666,2.591025641025641,189.03846153846155,0.0
20221111,19,-0.26,7.663694267515923,85.87261146496816,6.856209150326797,0.0,0.01282051282051282,0.0,31594.333333333332,2.562179487179486,184.74358974358975,0.0
20221111,20,-0.5,7.271974522292992,86.63694267515923,6.823529411764706,0.0,0.038461538461538464,0.0,30254.4,2.5794871794871805,183.65384615384616,0.0
20221111,21,-0.71,6.984076433121021,87.0828025477707,6.705882352941177,0.0,0.03205128205128205,0,30317.066666666666,2.5698717948717955,184.23076923076923,0.0
20221111,22,-0.87,6.68407643312102,87.7515923566879,6.5816993464052285,0.0019230769230769234,0.057692307692307696,0,29599.0,2.5038461538461547,187.24358974358975,0.0
20221111,23,-0.97,6.3121019108280265,88.3312101910828,6.372549019607843,0.002564102564102564,0.0641025641025641,0,27919.733333333334,2.416666666666667,181.85897435897436,0.0
20221112,00,-1.0,6.000000000000001,88.54777070063695,6.104575163398692,0.0,0.07692307692307693,0,27779.466666666667,2.3615384615384616,184.03846153846155,0.0
20221112,01,-0.97,5.747133757961785,88.93630573248407,5.967320261437909,0.002564102564102564,0.07692307692307693,0,27116.133333333335,2.3019230769230776,182.43589743589743,0.0
20221112,02,-0.87,5.580254777070065,88.52229299363057,6.091503267973856,0.003205128205128205,0.08974358974358974,0,27223.866666666665,2.2108974358974356,183.2051282051282,0.0
20221112,03,-0.71,5.348407643312101,88.7515923566879,6.248366013071895,0.001282051282051282,0.09615384615384616,0.0,27285.133333333335,2.158974358974359,178.07692307692307,0.0
20221112,04,-0.5,5.174522292993629,88.80254777070064,6.209150326797386,0.0,0.08974358974358974,0.0,26623.066666666666,2.090384615384615,174.48717948717947,0.0
20221112,05,-0.26,4.935668789808919,89.06369426751593,6.189542483660131,0.002564102564102564,0.07692307692307693,0.0,24581.266666666666,2.024358974358975,182.56410256410257,0.0
20221112,06,-0.0,4.723566878980891,89.0828025477707,6.2026143790849675,0.001282051282051282,0.07051282051282051,0.0,23999.466666666667,1.9974358974358961,181.66666666666666,0.0
20221112,07,0.26,4.604458598726114,89.38853503184713,6.026143790849673,0.0,0.0641025641025641,0.46710526315789475,22384.0,1.9647435897435905,173.07692307692307,205.5
20221112,08,0.5,5.392993630573249,87.72611464968153,6.0588235294117645,0.001282051282051282,0.0641025641025641,16.973684210526315,24464.266666666666,1.9256410256410255,174.87179487179486,2937.75
20221112,09,0.71,7.087261146496817,84.05732484076434,6.333333333333333,0.001282051282051282,0.03205128205128205,27.598684210526315,29168.333333333332,1.853846153846153,181.21794871794873,7489.75
20221112,10,0.87,8.736942675159238,79.52866242038216,6.782894736842105,0.0,0.019230769230769232,28.63157894736842,31635.933333333334,1.7711538461538454,179.93589743589743,11178.5
20221112,11,0.97,9.938216560509554,76.2484076433121,6.973856209150327,0.0,0.00641025641025641,29.20394736842105,35254.333333333336,1.7410256410256393,176.85897435897436,12999.0
20221112,12,1.0,10.786624203821658,74.19745222929936,7.118421052631579,0.0,0.00641025641025641,30.25,36465.36912751678,1.7416666666666674,180.19230769230768,12811.0
20221112,13,0.97,11.190445859872613,73.30573248407643,7.189542483660131,0.0,0.0,27.164473684210527,36399.79865771812,1.7583333333333326,157.94871794871796,10877.0
20221112,14,0.87,11.096178343949042,73.98726114649682,7.104575163398692,0.0,0.0,24.54605263157895,37056.845637583894,1.7583333333333324,158.65384615384616,7136.25
20221112,15,0.71,10.10891719745223,78.05732484076434,6.9869281045751634,0.0,0.0,17.11842105263158,35535.53333333333,1.6583333333333332,155.32051282051282,2767.5
20221112,16,0.5,8.481528662420379,83.97452229299363,7.254901960784314,0.0,0.0,1.6842105263157894,29747.333333333332,1.5865384615384615,147.05128205128204,216.5
20221112,17,0.26,7.510828025477706,86.64331210191082,6.856209150326797,0.0,0.0,0.0,25209.733333333334,1.6435897435897442,138.9102564102564,0.0
20221112,18,0.0,6.968789808917194,87.7452229299363,6.712418300653595,0.0,0.0,0.0,23342.533333333333,1.7070512820512818,143.14102564102564,0.0
20221112,19,-0.26,6.564331210191087,88.30573248407643,6.823529411764706,0.0,0.0,0.0,21245.866666666665,1.8467948717948723,141.02564102564102,0.0
20221112,20,-0.5,6.185987261146495,88.7515923566879,6.8431372549019605,0.0,0.04487179487179487,0.0,21038.933333333334,1.8698717948717951,133.39743589743588,0.0
20221112,21,-0.71,5.822929936305733,88.81528662420382,6.803921568627451,0.0019230769230769234,0.05128205128205128,0,20496.333333333332,1.8589743589743581,138.65384615384616,0.0
20221112,22,-0.87,5.480254777070065,88.96178343949045,6.9411764705882355,0.000641025641025641,0.04487179487179487,0,19537.933333333334,1.85,131.60256410256412,0.0
20221112,23,-0.97,5.247133757961782,89.20382165605096,6.718954248366013,0.000641025641025641,0.07051282051282051,0,19666.866666666665,1.863461538461538,123.2051282051282,0.0
20221113,00,-1.0,5.047133757961784,89.2547770700637,6.555555555555555,0.000641025641025641,0.08333333333333333,0,19700.6,1.9128205128205127,125.76923076923077,0.0
20221113,01,-0.97,4.885350318471337,89.05732484076434,6.516339869281046,0.0019230769230769234,0.057692307692307696,0,19300.866666666665,2.0179487179487174,116.66666666666667,0.0
20221113,02,-0.87,4.654140127388531,89.05095541401273,6.42483660130719,0.0019230769230769234,0.05128205128205128,0,19684.6,2.060897435897436,120.51282051282051,0.0
20221113,03,-0.71,4.4834394904458605,88.96178343949045,5.751633986928105,0.000641025641025641,0.057692307692307696,0.0,20912.066666666666,2.093589743589745,130.7051282051282,0.0
20221113,04,-0.5,4.312738853503181,88.69426751592357,5.61437908496732,0.0,0.02564102564102564,0.0,21549.6,2.1160256410256406,124.16666666666667,0.0
20221113,05,-0.26,4.194904458598724,88.2547770700637,5.313725490196078,0.0,0.019230769230769232,0.0,21619.866666666665,2.1525641025641042,130.83333333333334,0.0
20221113,06,-0.0,4.0585987261146474,88.39490445859873,5.117647058823529,0.000641025641025641,0.03205128205128205,0.0,21317.933333333334,2.2506410256410243,125.7051282051282,0.0
20221113,07,0.26,4.047133757961785,88.171974522293,5.117647058823529,0.0,0.038461538461538464,1.980263157894737,21556.6,2.28076923076923,124.42307692307692,179.75
20221113,08,0.5,4.988535031847134,85.7452229299363,4.803921568627451,0.000641025641025641,0.04487179487179487,20.94736842105263,23158.066666666666,2.367948717948716,122.43589743589743,3009.25
20221113,09,0.71,6.273885350318474,83.11464968152866,4.686274509803922,0.000641025641025641,0.04487179487179487,34.421052631578945,26744.866666666665,2.563461538461538,122.37179487179488,8225.5
20221113,10,0.87,7.668152866242039,79.20382165605096,4.065789473684211,0.000641025641025641,0.02564102564102564,37.203947368421055,30783.133333333335,2.8660256410256406,130.76923076923077,13382.75
20221113,11,0.97,8.903821656050953,75.80891719745223,3.627450980392157,0.0,0.038461538461538464,39.703947368421055,33588.333333333336,3.0371794871794857,123.33333333333333,16582.25
20221113,12,1.0,9.896815286624204,72.23566878980891,3.392156862745098,0.0,0.03205128205128205,41.4078947368421,35452.066666666666,3.301282051282052,118.58974358974359,17362.5
20221113,13,0.97,10.419745222929937,70.32484076433121,2.9934640522875817,0.0,0.019230769230769232,43.10526315789474,37848.12080536913,3.463461538461539,106.7948717948718,15508.25
20221113,14,0.87,10.345222929936304,70.82165605095541,2.9473684210526314,0.0,0.038461538461538464,42.66447368421053,38241.0067114094,3.54551282051282,110.51282051282051,10768.75
20221113,15,0.71,9.49745222929936,74.21019108280255,3.1052631578947367,0.0,0.04487179487179487,40.078947368421055,37556.44295302014,3.5128205128205128,104.55128205128206,4269.25
20221113,16,0.5,8.101273885350318,79.45222929936305,3.1437908496732025,0.0,0.05128205128205128,15.30921052631579,34272.61744966443,3.42051282051282,103.71794871794872,321.25
20221113,17,0.26,7.232484076433118,82.78980891719745,3.3529411764705883,0.0,0.04487179487179487,0.0,29348.053691275167,3.5089743589743603,100.96153846153847,0.0
20221113,18,0.0,6.71528662420382,84.94904458598727,3.6143790849673203,0.0,0.04487179487179487,0.0,26679.86577181208,3.5384615384615405,114.61538461538461,0.0
20221113,19,-0.26,6.2936305732484055,86.19108280254777,3.496732026143791,0.0,0.038461538461538464,0.0,25225.234899328858,3.523717948717949,118.2051282051282,0.0
20221113,20,-0.5,5.926751592356688,87.6624203821656,3.973856209150327,0.0,0.057692307692307696,0.0,22529.127516778524,3.541025641025642,124.35897435897436,0.0
20221113,21,-0.71,5.716560509554138,88.39490445859873,4.111111111111111,0.0,0.07692307692307693,0,21380.738255033557,3.507051282051282,120.44871794871794,0.0
20221113,22,-0.87,5.5063694267515935,88.60509554140127,4.300653594771242,0.000641025641025641,0.038461538461538464,0,20995.771812080537,3.587179487179486,124.67948717948718,0.0
20221113,23,-0.97,5.262420382165603,88.8343949044586,4.352941176470588,0.0,0.02564102564102564,0,20280.0,3.5756410256410245,122.05128205128206,0.0
20221114,00,-1.0,5.039490445859876,89.3312101910828,4.503267973856209,0.0,0.01282051282051282,0,18788.187919463086,3.5576923076923106,124.8076923076923,0.0
20221114,01,-0.97,4.824203821656048,89.91082802547771,4.640522875816994,0.0,0.00641025641025641,0,17025.234899328858,3.6051282051282034,119.93589743589743,0.0
20221114,02,-0.87,4.587898089171975,90.79617834394904,4.849673202614379,0.0,0.019230769230769232,0,16040.738255033557,3.5358974358974353,120.1923076923077,0.0
20221114,03,-0.71,4.337579617834395,91.60509554140127,5.300653594771242,0.0,0.019230769230769232,0.0,14451.476510067114,3.5205128205128187,122.05128205128206,0.0
20221114,04,-0.5,4.184713375796179,91.81528662420382,5.379084967320262,0.0,0.019230769230769232,0.0,13601.476510067114,3.5839743589743605,128.78205128205127,0.0
20221114,05,-0.26,4.072611464968152,92.05732484076434,5.38562091503268,0.000641025641025641,0.03205128205128205,0.0,12929.133333333333,3.637820512820514,123.14102564102564,0.0
20221114,06,-0.0,4.059872611464971,92.29936305732484,5.562091503267974,0.000641025641025641,0.04487179487179487,0.0,13162.466666666667,3.5974358974358975,127.82051282051282,0.0
20221114,07,0.26,4.031847133757962,92.12101910828025,5.588235294117647,0.010897435897435899,0.05128205128205128,1.1788079470198676,12405.369127516778,3.629487179487179,132.17948717948718,183.5
20221114,08,0.5,4.558598726114649,91.08917197452229,5.751633986928105,0.03269230769230769,0.05128205128205128,12.721854304635762,12552.41610738255,3.6474358974358982,130.7051282051282,2560.25
20221114,09,0.71,5.697452229299365,87.87898089171975,5.333333333333333,0.04551282051282052,0.0641025641025641,21.053333333333335,15945.369127516778,3.7352564102564108,135.06410256410257,7225.5
20221114,10,0.87,6.817948717948719,84.19871794871794,4.546052631578948,0.046153846153846156,0.10897435897435898,25.825503355704697,19586.241610738256,3.954487179487178,132.24358974358975,12094.5
20221114,11,0.97,7.93205128205128,80.83974358974359,4.25,0.023076923076923078,0.11538461538461539,31.16,22965.771812080537,4.072258064516131,140.0,14841.75
20221114,12,1.0,8.781410256410252,77.84615384615384,3.888157894736842,0.003846153846153847,0.10256410256410256,33.36666666666667,27327.65100671141,4.210322580645165,146.96774193548387,14911.0
20221114,13,0.97,9.362820512820514,76.25641025641026,4.078947368421052,0.000641025641025641,0.09615384615384616,34.18,29735.5033557047,4.085161290322583,143.80645161290323,12960.5
20221114,14,0.87,9.476923076923084,76.51282051282051,3.7960526315789473,0.0,0.08333333333333333,35.10738255033557,31083.087248322146,4.05225806451613,155.5483870967742,8428.25
20221114,15,0.71,8.915384615384616,79.37820512820512,3.901315789473684,0.0019230769230769234,0.08333333333333333,30.322147651006713,30032.013422818793,3.8154838709677423,146.4516129032258,3118.75
20221114,16,0.5,7.902564102564104,83.7051282051282,3.6710526315789473,0.007692307692307694,0.0641025641025641,3.5906040268456376,27403.758389261744,3.5503225806451604,144.58064516129033,167.75
20221114,17,0.26,7.415384615384618,85.87179487179488,3.5197368421052633,0.000641025641025641,0.03205128205128205,0.0,25092.61744966443,3.571612903225809,145.93548387096774,0.0
20221114,18,0.0,7.223717948717947,86.50641025641026,3.4276315789473686,0.003846153846153846,0.07051282051282051,0.0,25501.208053691276,3.5941935483870986,147.80645161290323,0.0
20221114,19,-0.26,7.114102564102561,86.83333333333333,3.526315789473684,0.0,0.057692307692307696,0.0,25968.322147651008,3.5787096774193543,148.58064516129033,0.0
20221114,20,-0.5,7.0019230769230765,87.34615384615384,3.7302631578947367,0.000641025641025641,0.10256410256410256,0.0,25322.953020134228,3.5335483870967743,152.4516129032258,0.0
20221114,21,-0.71,6.804487179487181,88.31410256410257,3.973684210526316,0.014102564102564105,0.07692307692307693,0,24447.85234899329,3.4870967741935477,155.93548387096774,0.0
20221114,22,-0.87,6.7666666666666675,88.62820512820512,4.355263157894737,0.016025641025641024,0.08333333333333333,0,24630.738255033557,3.3941935483870997,157.5483870967742,0.0
20221114,23,-0.97,6.689102564102563,89.07051282051282,4.302631578947368,0.008974358974358974,0.07051282051282051,0,24715.57046979866,3.305806451612903,155.41935483870967,0.0
20221115,00,-1.0,6.630769230769233,89.16666666666667,4.256578947368421,0.005769230769230769,0.08974358974358974,0,24788.187919463086,3.281290322580645,159.3548387096774,0.0
20221115,01,-0.97,6.540384615384616,89.56410256410257,4.171052631578948,0.0,0.10897435897435898,0,25168.926174496642,3.225806451612904,152.70967741935485,0.0
20221115,02,-0.87,6.464743589743588,89.78205128205128,3.9671052631578947,0.002564102564102564,0.09615384615384616,0,25129.194630872484,3.134193548387096,156.90322580645162,0.0
20221115,03,-0.71,6.350000000000003,90.21153846153847,3.986842105263158,0.0,0.07692307692307693,0.0,25692.55033557047,3.0180645161290336,161.48387096774192,0.0
20221115,04,-0.5,6.3448717948717945,90.16666666666667,3.776315789473684,0.001923076923076923,0.05128205128205128,0.0,26998.657718120805,2.903870967741934,160.96774193548387,0.0
20221115,05,-0.26,6.171153846153847,90.73717948717949,3.848684210526316,0.001282051282051282,0.0641025641025641,0.0,26109.127516778524,2.9032258064516143,151.74193548387098,0.0
20221115,06,-0.0,6.083333333333338,91.22435897435898,4.348684210526316,0.003205128205128205,0.09615384615384616,0.0,25762.953020134228,2.8735483870967733,155.16129032258064,0.0
20221115,07,0.26,6.10769230769231,91.14102564102564,4.848684210526316,0.015384615384615384,0.09615384615384616,1.5666666666666667,26212.81879194631,2.778064516129032,157.67741935483872,232.0
20221115,08,0.5,7.0256410256410255,87.96153846153847,4.901315789473684,0.004487179487179487,0.0641025641025641,21.7,28248.859060402683,2.666451612903226,148.96774193548387,3732.25
20221115,09,0.71,8.51538461538462,83.34615384615384,5.019736842105263,0.0057692307692307696,0.08974358974358974,29.886666666666667,33498.18791946309,2.6109677419354833,147.03225806451613,9351.0
20221115,10,0.87,9.836538461538463,79.28205128205128,5.315789473684211,0.003205128205128205,0.10897435897435898,32.446666666666665,38024.161073825504,2.76258064516129,159.41935483870967,13839.25
20221115,11,0.97,10.918589743589749,75.52564102564102,5.394736842105263,0.003846153846153847,0.08974358974358974,32.89403973509934,40926.37583892617,2.9535483870967734,159.09677419354838,16350.5
20221115,12,1.0,11.661538461538465,73.21153846153847,5.6118421052631575,0.001282051282051282,0.09615384615384616,33.96026490066225,44015.1677852349,3.1367741935483857,155.67741935483872,16195.25
20221115,13,0.97,11.942948717948717,72.60897435897436,5.921052631578948,0.001282051282051282,0.08333333333333333,31.62,46114.093959731545,3.1884615384615382,150.44871794871796,13424.0
20221115,14,0.87,11.66942675159236,74.24203821656052,6.118421052631579,0.000641025641025641,0.08333333333333333,25.58,45560.066666666666,3.1429487179487174,148.65384615384616,8189.0
20221115,15,0.71,10.822292993630569,78.10191082802548,6.647058823529412,0.001923076923076923,0.07051282051282051,16.8476821192053,43782.86666666667,2.955769230769231,138.39743589743588,2686.25
20221115,16,0.5,9.72738853503185,82.69426751592357,6.921568627450981,0.000641025641025641,0.1282051282051282,1.1125827814569536,40327.86666666667,2.9153846153846157,132.8846153846154,130.25
20221115,17,0.26,9.156050955414011,84.61783439490446,6.980392156862745,0.0012903225806451613,0.14838709677419354,0.0,37670.73333333333,3.0307692307692307,131.7948717948718,0.0
20221115,18,0.0,8.788535031847134,85.68789808917198,7.196078431372549,0.005806451612903226,0.12903225806451613,0.0,34022.666666666664,3.1980769230769224,131.15384615384616,0.0
20221115,19,-0.26,8.540127388535034,86.54140127388536,7.5359477124183005,0.015483870967741937,0.2129032258064516,0.0,32715.266666666666,3.3032051282051285,129.23076923076923,0.0
20221115,20,-0.5,8.34458598726115,86.99363057324841,7.568627450980392,0.04038461538461539,0.23717948717948717,0.0,30923.066666666666,3.371794871794871,123.3974358974359,0.0
20221115,21,-0.71,8.23503184713376,87.10191082802548,7.503267973856209,0.046794871794871795,0.2692307692307692,0,29602.533333333333,3.413461538461539,123.97435897435898,0.0
20221115,22,-0.87,8.043312101910832,87.79617834394904,7.594771241830065,0.06794871794871793,0.32051282051282054,0,28646.266666666666,3.4685897435897424,124.87179487179488,0.0
20221115,23,-0.97,7.894904458598723,88.21656050955414,7.568627450980392,0.11858974358974358,0.40384615384615385,0,26265.066666666666,3.578205128205128,125.51282051282051,0.0
20221116,00,-1.0,7.666878980891726,89.35031847133757,7.5359477124183005,0.25833333333333347,0.47435897435897434,0,22352.8,3.632692307692307,125.25641025641026,0.0
20221116,01,-0.97,7.5171974522293,90.48407643312102,7.405228758169935,0.3134615384615385,0.4807692307692308,0,20563.266666666666,3.7891025641025626,129.03846153846155,0.0
20221116,02,-0.87,7.364968152866239,91.31847133757962,7.405228758169935,0.3685897435897435,0.5064102564102564,0,19152.666666666668,3.9217948717948716,127.62820512820512,0.0
20221116,03,-0.71,7.221019108280255,92.07643312101911,7.509803921568627,0.3782051282051283,0.5448717948717948,0.0,17513.6,3.9583333333333357,132.8846153846154,0.0
20221116,04,-0.5,7.107643312101913,93.03821656050955,7.522875816993464,0.3794871794871795,0.5961538461538461,0.0,16945.6,4.054487179487181,132.82051282051282,0.0
20221116,05,-0.26,7.07006369426751,93.40764331210191,7.601307189542483,0.39038461538461544,0.5961538461538461,0.0,16110.866666666667,4.0217948717948735,142.1153846153846,0.0
20221116,06,-0.0,6.982165605095543,93.6687898089172,7.398692810457517,0.40192307692307694,0.6025641025641025,0.0,16284.866666666667,4.075641025641024,147.69230769230768,0.0
20221116,07,0.26,6.854487179487182,94.02564102564102,7.269736842105263,0.3948717948717949,0.5448717948717948,0.0,15733.758389261746,4.086538461538464,146.02564102564102,26.75
20221116,08,0.5,6.978846153846155,93.34615384615384,7.118421052631579,0.30387096774193556,0.5225806451612903,2.2119205298013247,18817.38255033557,4.092903225806453,149.74193548387098,686.0
20221116,09,0.71,7.319230769230762,91.76282051282051,7.197368421052632,0.35290322580645156,0.5096774193548387,5.741721854304636,21068.513513513513,4.169677419354838,154.0,2611.25
20221116,10,0.87,7.649358974358965,89.76923076923077,7.269736842105263,0.267741935483871,0.43870967741935485,8.112582781456954,24839.662162162163,4.230967741935485,158.38709677419354,5138.25
20221116,11,0.97,7.966666666666663,87.77564102564102,7.317880794701987,0.20258064516129035,0.43870967741935485,8.483443708609272,26593.64864864865,4.2290322580645165,162.6451612903226,6617.75
20221116,12,1.0,8.205128205128204,86.46153846153847,7.1644736842105265,0.17597402597402595,0.44155844155844154,8.786666666666667,26847.972972972973,4.101935483870966,166.90322580645162,7129.0
20221116,13,0.97,8.368589743589748,85.33974358974359,7.131578947368421,0.18181818181818185,0.3961038961038961,9.96,30862.972972972973,3.9558441558441584,162.85714285714286,6572.5
20221116,14,0.87,8.342307692307694,84.93548387096774,7.033112582781457,0.11818181818181818,0.3961038961038961,10.513333333333334,31733.243243243243,3.805194805194802,164.02597402597402,4722.0
20221116,15,0.71,8.038461538461537,86.0516129032258,7.033112582781457,0.1254901960784314,0.41830065359477125,9.433333333333334,31462.837837837837,3.6824675324675358,149.28571428571428,2036.75
20221116,16,0.5,7.324358974358975,88.75483870967741,6.8881578947368425,0.15779220779220776,0.42207792207792205,2.3866666666666667,28699.324324324323,3.5045161290322584,143.09677419354838,155.25
20221116,17,0.26,6.7942307692307695,89.95483870967742,6.5855263157894735,0.14805194805194805,0.43506493506493504,0.0,26707.22972972973,3.485806451612903,138.1290322580645,0.0
20221116,18,0.0,6.522435897435897,90.58064516129032,7.006666666666667,0.14155844155844155,0.35064935064935066,0.0,25236.14864864865,3.6225806451612903,131.80645161290323,0.0
20221116,19,-0.26,6.311612903225807,90.57792207792208,7.006666666666667,0.14415584415584415,0.2792207792207792,0.0,25710.54054054054,3.8227272727272723,130.58441558441558,0.0
20221116,20,-0.5,6.103225806451613,90.41558441558442,7.1466666666666665,0.1025974025974026,0.2597402597402597,0.0,26901.486486486487,3.941176470588236,132.54901960784315,0.0
20221116,21,-0.71,5.940645161290319,90.07142857142857,7.46,0.09084967320261438,0.3333333333333333,0,27926.41891891892,4.062745098039218,121.50326797385621,0.0
20221116,22,-0.87,5.791612903225809,89.87012987012987,7.473333333333334,0.08104575163398692,0.30718954248366015,0,28460.202702702703,4.17516339869281,121.50326797385621,0.0
20221116,23,-0.97,5.638064516129033,89.9090909090909,7.386666666666667,0.055194805194805206,0.3246753246753247,0,29536.68918918919,4.3281045751633975,124.2483660130719,0.0
20221117,00,-1.0,5.58,89.86363636363636,7.382550335570469,0.05714285714285715,0.37012987012987014,0,29838.31081081081,4.594117647058827,121.04575163398692,0.0
20221117,01,-0.97,5.550967741935484,89.49350649350649,7.486666666666666,0.08701298701298699,0.4025974025974026,0,30085.27027027027,4.913071895424835,123.59477124183006,0.0
20221117,02,-0.87,5.457419354838708,89.33766233766234,7.546666666666667,0.11038961038961038,0.42207792207792205,0,29975.337837837837,5.145098039215685,121.43790849673202,0.0
20221117,03,-0.71,5.415483870967744,89.27922077922078,7.473333333333334,0.13790849673202618,0.43137254901960786,0.0,29255.337837837837,5.3209150326797365,120.06535947712419,0.0
20221117,04,-0.5,5.381935483870969,89.44805194805195,7.526666666666666,0.21363636363636368,0.43506493506493504,0.0,29028.58108108108,5.512418300653594,121.37254901960785,0.0
20221117,05,-0.26,5.361290322580643,89.42207792207792,7.453333333333333,0.2116883116883117,0.474025974025974,0.0,28625.27027027027,5.730718954248365,124.83660130718954,0.0
20221117,06,-0.0,5.362580645161288,89.58441558441558,7.593333333333334,0.23116883116883122,0.5454545454545454,0.0,29258.64864864865,5.978431372549019,127.51633986928104,0.0
20221117,07,0.26,5.411612903225809,89.37662337662337,7.6,0.2847682119205297,0.5827814569536424,0.013422818791946308,29501.013513513513,6.077124183006535,132.41830065359477,29.75
20221117,08,0.5,5.60516129032258,88.75324675324676,7.593333333333334,0.4315789473684211,0.5789473684210527,0.785234899328859,28989.72972972973,6.105228758169934,138.95424836601308,729.0
20221117,09,0.71,5.976774193548386,87.46753246753246,7.557046979865772,0.42052980132450324,0.5629139072847682,2.4295302013422817,32431.84931506849,6.098692810457519,144.96732026143792,2501.0
20221117,10,0.87,6.392307692307691,86.10967741935484,7.581081081081081,0.32317880794701986,0.5827814569536424,3.436241610738255,35402.51700680272,6.25,147.84313725490196,4145.25
20221117,11,0.97,6.798076923076924,84.92903225806451,7.62,0.26622516556291403,0.6423841059602649,4.7114093959731544,36069.59459459459,6.2254901960784315,152.72727272727272,5211.25
20221117,12,1.0,7.110897435897434,83.9483870967742,7.410596026490066,0.256953642384106,0.6556291390728477,5.97986577181208,35495.33783783784,6.166233766233766,161.2987012987013,5823.75
20221117,13,0.97,7.346496815286623,83.27564102564102,7.357615894039735,0.22317880794701994,0.6225165562913907,7.140939597315437,36089.19463087248,6.135064935064933,160.90322580645162,5703.5
20221117,14,0.87,7.287898089171977,83.35897435897436,7.4144736842105265,0.37894736842105275,0.5986842105263158,7.573333333333333,36533.08724832215,5.9006451612903215,160.4516129032258,4084.75
20221117,15,0.71,7.011464968152866,85.0448717948718,7.375,0.34144736842105267,0.5723684210526315,5.993377483443709,37606.57718120806,5.339354838709679,159.3548387096774,1645.5
20221117,16,0.5,6.526751592356688,87.07692307692308,7.4144736842105265,0.2947368421052633,0.6052631578947368,1.1920529801324504,32973.288590604025,4.99290322580645,152.96774193548387,111.75
20221117,17,0.26,6.176433121019105,88.40384615384616,7.394736842105263,0.21710526315789483,0.6118421052631579,0.0,33882.34899328859,4.8064516129032215,143.80645161290323,0.0
20221117,18,0.0,5.9656050955414,89.28846153846153,7.328947368421052,0.17039473684210535,0.6118421052631579,0.0,30665.36912751678,4.627741935483871,141.61290322580646,0.0
20221117,19,-0.26,5.735668789808915,90.37820512820512,7.4868421052631575,0.21710526315789477,0.5986842105263158,0.0,26240.805369127516,4.494838709677419,145.16129032258064,0.0
20221117,20,-0.5,5.588535031847134,90.59615384615384,7.473684210526316,0.19078947368421062,0.5394736842105263,0.0,27373.959731543626,4.396129032258066,144.51612903225808,0.0
20221117,21,-0.71,5.3738853503184725,91.47435897435898,7.559210526315789,0.19084967320261448,0.5098039215686274,0,24297.71812080537,4.301290322580644,142.06451612903226,0.0
20221117,22,-0.87,5.283439490445856,91.67948717948718,7.625,0.17385620915032682,0.46405228758169936,0,24108.389261744967,4.156129032258065,150.58064516129033,0.0
20221117,23,-0.97,5.150318471337581,92.11538461538461,7.559210526315789,0.307843137254902,0.5555555555555556,0,22309.060402684565,4.068387096774192,147.61290322580646,0.0
20221118,00,-1.0,5.029936305732484,92.51282051282051,7.592105263157895,0.23464052287581708,0.6339869281045751,0,23011.946308724833,3.9264516129032243,142.90322580645162,0.0
20221118,01,-0.97,4.87579617834395,92.89102564102564,7.473684210526316,0.1712418300653595,0.6013071895424836,0,21088.993288590606,3.8193548387096796,138.6451612903226,0.0
20221118,02,-0.87,4.729299363057324,93.21794871794872,7.348684210526316,0.23202614379084976,0.5620915032679739,0,19409.798657718122,3.695483870967744,139.09677419354838,0.0
20221118,03,-0.71,4.56751592356688,93.19871794871794,7.322368421052632,0.3241830065359478,0.5686274509803921,0.0,18089.060402684565,3.7335483870967745,145.3548387096774,0.0
20221118,04,-0.5,4.4566878980891715,93.19871794871794,7.4605263157894735,0.4156862745098039,0.5686274509803921,0.0,16718.053691275167,3.7554838709677436,148.7741935483871,0.0
20221118,05,-0.26,4.303821656050955,92.8974358974359,7.105263157894737,0.2986928104575164,0.5816993464052288,0.0,18215.43624161074,3.8458064516129036,145.74193548387098,0.0
20221118,06,-0.0,4.169426751592355,92.62179487179488,7.072368421052632,0.31960784313725493,0.6078431372549019,0.0,19142.34899328859,3.8309677419354866,154.38709677419354,0.0
20221118,07,0.26,4.005732484076432,92.26282051282051,7.065789473684211,0.26209150326797387,0.5751633986928104,0.0,19680.268456375838,3.9612903225806444,152.25806451612902,22.75
20221118,08,0.5,4.0541401273885365,91.56410256410257,7.046052631578948,0.23594771241830068,0.6143790849673203,2.7218543046357615,19878.120805369126,4.058709677419356,155.74193548387098,688.25
20221118,09,0.71,4.147770700636943,89.9551282051282,6.947368421052632,0.22287581699346415,0.5882352941176471,6.3841059602649,23536.308724832215,4.340645161290324,162.7741935483871,2346.0
20221118,10,0.87,4.355414012738854,88.18589743589743,6.7631578947368425,0.20588235294117654,0.6078431372549019,8.033112582781458,24939.731543624162,4.481290322580648,161.16129032258064,4138.0
20221118,11,0.97,4.534394904458599,86.33333333333333,6.796052631578948,0.1875816993464052,0.5555555555555556,9.735099337748345,28955.637583892618,4.730322580645162,162.96774193548387,5363.25
20221118,12,1.0,4.603821656050954,84.98717948717949,6.756578947368421,0.16143790849673206,0.6274509803921569,9.841059602649006,30501.208053691276,4.849032258064517,168.6451612903226,5466.5
20221118,13,0.97,4.4656050955414015,84.21153846153847,6.815789473684211,0.22418300653594775,0.6339869281045751,10.039735099337749,31677.046979865772,4.881935483870967,167.03225806451613,4966.0
20221118,14,0.87,4.182802547770702,84.16025641025641,6.38562091503268,0.24836601307189546,0.6078431372549019,10.390728476821192,34230.536912751675,4.70967741935484,162.5,3401.75
20221118,15,0.71,3.67452229299363,84.77564102564102,6.143790849673203,0.2954248366013072,0.5424836601307189,8.966887417218542,34957.73333333333,4.397435897435897,163.65384615384616,1334.25
20221118,16,0.5,3.112738853503184,86.39102564102564,6.189542483660131,0.1679738562091503,0.5294117647058824,0.543046357615894,35566.333333333336,4.096153846153844,163.65384615384616,98.5
20221118,17,0.26,2.678343949044587,87.46496815286625,6.0130718954248366,0.22272727272727275,0.5454545454545454,0.0,32828.333333333336,3.8025641025641037,158.07692307692307,0.0
20221118,18,0.0,2.266878980891721,87.88535031847134,5.895424836601308,0.2155844155844156,0.5,0.0,33547.86666666667,3.6987179487179502,154.67948717948718,0.0
20221118,19,-0.26,1.9044585987261153,88.08917197452229,5.862745098039215,0.22142857142857147,0.4675324675324675,0.0,34554.13333333333,3.6493589743589734,154.03846153846155,0.0
20221118,20,-0.5,1.5770700636942672,88.91082802547771,5.934640522875817,0.1448051948051948,0.44805194805194803,0.0,31270.2,3.4621794871794873,143.71794871794873,0.0
20221118,21,-0.71,1.2898089171974525,89.14649681528662,5.954248366013072,0.12857142857142856,0.474025974025974,0,32569.666666666668,3.3314102564102583,145.7051282051282,0.0
20221118,22,-0.87,0.9509554140127388,89.56687898089172,5.96078431372549,0.18636363636363637,0.44155844155844154,0,31640.866666666665,3.249999999999999,143.5897435897436,0.0
20221118,23,-0.97,0.6038216560509554,90.26114649681529,5.640522875816994,0.1545454545454545,0.42857142857142855,0,29854.866666666665,3.066025641025641,139.2948717948718,0.0
20221119,00,-1.0,0.28598726114649686,90.64331210191082,5.555555555555555,0.13506493506493508,0.3961038961038961,0,27803.2,3.099358974358975,153.39743589743588,0.0
20221119,01,-0.97,-0.01656050955414008,91.29936305732484,5.457516339869281,0.10129870129870129,0.42207792207792205,0,26496.4,3.0108974358974376,156.66666666666666,0.0
20221119,02,-0.87,-0.2636942675159236,91.26114649681529,5.287581699346405,0.12402597402597398,0.4025974025974026,0,26540.266666666666,2.91025641025641,165.76923076923077,0.0
20221119,03,-0.71,-0.4961783439490447,91.0828025477707,5.457516339869281,0.14350649350649347,0.4090909090909091,0.0,25619.866666666665,2.983333333333333,162.82051282051282,0.0
20221119,04,-0.5,-0.6585987261146495,90.87261146496816,5.875816993464053,0.17662337662337665,0.44805194805194803,0.0,25840.8,3.110256410256409,157.75641025641025,0.0
20221119,05,-0.26,-0.7826923076923075,90.67307692307692,5.802631578947368,0.1733766233766234,0.4155844155844156,0.0,25906.174496644297,3.0309677419354824,160.25641025641025,0.0
20221119,06,-0.0,-0.9416666666666663,90.76282051282051,5.815789473684211,0.1454545454545455,0.42207792207792205,0.0,27082.41610738255,3.0122580645161294,157.74193548387098,0.0
20221119,07,0.26,-0.9544871794871795,90.84615384615384,6.197368421052632,0.1202614379084967,0.39215686274509803,0.0738255033557047,27204.093959731545,3.0316129032258075,164.0,44.25
20221119,08,0.5,-0.5698717948717948,89.66025641025641,5.947368421052632,0.07973856209150325,0.39215686274509803,6.342281879194631,27084.161073825504,3.051612903225807,166.90322580645162,1247.5
20221119,09,0.71,0.1858974358974359,86.99358974358974,6.0855263157894735,0.11960784313725491,0.3660130718954248,17.563758389261746,30735.03355704698,3.1477419354838716,162.51612903225808,3562.75
20221119,10,0.87,0.9108974358974359,84.31410256410257,6.151315789473684,0.1026143790849673,0.38562091503267976,19.973154362416107,32695.234899328858,3.264516129032258,168.51612903225808,6206.5
20221119,11,0.97,1.5192307692307694,81.7051282051282,6.065789473684211,0.1091503267973856,0.38562091503267976,22.74496644295302,36321.476510067114,3.3909677419354853,177.41935483870967,7952.0
20221119,12,1.0,1.8756410256410259,79.96153846153847,5.743421052631579,0.09281045751633987,0.4117647058823529,22.06711409395973,38028.791946308724,3.411612903225806,175.61290322580646,8749.5
20221119,13,0.97,2.1237179487179487,79.1025641025641,5.868421052631579,0.11764705882352938,0.43137254901960786,23.040268456375838,37802.34899328859,3.3335483870967746,187.8709677419355,7686.0
20221119,14,0.87,2.0608974358974357,79.46794871794872,5.756578947368421,0.10261437908496732,0.3790849673202614,22.02013422818792,39987.11409395973,3.1522580645161287,196.51612903225808,4969.5
20221119,15,0.71,1.6307692307692299,81.66666666666667,5.8881578947368425,0.1006535947712418,0.39869281045751637,19.053691275167786,38441.61073825503,2.9251612903225803,195.93548387096774,1758.75
20221119,16,0.5,0.8794871794871792,85.17307692307692,5.7894736842105265,0.07058823529411765,0.3660130718954248,1.9932885906040267,34819.73154362416,2.67548387096774,190.70967741935485,78.5
20221119,17,0.26,0.4339743589743588,87.08974358974359,5.723684210526316,0.07058823529411765,0.37254901960784315,0.0,32442.41610738255,2.6290322580645173,193.41935483870967,0.0
20221119,18,0.0,0.14038461538461536,88.02564102564102,5.684210526315789,0.11045751633986928,0.40522875816993464,0.0,29263.892617449663,2.5303225806451626,191.2258064516129,0.0
20221119,19,-0.26,-0.04487179487179493,88.91666666666667,5.809210526315789,0.08692810457516337,0.43137254901960786,0.0,28969.261744966443,2.5206451612903233,193.5483870967742,0.0
20221119,20,-0.5,-0.19423076923076935,89.57692307692308,6.026315789473684,0.09477124183006534,0.41830065359477125,0.0,25753.624161073825,2.4638709677419364,199.80645161290323,0.0
20221119,21,-0.71,-0.3243589743589744,89.60897435897436,5.927631578947368,0.10196078431372549,0.4117647058823529,0,25994.765100671142,2.396129032258063,193.8709677419355,0.0
20221119,22,-0.87,-0.4403846153846153,89.90384615384616,5.6490066225165565,0.08026315789473684,0.375,0,25728.456375838927,2.3612903225806456,199.2258064516129,0.0
20221119,23,-0.97,-0.5660256410256408,90.0448717948718,5.730263157894737,0.065359477124183,0.4117647058823529,0,24058.523489932886,2.3412903225806447,199.93548387096774,0.0
20221120,00,-1.0,-0.5897435897435895,90.61538461538461,5.9868421052631575,0.0915032679738562,0.4117647058823529,0,24565.57046979866,2.3883870967741934,207.16129032258064,0.0
20221120,01,-0.97,-0.6391025641025639,90.66025641025641,5.967105263157895,0.06797385620915031,0.40522875816993464,0,23719.664429530203,2.4593548387096784,209.29032258064515,0.0
20221120,02,-0.87,-0.6525641025641026,90.75641025641026,6.052631578947368,0.08758169934640522,0.3790849673202614,0,24429.127516778524,2.4587096774193546,201.5483870967742,0.0
20221120,03,-0.71,-0.6499999999999998,90.84615384615384,6.2105263157894735,0.09084967320261438,0.3464052287581699,0.0,24873.624161073825,2.466451612903225,202.96774193548387,0.0
20221120,04,-0.5,-0.6346153846153844,91.07051282051282,6.243421052631579,0.08627450980392157,0.39869281045751637,0.0,24109.53020134228,2.52,210.70967741935485,0.0
20221120,05,-0.26,-0.5737179487179486,90.87820512820512,6.401315789473684,0.0934640522875817,0.39869281045751637,0.0,23694.8322147651,2.6348387096774193,206.58064516129033,0.0
20221120,06,-0.0,-0.507692307692308,90.76923076923077,6.526315789473684,0.09411764705882351,0.38562091503267976,0.0,22760.0,2.663870967741935,217.61290322580646,0.0
20221120,07,0.26,-0.45064102564102554,91.0,6.546052631578948,0.07581699346405227,0.42483660130718953,0.16666666666666666,23738.322147651008,2.75483870967742,205.80645161290323,35.25
20221120,08,0.5,-0.12435897435897438,90.41666666666667,6.769736842105263,0.07058823529411765,0.45098039215686275,4.266666666666667,22889.731543624162,2.8580645161290326,212.90322580645162,1058.0
20221120,09,0.71,0.5410256410256408,88.88461538461539,6.592105263157895,0.0830065359477124,0.4117647058823529,7.84,24296.77852348993,3.0161290322580654,215.48387096774192,3319.0
20221120,10,0.87,1.2134615384615388,86.62179487179488,6.690789473684211,0.07777777777777775,0.47058823529411764,11.266666666666667,27409.127516778524,3.2850649350649355,215.12987012987014,5596.75
20221120,11,0.97,1.769871794871795,84.6923076923077,6.4605263157894735,0.06209150326797386,0.4444444444444444,12.68,29239.53020134228,3.524025974025975,216.36363636363637,7010.5
20221120,12,1.0,2.157692307692308,83.26282051282051,6.1118421052631575,0.06732026143790851,0.43790849673202614,13.26,32390.06711409396,3.702597402597403,221.03896103896105,7519.75
20221120,13,0.97,2.423076923076923,82.22435897435898,6.546052631578948,0.04248366013071895,0.3790849673202614,14.033333333333333,35166.91275167785,3.7474025974025955,217.01298701298703,6429.25
20221120,14,0.87,2.3961538461538474,82.48717948717949,6.328947368421052,0.02745098039215687,0.3660130718954248,12.506666666666666,37443.55704697986,3.640259740259741,218.76623376623377,4119.0
20221120,15,0.71,1.9833333333333338,84.2051282051282,6.269736842105263,0.03529411764705882,0.32679738562091504,10.153333333333334,36972.95302013423,3.4214285714285713,219.80519480519482,1389.5
20221120,16,0.5,1.4307692307692308,86.78846153846153,6.230263157894737,0.05816993464052288,0.3137254901960784,1.0066666666666666,33167.18120805369,3.143506493506493,218.7012987012987,58.0
20221120,17,0.26,1.1583333333333334,88.13461538461539,6.203947368421052,0.12875816993464054,0.3660130718954248,0.0,30362.953020134228,3.07012987012987,205.7792207792208,0.0
20221120,18,0.0,0.9961538461538465,89.0448717948718,6.3355263157894735,0.184967320261438,0.39869281045751637,0.0,28511.812080536914,3.1499999999999995,203.44155844155844,0.0
20221120,19,-0.26,0.9108974358974364,89.61538461538461,6.605263157894737,0.21111111111111114,0.42483660130718953,0.0,26487.046979865772,3.2519480519480526,198.76623376623377,0.0
20221120,20,-0.5,0.869230769230769,90.65384615384616,6.697368421052632,0.24901960784313731,0.477124183006536,0.0,24519.798657718122,3.331168831168831,199.28571428571428,0.0
20221120,21,-0.71,0.7910256410256408,91.28846153846153,6.697368421052632,0.1686274509803922,0.47058823529411764,0,23996.71140939597,3.514935064935064,197.14285714285714,0.0
20221120,22,-0.87,0.8237179487179483,91.78846153846153,6.75,0.14771241830065363,0.5228758169934641,0,22490.201342281878,3.6961038961038963,190.3896103896104,0.0
20221120,23,-0.97,0.9448717948717953,92.12179487179488,7.032894736842105,0.2111111111111112,0.5816993464052288,0,23409.86577181208,3.858441558441558,191.16883116883116,0.0
20221121,00,-1.0,1.0615384615384618,91.77564102564102,7.223684210526316,0.2431372549019609,0.6405228758169934,0,24231.342281879195,3.938961038961037,204.0909090909091,0.0
20221121,01,-0.97,1.1051282051282059,91.78846153846153,7.453947368421052,0.2104575163398694,0.673202614379085,0,24407.44966442953,4.0519480519480515,210.97402597402598,0.0
20221121,02,-0.87,1.1448717948717955,92.01282051282051,7.434210526315789,0.2418300653594772,0.6535947712418301,0,26074.8322147651,3.9746753246753217,218.05194805194805,0.0
20221121,03,-0.71,1.1166666666666665,92.11538461538461,7.342105263157895,0.2503267973856209,0.6143790849673203,0.0,24923.355704697988,3.895454545454547,226.42857142857142,0.0
20221121,04,-0.5,1.1006410256410262,91.96794871794872,7.407894736842105,0.20653594771241834,0.5816993464052288,0.0,25270.40268456376,3.898701298701298,234.0909090909091,0.0
20221121,05,-0.26,1.0147435897435892,92.4551282051282,7.3618421052631575,0.16797385620915045,0.5947712418300654,0.0,24308.657718120805,3.7194805194805185,233.7012987012987,0.0
20221121,06,-0.0,0.9929487179487176,92.1025641025641,7.322368421052632,0.1699346405228758,0.5424836601307189,0.0,23567.51677852349,3.628571428571429,234.6103896103896,0.0
20221121,07,0.26,0.8692307692307696,92.48717948717949,7.282894736842105,0.14052287581699344,0.5294117647058824,0.0,24396.71140939597,3.506451612903228,240.0,28.0
20221121,08,0.5,1.014102564102564,91.88461538461539,7.131578947368421,0.11568627450980391,0.477124183006536,2.5733333333333333,24045.906040268455,3.403225806451613,235.3548387096774,1167.75
20221121,09,0.71,1.4980645161290331,89.88387096774194,6.9,0.05657894736842104,0.3815789473684211,10.93918918918919,26768.513513513513,3.44025974025974,235.09677419354838,3984.25
20221121,10,0.87,2.0458064516129033,87.5741935483871,6.785234899328859,0.058552631578947356,0.3223684210526316,15.114864864864865,28513.716216216217,3.5883116883116877,230.12987012987014,6936.0
20221121,11,0.97,2.5664516129032253,85.02580645161291,6.389261744966443,0.0381578947368421,0.2631578947368421,18.87837837837838,33573.17567567567,3.6701298701298706,224.35064935064935,8978.0
20221121,12,1.0,2.9929032258064505,82.6774193548387,6.16,0.009271523178807948,0.2251655629139073,19.093959731543624,36194.12162162162,3.6623376623376607,217.01298701298703,9725.5
20221121,13,0.97,3.267741935483871,81.03225806451613,5.966666666666667,0.018831168831168834,0.21428571428571427,20.758389261744966,37076.24161073825,3.3337662337662337,210.32467532467533,8667.5
20221121,14,0.87,3.165806451612903,81.47096774193548,6.06,0.00974025974025974,0.14285714285714285,18.42281879194631,37992.214765100674,2.9987012987012984,199.02597402597402,5824.75
20221121,15,0.71,2.6628205128205145,84.32692307692308,6.228187919463087,0.004545454545454545,0.11688311688311688,14.328859060402685,36509.79865771812,2.725806451612903,170.58064516129033,2061.25
20221121,16,0.5,1.8487179487179497,87.97435897435898,5.712328767123288,0.0012987012987012987,0.11038961038961038,1.2066666666666668,31799.93288590604,2.7380645161290342,154.1290322580645,74.75
20221121,17,0.26,1.4666666666666675,89.01282051282051,5.42,0.011038961038961041,0.045454545454545456,0.0,30101.409395973154,2.9412903225806444,139.48387096774192,0.0
20221121,18,0.0,1.2000000000000002,89.4551282051282,5.6866666666666665,0.0,0.025974025974025976,0.0,28641.342281879195,3.2587096774193554,132.7741935483871,0.0
20221121,19,-0.26,1.0288461538461542,90.03205128205128,5.873333333333333,0.006535947712418301,0.05228758169934641,0.0,25948.053691275167,3.499999999999998,135.03225806451613,0.0
20221121,20,-0.5,0.9282051282051287,90.5,5.6866666666666665,0.0457516339869281,0.08496732026143791,0.0,23719.127516778524,3.6748387096774193,137.67741935483872,0.0
20221121,21,-0.71,0.967948717948718,90.30128205128206,5.724832214765101,0.05163398692810458,0.13725490196078433,0,23755.36912751678,3.758709677419356,140.70967741935485,0.0
20221121,22,-0.87,0.9711538461538461,90.7051282051282,6.530201342281879,0.06470588235294118,0.1830065359477124,0,23994.026845637585,3.8374193548387088,137.16129032258064,0.0
20221121,23,-0.97,0.9987179487179483,91.17948717948718,7.1879194630872485,0.05228758169934641,0.23529411764705882,0,23768.187919463086,3.910967741935486,140.38709677419354,0.0
20221122,00,-1.0,1.030769230769231,91.4551282051282,7.566666666666666,0.04379084967320261,0.30718954248366015,0,24332.88590604027,3.9606451612903193,140.25806451612902,0.0
20221122,01,-0.97,1.0916666666666661,91.63461538461539,7.546666666666667,0.040522875816993445,0.3137254901960784,0,24107.31543624161,3.949677419354836,139.29032258064515,0.0
20221122,02,-0.87,1.229487179487179,91.32692307692308,7.6066666666666665,0.03006535947712418,0.38562091503267976,0,24065.704697986577,4.019354838709676,147.80645161290323,0.0
20221122,03,-0.71,1.2782051282051288,91.73076923076923,7.493333333333333,0.03137254901960784,0.35947712418300654,0.0,24365.906040268455,4.023225806451613,147.5483870967742,0.0
20221122,04,-0.5,1.3993589743589747,91.98076923076923,7.6,0.022875816993464054,0.30718954248366015,0.0,22875.771812080537,3.9638709677419355,156.0,0.0
20221122,05,-0.26,1.5352564102564097,92.18589743589743,7.546666666666667,0.05032679738562091,0.3333333333333333,0.0,22052.21476510067,3.910967741935485,158.4516129032258,0.0
20221122,06,-0.0,1.6294871794871797,92.21794871794872,7.433333333333334,0.02810457516339869,0.32679738562091504,0.0,20788.791946308724,3.9109677419354827,159.67741935483872,0.0
20221122,07,0.26,1.7211538461538451,92.13461538461539,7.423841059602649,0.05194805194805195,0.2597402597402597,0.0,19672.48322147651,3.845806451612904,161.03225806451613,18.25
20221122,08,0.5,1.989102564102563,91.87179487179488,7.357615894039735,0.04090909090909091,0.2662337662337662,0.38,19416.174496644297,3.8916129032258073,163.61290322580646,649.0
20221122,09,0.71,2.480128205128204,90.38461538461539,7.317880794701987,0.051298701298701295,0.2662337662337662,3.8066666666666666,20805.771812080537,4.039354838709679,161.67741935483872,2596.75
20221122,10,0.87,3.0294871794871807,88.5,7.417218543046357,0.046753246753246755,0.23376623376623376,6.6866666666666665,23819.53020134228,4.122580645161292,167.03225806451613,4904.0
20221122,11,0.97,3.492307692307693,86.74358974358974,7.304635761589404,0.045454545454545435,0.2662337662337662,6.026666666666666,26426.510067114094,4.258709677419355,170.06451612903226,6108.75
20221122,12,1.0,3.8743589743589766,85.52564102564102,7.4635761589403975,0.031168831168831172,0.2597402597402597,5.64,27957.58389261745,4.288387096774193,170.96774193548387,6397.25
20221122,13,0.97,4.128205128205127,84.23717948717949,7.569536423841059,0.029870129870129873,0.22077922077922077,6.493333333333333,29625.302013422817,4.264516129032257,169.74193548387098,5365.0
20221122,14,0.87,4.108974358974359,84.69871794871794,7.450331125827814,0.031168831168831172,0.18831168831168832,5.766666666666667,31056.77852348993,4.223225806451614,170.58064516129033,3344.75
20221122,15,0.71,3.8467948717948732,86.00641025641026,7.569536423841059,0.02467532467532468,0.2012987012987013,1.5866666666666667,29104.228187919463,3.9967741935483856,169.2258064516129,1112.25
20221122,16,0.5,3.576282051282051,87.73717948717949,7.695364238410596,0.0409090909090909,0.2012987012987013,0.0,28052.88590604027,3.8967741935483873,165.48387096774192,44.25
20221122,17,0.26,3.467307692307693,88.67948717948718,7.701986754966887,0.029220779220779217,0.2792207792207792,0.0,26224.026845637585,3.9193548387096775,162.1290322580645,0.0
20221122,18,0.0,3.4185897435897434,89.1474358974359,7.774834437086093,0.017532467532467535,0.2857142857142857,0.0,27099.060402684565,3.9729032258064527,162.06451612903226,0.0
20221122,19,-0.26,3.4083333333333337,89.76282051282051,7.589403973509934,0.019480519480519487,0.3246753246753247,0.0,25800.671140939598,3.9612903225806453,165.61290322580646,0.0
20221122,20,-0.5,3.3929487179487174,90.16025641025641,7.596026490066225,0.009090909090909094,0.3051948051948052,0.0,26055.234899328858,3.852258064516127,164.32258064516128,0.0
20221122,21,-0.71,3.412820512820514,90.26282051282051,7.417218543046357,0.012987012987012988,0.2922077922077922,0,27557.919463087248,3.794838709677421,168.25806451612902,0.0
20221122,22,-0.87,3.391025641025641,90.52564102564102,7.403973509933775,0.009740259740259742,0.23376623376623376,0,27231.677852348992,3.7683870967741906,165.93548387096774,0.0
20221122,23,-0.97,3.3487179487179493,91.15384615384616,7.443708609271523,0.00974025974025974,0.2792207792207792,0,25916.375838926175,3.729677419354839,168.19354838709677,0.0
20221123,00,-1.0,3.3608974358974377,91.3525641025641,7.311258278145695,0.012987012987012988,0.23376623376623376,0,26198.456375838927,3.6348387096774197,170.25806451612902,0.0
20221123,01,-0.97,3.392948717948719,91.49358974358974,7.456953642384106,0.012987012987012988,0.24675324675324675,0,25809.53020134228,3.5903225806451613,169.93548387096774,0.0
20221123,02,-0.87,3.3641025641025637,91.82692307692308,7.423841059602649,0.022077922077922082,0.2922077922077922,0,25116.577181208053,3.4632258064516126,172.58064516129033,0.0
20221123,03,-0.71,3.4243589743589755,91.83974358974359,7.556291390728477,0.02012987012987013,0.2532467532467532,0.0,25000.335570469797,3.4070967741935476,170.19354838709677,0.0
20221123,04,-0.5,3.4096153846153854,92.08974358974359,7.562913907284768,0.02597402597402598,0.2922077922077922,0.0,24232.34899328859,3.401290322580644,168.58064516129033,0.0
20221123,05,-0.26,3.335256410256411,92.48076923076923,7.5364238410596025,0.029870129870129866,0.2792207792207792,0.0,23721.74496644295,3.2722580645161297,169.41935483870967,0.0
20221123,06,-0.0,3.2576923076923068,92.82051282051282,7.139072847682119,0.022077922077922082,0.3051948051948052,0.0,23695.03355704698,3.2096774193548394,161.93548387096774,0.0
20221123,07,0.26,3.2724358974358974,92.75641025641026,6.841059602649007,0.011612903225806452,0.3032258064516129,0.0,22214.093959731545,3.1916129032258076,159.61290322580646,23.5
20221123,08,0.5,3.60448717948718,91.63461538461539,6.569536423841059,0.008387096774193548,0.24516129032258063,5.1466666666666665,24563.758389261744,3.190967741935484,158.4516129032258,1412.75
20221123,09,0.71,4.467948717948717,88.6025641025641,6.23841059602649,0.0032258064516129032,0.16774193548387098,15.46,28750.671140939598,3.2490322580645175,163.03225806451613,5172.0
20221123,10,0.87,5.376282051282049,85.08974358974359,6.006622516556291,0.005161290322580645,0.14838709677419354,18.48,31631.275167785236,3.4161290322580644,166.38709677419354,9651.75
20221123,11,0.97,6.200000000000001,81.43870967741935,5.546666666666667,0.0070967741935483875,0.11612903225806452,22.738255033557046,36729.05405405405,3.5688311688311676,170.4516129032258,13045.25
20221123,12,1.0,6.814743589743589,78.3076923076923,5.306666666666667,0.005806451612903226,0.10967741935483871,28.13422818791946,40716.97986577181,3.6903225806451627,170.70967741935485,14426.5
20221123,13,0.97,7.1707006369426765,76.01910828025478,4.92,0.0019230769230769234,0.08974358974358974,29.543046357615893,41960.8,3.782692307692307,166.92307692307693,12657.75
20221123,14,0.87,7.047133757961781,75.94267515923566,4.533333333333333,0.0,0.07051282051282051,32.158940397350996,44108.86666666667,3.7858974358974344,162.37179487179486,8302.75
20221123,15,0.71,6.253503184713376,78.89808917197452,4.033557046979865,0.016666666666666666,0.057692307692307696,28.1523178807947,41054.0,3.6724358974359004,155.83333333333334,2735.5
20221123,16,0.5,5.081528662420381,83.97452229299363,4.125827814569536,0.12307692307692307,0.10897435897435898,3.1788079470198674,35608.066666666666,3.405769230769231,148.2051282051282,72.0
20221123,17,0.26,4.571337579617834,86.73248407643312,4.19205298013245,0.1480769230769231,0.1858974358974359,0.0,32480.933333333334,3.4064102564102554,147.30769230769232,0.0
20221123,18,0.0,4.305732484076433,88.5732484076433,4.622516556291391,0.1262820512820513,0.27564102564102566,0.0,29338.2,3.519230769230769,154.23076923076923,0.0
20221123,19,-0.26,4.08089171974522,90.39490445859873,5.291390728476821,0.1775641025641026,0.3269230769230769,0.0,25399.466666666667,3.692948717948719,164.23076923076923,0.0
20221123,20,-0.5,3.9496815286624196,91.49044585987261,5.947019867549669,0.1647435897435897,0.3333333333333333,0.0,22107.866666666665,3.750641025641028,170.89743589743588,0.0
20221123,21,-0.71,3.971337579617832,92.23566878980891,5.880794701986755,0.16923076923076924,0.3717948717948718,0,21605.6,3.758333333333333,175.19230769230768,0.0
20221123,22,-0.87,3.9840764331210208,92.44585987261146,5.748344370860927,0.14807692307692305,0.358974358974359,0,22858.133333333335,3.8301282051282013,181.92307692307693,0.0
20221123,23,-0.97,3.9006369426751606,93.13375796178345,6.112582781456954,0.12371794871794875,0.358974358974359,0,21977.733333333334,3.729487179487179,186.34615384615384,0.0
20221124,00,-1.0,4.015923566878981,93.21019108280255,6.231788079470198,0.11730769230769234,0.30128205128205127,0,21914.2,3.6717948717948716,190.0,0.0
20221124,01,-0.97,4.009554140127389,93.47770700636943,6.516556291390729,0.08397435897435897,0.3269230769230769,0,20799.666666666668,3.7006410256410267,190.25641025641025,0.0
20221124,02,-0.87,4.1140127388535,93.54140127388536,6.768211920529802,0.06474358974358974,0.30128205128205127,0,21338.733333333334,3.687820512820515,195.25641025641025,0.0
20221124,03,-0.71,4.264968152866245,93.44585987261146,6.933774834437086,0.05705128205128204,0.34615384615384615,0.0,21152.0,3.71025641025641,192.94871794871796,0.0
20221124,04,-0.5,4.358598726114651,93.44585987261146,7.119205298013245,0.07435897435897434,0.358974358974359,0.0,19825.066666666666,3.7121794871794864,193.9102564102564,0.0
20221124,05,-0.26,4.44140127388535,93.5031847133758,7.086092715231788,0.0814102564102564,0.42948717948717946,0.0,20104.133333333335,3.6711538461538478,194.74358974358975,0.0
20221124,06,-0.0,4.484713375796179,93.4968152866242,7.218543046357616,0.07564102564102565,0.46794871794871795,0.0,19292.133333333335,3.7051282051282053,191.47435897435898,0.0
20221124,07,0.26,4.533757961783442,93.63057324840764,7.126666666666667,0.11153846153846156,0.4423076923076923,0.0,18957.8,3.603846153846154,197.1153846153846,18.75
20221124,08,0.5,4.84076433121019,93.0828025477707,7.258278145695364,0.13910256410256408,0.46794871794871795,1.5562913907284768,19916.666666666668,3.6358974358974367,195.96153846153845,1060.5
20221124,09,0.71,5.389808917197453,91.63057324840764,7.282894736842105,0.15000000000000005,0.4807692307692308,5.953642384105961,21532.066666666666,3.636538461538463,201.21794871794873,3264.75
20221124,10,0.87,5.977707006369425,89.89171974522293,7.125,0.09743589743589742,0.5192307692307693,8.264900662251655,22945.733333333334,3.748717948717949,205.51282051282053,5394.0
20221124,11,0.97,6.482802547770702,88.21019108280255,6.887417218543046,0.0705128205128205,0.5064102564102564,10.185430463576159,26127.78523489933,3.9423076923076925,212.82051282051282,6963.25
20221124,12,1.0,6.88980891719745,86.56687898089172,6.927152317880795,0.06538461538461537,0.46153846153846156,10.304635761589404,30188.590604026846,4.018589743589741,220.06410256410257,7412.5
20221124,13,0.97,7.132051282051282,85.36538461538461,6.566666666666666,0.09807692307692308,0.391025641025641,12.596026490066226,31221.486486486487,3.982692307692306,225.19230769230768,6703.0
20221124,14,0.87,7.1929936305732465,84.96815286624204,6.480263157894737,0.0814102564102564,0.34615384615384615,12.986754966887418,33392.666666666664,3.6153846153846163,225.0,4728.75
20221124,15,0.71,6.792993630573245,86.19745222929936,5.9072847682119205,0.0576923076923077,0.28846153846153844,14.113333333333333,31122.666666666668,3.1608974358974367,218.65384615384616,1850.5
20221124,16,0.5,6.015384615384617,89.26282051282051,5.28,0.055769230769230765,0.27564102564102566,2.4066666666666667,29222.28187919463,2.758709677419356,209.16666666666666,96.75
20221124,17,0.26,5.3974358974359,91.25641025641026,5.033557046979865,0.02243589743589744,0.1858974358974359,0.0,27721.666666666668,2.5909677419354824,197.8709677419355,0.0
20221124,18,0.0,4.954487179487181,92.55128205128206,4.913333333333333,0.013461538461538462,0.1987179487179487,0.0,24590.06711409396,2.498064516129033,193.61290322580646,0.0
20221124,19,-0.26,4.6031847133758,93.24203821656052,4.973509933774834,0.018589743589743593,0.1346153846153846,0.0,22667.133333333335,2.4551282051282066,188.65384615384616,0.0
20221124,20,-0.5,4.281528662420381,93.87261146496816,5.105960264900662,0.008333333333333333,0.15384615384615385,0.0,20786.866666666665,2.418589743589744,182.82051282051282,0.0
20221124,21,-0.71,3.9305732484076428,94.45859872611464,5.443708609271523,0.01217948717948718,0.10897435897435898,0,18743.466666666667,2.406410256410257,180.25641025641025,0.0
20221124,22,-0.87,3.7420382165605073,94.59235668789809,5.562913907284768,0.003205128205128205,0.10256410256410256,0,18419.733333333334,2.3057692307692315,178.84615384615384,0.0
20221124,23,-0.97,3.5006369426751585,94.94904458598727,5.8344370860927155,0.008974358974358974,0.08333333333333333,0,16975.933333333334,2.3576923076923078,177.17948717948718,0.0
20221125,00,-1.0,3.2987261146496807,95.19745222929936,6.086092715231788,0.000641025641025641,0.08974358974358974,0,17096.2,2.3532051282051283,162.56410256410257,0.0
20221125,01,-0.97,3.173885350318472,95.09554140127389,6.556291390728477,0.002564102564102564,0.12179487179487179,0,16470.2,2.3737179487179496,162.56410256410257,0.0
20221125,02,-0.87,3.0828025477707,94.57961783439491,6.874172185430464,0.006410256410256412,0.1282051282051282,0,18373.133333333335,2.5012820512820504,161.34615384615384,0.0
20221125,03,-0.71,3.07388535031847,94.50955414012739,7.0927152317880795,0.0019230769230769234,0.10897435897435898,0.0,18337.866666666665,2.5916666666666677,162.5,0.0
20221125,04,-0.5,3.0331210191082802,94.56050955414013,7.403973509933775,0.015384615384615384,0.08333333333333333,0.0,18982.733333333334,2.6634615384615388,157.37179487179486,0.0
20221125,05,-0.26,3.0535031847133745,94.78343949044586,7.364238410596027,0.025,0.1282051282051282,0.0,18025.133333333335,2.7237179487179484,163.52564102564102,0.0
20221125,06,-0.0,3.0694267515923563,95.10828025477707,7.271523178807947,0.08141025641025641,0.17307692307692307,0.0,17803.266666666666,2.72051282051282,164.87179487179486,0.0
20221125,07,0.26,3.103821656050956,95.07006369426752,7.317880794701987,0.08333333333333333,0.27564102564102566,0.07947019867549669,17946.333333333332,2.8141025641025643,164.16666666666666,23.0
20221125,08,0.5,3.459872611464968,94.70700636942675,7.086092715231788,0.07371794871794869,0.3333333333333333,5.006622516556291,17946.266666666666,2.766025641025641,162.69230769230768,1335.0
20221125,09,0.71,4.340764331210191,92.8343949044586,7.032894736842105,0.07243589743589743,0.3333333333333333,10.596026490066226,22016.066666666666,2.6801282051282063,173.14102564102564,4384.0
20221125,10,0.87,5.309554140127387,90.59872611464968,7.098684210526316,0.053846153846153835,0.3333333333333333,13.907284768211921,25470.466666666667,2.9621794871794873,178.26923076923077,7431.5
20221125,11,0.97,6.122929936305731,88.43312101910828,6.980263157894737,0.05769230769230768,0.34615384615384615,13.47019867549669,27788.133333333335,3.1070512820512826,182.05128205128204,9156.25
20221125,12,1.0,6.717197452229299,86.78980891719745,7.151315789473684,0.06217948717948719,0.3525641025641026,13.125827814569536,29100.6,3.15448717948718,189.80769230769232,9081.75
20221125,13,0.97,6.968789808917196,86.5732484076433,7.1644736842105265,0.05225806451612903,0.34838709677419355,12.410596026490067,29670.666666666668,3.149358974358976,202.17948717948718,6950.0
20221125,14,0.87,6.942038216560508,87.80891719745223,7.282894736842105,0.07548387096774194,0.3870967741935484,8.350993377483444,27448.6,2.932051282051281,208.97435897435898,3686.75
20221125,15,0.71,6.633121019108278,89.22292993630573,7.269736842105263,0.09225806451612903,0.4064516129032258,4.5364238410596025,26032.133333333335,2.837820512820515,209.93589743589743,1068.5
20221125,16,0.5,6.192993630573253,91.59872611464968,7.276315789473684,0.15612903225806454,0.4064516129032258,0.06622516556291391,22331.133333333335,2.694230769230768,209.42307692307693,41.25
20221125,17,0.26,5.992356687898087,92.98726114649682,7.092105263157895,0.1509677419354839,0.3935483870967742,0.0,19656.533333333333,2.5461538461538473,215.06410256410257,0.0
20221125,18,0.0,5.924840764331209,93.49044585987261,7.0131578947368425,0.18967741935483873,0.45161290322580644,0.0,18244.8,2.5801282051282053,219.80769230769232,0.0
20221125,19,-0.26,5.840764331210191,94.07643312101911,6.947368421052632,0.1636363636363636,0.4935064935064935,0.0,16958.333333333332,2.6000000000000005,222.8846153846154,0.0
20221125,20,-0.5,5.728025477707006,94.61146496815287,6.598684210526316,0.1532467532467533,0.512987012987013,0.0,15646.666666666666,2.6314102564102564,230.83333333333334,0.0
20221125,21,-0.71,5.6248407643312115,95.31210191082802,6.197368421052632,0.1409090909090909,0.5,0,13663.8,2.66474358974359,233.52564102564102,0.0
20221125,22,-0.87,5.5242038216560525,95.8407643312102,6.2368421052631575,0.10389610389610386,0.4805194805194805,0,12906.666666666666,2.6397435897435915,235.0,0.0
20221125,23,-0.97,5.407643312101913,96.12738853503184,6.0394736842105265,0.12792207792207796,0.44805194805194803,0,11396.0,2.5974358974358966,238.84615384615384,0.0
20221126,00,-1.0,5.3038216560509515,96.1592356687898,6.092105263157895,0.06688311688311686,0.474025974025974,0,11577.8,2.570512820512821,240.89743589743588,0.0
20221126,01,-0.97,5.153503184713375,96.27388535031847,6.059210526315789,0.05909090909090909,0.42857142857142855,0,11111.2,2.5429487179487182,242.5,0.0
20221126,02,-0.87,5.110191082802549,96.50955414012739,6.2368421052631575,0.0753246753246753,0.37662337662337664,0,10442.133333333333,2.5621794871794887,241.15384615384616,0.0
20221126,03,-0.71,5.00828025477707,96.4968152866242,6.328947368421052,0.059740259740259746,0.36363636363636365,0.0,11003.733333333334,2.5416666666666683,239.87179487179486,0.0
20221126,04,-0.5,4.934394904458597,96.80254777070064,6.28476821192053,0.06818181818181818,0.34415584415584416,0.0,9992.0,2.5544871794871797,243.01282051282053,0.0
20221126,05,-0.26,4.828662420382164,96.88535031847134,6.271523178807947,0.05389610389610388,0.35714285714285715,0.0,9769.0,2.5108974358974367,247.30769230769232,0.0
20221126,06,-0.0,4.695541401273883,97.00636942675159,6.28476821192053,0.04285714285714285,0.3181818181818182,0.0,9293.533333333333,2.4839743589743604,244.03846153846155,0.0
20221126,07,0.26,4.586624203821655,97.28662420382166,6.6092715231788075,0.05999999999999999,0.2838709677419355,0.0,9268.333333333334,2.454487179487179,239.03846153846155,6.75
20221126,08,0.5,4.766878980891721,96.6624203821656,6.529801324503311,0.038064516129032264,0.22580645161290322,2.8675496688741724,9615.866666666667,2.434615384615383,239.87179487179486,798.5
20221126,09,0.71,5.295541401273885,94.96815286624204,6.516556291390729,0.01741935483870968,0.17419354838709677,11.313333333333333,12913.066666666668,2.530769230769232,236.15384615384616,3359.25
20221126,10,0.87,5.946496815286622,92.59235668789809,6.6092715231788075,0.0064516129032258064,0.15483870967741936,12.526666666666667,16768.2,2.7089743589743587,241.47435897435898,5989.25
20221126,11,0.97,6.435031847133759,90.29299363057325,6.8344370860927155,0.0038709677419354843,0.14193548387096774,13.08,20140.133333333335,2.9083333333333328,240.76923076923077,7342.25
20221126,12,1.0,6.746496815286626,88.63057324840764,6.993377483443709,0.005806451612903225,0.18064516129032257,11.993333333333334,22371.533333333333,2.9557692307692305,243.97435897435898,7452.25
20221126,13,0.97,6.879617834394902,87.57961783439491,6.827814569536423,0.013548387096774195,0.14193548387096774,11.313333333333333,24071.733333333334,2.915384615384616,243.71794871794873,6688.0
20221126,14,0.87,6.782165605095543,87.72611464968153,6.927152317880795,0.0064516129032258064,0.1032258064516129,10.08,23733.333333333332,2.7948717948717965,240.0,4335.25
20221126,15,0.71,6.321019108280259,89.72611464968153,6.543046357615894,0.041935483870967745,0.0967741935483871,8.34,22661.533333333333,2.446153846153844,233.14102564102564,1573.5
20221126,16,0.5,5.582802547770702,92.57961783439491,6.655629139072848,0.0038709677419354843,0.07096774193548387,1.2,19486.4,2.167307692307693,221.47435897435898,84.75
20221126,17,0.26,5.115286624203822,93.8343949044586,6.66887417218543,0.001935483870967742,0.04516129032258064,0.0,16283.8,2.069230769230768,200.25641025641025,0.0
20221126,18,0.0,4.764968152866238,94.62420382165605,6.920529801324503,0.0,0.07096774193548387,0.0,14096.266666666666,2.042307692307691,196.0897435897436,0.0
20221126,19,-0.26,4.479617834394905,94.98726114649682,6.814569536423841,0.012258064516129034,0.11612903225806452,0.0,12404.533333333333,2.0698717948717946,190.44871794871796,0.0
20221126,20,-0.5,4.184076433121019,95.32484076433121,6.708609271523179,0.0032258064516129032,0.13548387096774195,0.0,12127.933333333332,2.0865384615384612,180.51282051282053,0.0
20221126,21,-0.71,3.8675159235668795,95.38853503184713,6.0,0.0025806451612903226,0.10967741935483871,0,11224.733333333334,2.1711538461538473,179.10256410256412,0.0
20221126,22,-0.87,3.6713375796178327,95.14649681528662,5.874172185430464,0.0012903225806451613,0.09032258064516129,0,11667.533333333333,2.2288461538461544,187.82051282051282,0.0
20221126,23,-0.97,3.4719745222929936,95.04458598726114,6.3509933774834435,0.0019354838709677422,0.1032258064516129,0,12855.8,2.3096153846153857,183.33333333333334,0.0
20221127,00,-1.0,3.249044585987262,94.85987261146497,6.311258278145695,0.0038709677419354843,0.1032258064516129,0,12797.0,2.427564102564103,178.84615384615384,0.0
20221127,01,-0.97,3.0254777070063685,94.70700636942675,6.410596026490066,0.0019354838709677422,0.08387096774193549,0,13348.0,2.505769230769233,170.76923076923077,0.0
20221127,02,-0.87,2.756050955414013,94.70063694267516,6.344370860927152,0.0006451612903225806,0.03225806451612903,0,14156.466666666667,2.4576923076923074,162.5,0.0
20221127,03,-0.71,2.53248407643312,94.71974522292993,6.337748344370861,0.0012903225806451613,0.025806451612903226,0.0,13903.333333333334,2.4903846153846154,164.67948717948718,0.0
20221127,04,-0.5,2.239102564102564,94.48076923076923,6.333333333333333,0.0006451612903225806,0.03870967741935484,0.0,14102.28187919463,2.531410256410256,163.78205128205127,0.0
20221127,05,-0.26,2.0679487179487177,94.5576923076923,6.6466666666666665,0.0,0.04516129032258064,0.0,14364.697986577181,2.5696774193548397,155.74193548387098,0.0
20221127,06,-0.0,1.8692307692307701,94.17948717948718,7.033333333333333,0.0,0.025806451612903226,0.0,15257.44966442953,2.583870967741936,153.3548387096774,0.0
20221127,07,0.26,1.7320512820512817,93.84615384615384,7.12,0.0006493506493506494,0.01948051948051948,0.15333333333333332,15848.523489932886,2.683225806451614,151.03225806451613,11.0
20221127,08,0.5,2.0365384615384627,92.75641025641026,6.98,0.0,0.012987012987012988,8.126666666666667,16858.456375838927,2.700645161290323,151.41935483870967,1377.5
20221127,09,0.71,2.9121794871794844,89.86538461538461,6.866666666666666,0.0,0.012987012987012988,21.42,21507.18120805369,2.8948387096774186,154.1290322580645,4981.5
20221127,10,0.87,3.839102564102564,86.98717948717949,6.533333333333333,0.0,0.045454545454545456,22.673333333333332,25734.42953020134,3.1245161290322585,161.41935483870967,8181.75
20221127,11,0.97,4.742307692307689,83.58333333333333,6.433333333333334,0.003246753246753247,0.05194805194805195,23.773333333333333,29639.86577181208,3.199354838709679,158.70967741935485,9919.5
20221127,12,1.0,5.22948717948718,81.42307692307692,6.66,0.01038961038961039,0.05194805194805195,22.173333333333332,32876.91275167785,3.2922580645161275,155.80645161290323,9879.75
20221127,13,0.97,5.474358974358975,80.02564102564102,7.006666666666667,0.014935064935064937,0.06493506493506493,19.393333333333334,35424.96644295302,3.3335483870967746,153.41935483870967,7709.75
20221127,14,0.87,5.259615384615386,81.12820512820512,6.986666666666666,0.01038961038961039,0.11038961038961038,14.366666666666667,35746.30872483221,3.3741935483870975,153.93548387096774,4331.5
20221127,15,0.71,4.716025641025642,83.81410256410257,7.306666666666667,0.01753246753246753,0.12337662337662338,4.366666666666666,33299.12751677852,3.2980645161290294,150.4516129032258,1093.25
20221127,16,0.5,4.273717948717949,85.18589743589743,7.566666666666666,0.03311688311688312,0.15584415584415584,0.14,30717.58389261745,3.4090322580645176,145.48387096774192,21.0
20221127,17,0.26,4.053846153846155,86.2051282051282,7.533333333333333,0.04285714285714286,0.16883116883116883,0.0,28914.89932885906,3.5632258064516127,140.96774193548387,0.0
20221127,18,0.0,3.952564102564102,85.96794871794872,7.526666666666666,0.045454545454545456,0.16233766233766234,0.0,29448.791946308724,3.587096774193547,147.80645161290323,0.0
20221127,19,-0.26,3.9153846153846157,85.80128205128206,7.466666666666667,0.0487012987012987,0.15584415584415584,0.0,29414.093959731545,3.6154838709677413,138.96774193548387,0.0
20221127,20,-0.5,3.875000000000002,85.57692307692308,7.4,0.05,0.14935064935064934,0.0,29514.56375838926,3.595483870967744,141.48387096774192,0.0
20221127,21,-0.71,3.7903846153846152,85.30128205128206,7.493333333333333,0.0448051948051948,0.16883116883116883,0,28997.71812080537,3.7258064516129017,135.03225806451613,0.0
20221127,22,-0.87,3.6333333333333324,85.93589743589743,7.506666666666667,0.050649350649350645,0.18181818181818182,0,28972.61744966443,3.741290322580645,139.48387096774192,0.0
20221127,23,-0.97,3.606410256410258,85.58333333333333,7.573333333333333,0.03896103896103896,0.2012987012987013,0,29172.61744966443,3.6741935483870973,142.58064516129033,0.0
20221128,00,-1.0,3.5089743589743603,85.66666666666667,7.666666666666667,0.0422077922077922,0.21428571428571427,0,29590.604026845638,3.729032258064516,136.70967741935485,0.0
20221128,01,-0.97,3.4987179487179483,85.16025641025641,7.593333333333334,0.048701298701298704,0.21428571428571427,0,30389.060402684565,3.674193548387096,138.25806451612902,0.0
20221128,02,-0.87,3.5141025641025645,84.8974358974359,7.573333333333333,0.0474025974025974,0.22077922077922077,0,30366.375838926175,3.698709677419352,135.67741935483872,0.0
20221128,03,-0.71,3.465384615384614,84.91666666666667,7.486666666666666,0.03831168831168832,0.21428571428571427,0.0,29470.604026845638,3.7470967741935497,139.41935483870967,0.0
20221128,04,-0.5,3.3493589743589745,85.4423076923077,7.64,0.02142857142857143,0.24675324675324675,0.0,30201.476510067114,3.7548387096774185,136.1290322580645,0.0
20221128,05,-0.26,3.3435897435897415,85.18589743589743,7.626666666666667,0.03506493506493507,0.22727272727272727,0.0,29493.959731543626,3.8948387096774173,137.3548387096774,0.0
20221128,06,-0.0,3.317197452229297,85.2484076433121,7.801324503311259,0.031168831168831172,0.22727272727272727,0.0,28653.4,3.835256410256409,145.7051282051282,0.0
20221128,07,0.26,3.3019108280254783,85.6687898089172,7.776315789473684,0.03548387096774192,0.24516129032258063,0.033112582781456956,28035.8,3.775641025641025,143.97435897435898,12.0
20221128,08,0.5,3.4770700636942666,85.44585987261146,7.631578947368421,0.05161290322580643,0.23225806451612904,0.019867549668874173,27454.8,3.7153846153846146,146.60256410256412,477.0
20221128,09,0.71,3.8525641025641018,84.53205128205128,7.642384105960265,0.06233766233766234,0.22727272727272727,0.013245033112582781,28083.422818791947,3.754193548387096,145.96153846153845,1948.5
20221128,10,0.87,4.276923076923079,83.23717948717949,7.6466666666666665,0.058441558441558454,0.24675324675324675,0.3841059602649007,27693.422818791947,3.7522580645161283,153.2258064516129,3465.5
20221128,11,0.97,4.7089743589743565,82.47435897435898,7.6866666666666665,0.07712418300653595,0.28104575163398693,1.4834437086092715,28319.194630872484,3.684516129032257,150.06451612903226,4486.25
20221128,12,1.0,5.041025641025641,82.17307692307692,7.682119205298013,0.09407894736842104,0.3355263157894737,1.2384105960264902,27526.174496644297,3.5825806451612907,155.74193548387098,4669.75
20221128,13,0.97,5.171794871794871,82.39102564102564,7.688741721854305,0.09671052631578946,0.3684210526315789,1.7086092715231789,26987.51677852349,3.450967741935483,154.4516129032258,3748.5
20221128,14,0.87,5.131410256410255,83.83333333333333,7.596026490066225,0.09999999999999998,0.37254901960784315,1.2450331125827814,25705.43624161074,3.279354838709677,146.51612903225808,2122.5
20221128,15,0.71,4.91730769230769,85.27564102564102,7.483443708609271,0.08039215686274509,0.43790849673202614,0.09271523178807947,24689.664429530203,3.1806451612903235,144.7741935483871,635.0
20221128,16,0.5,4.610897435897436,86.93589743589743,7.556291390728477,0.08169934640522876,0.45098039215686275,0.0,21412.55033557047,3.0967741935483883,145.03225806451613,16.25
20221128,17,0.26,4.435256410256413,88.34615384615384,7.397350993377484,0.0915032679738562,0.477124183006536,0.0,18954.228187919463,3.045161290322581,146.96774193548387,0.0
20221128,18,0.0,4.311538461538461,89.58333333333333,7.569536423841059,0.08888888888888889,0.4444444444444444,0.0,17409.46308724832,2.939354838709678,152.32258064516128,0.0
20221128,19,-0.26,4.2756410256410255,90.30128205128206,7.47682119205298,0.09605263157894738,0.506578947368421,0.0,15739.060402684563,2.84516129032258,150.58064516129033,0.0
20221128,20,-0.5,4.190384615384617,91.1923076923077,7.503311258278146,0.1013157894736842,0.5460526315789473,0.0,14404.429530201342,2.754838709677419,148.25806451612902,0.0
20221128,21,-0.71,4.182051282051282,92.01923076923077,7.5364238410596025,0.12236842105263161,0.631578947368421,0,12965.23489932886,2.678709677419355,151.61290322580646,0.0
20221128,22,-0.87,4.15448717948718,92.76923076923077,7.569536423841059,0.12434210526315788,0.6381578947368421,0,11222.75167785235,2.633548387096775,148.7741935483871,0.0
20221128,23,-0.97,4.133333333333336,93.34615384615384,7.6490066225165565,0.15065789473684205,0.625,0,10499.73154362416,2.55741935483871,148.25806451612902,0.0
20221129,00,-1.0,4.096794871794873,93.76923076923077,7.622516556291391,0.1450980392156863,0.6339869281045751,0,9282.48322147651,2.5380645161290323,152.19354838709677,0.0
20221129,01,-0.97,4.069230769230771,94.19871794871794,7.662251655629139,0.1348684210526315,0.6578947368421053,0,8664.899328859061,2.4548387096774196,153.03225806451613,0.0
20221129,02,-0.87,4.037820512820511,94.64102564102564,7.708609271523179,0.12828947368421054,0.6447368421052632,0,7685.10067114094,2.4238709677419368,158.19354838709677,0.0
20221129,03,-0.71,4.0352564102564115,94.98076923076923,7.66887417218543,0.11381578947368422,0.7368421052631579,0.0,7464.161073825503,2.3658064516129045,160.83870967741936,0.0
20221129,04,-0.5,4.025,95.28846153846153,7.741721854304636,0.08758169934640518,0.7189542483660131,0.0,6935.5704697986575,2.345806451612903,162.7741935483871,0.0
20221129,05,-0.26,4.005128205128205,95.5448717948718,7.80794701986755,0.0771241830065359,0.6993464052287581,0.0,6382.48322147651,2.335483870967741,168.4516129032258,0.0
20221129,06,-0.0,3.9878205128205146,95.6923076923077,7.735099337748345,0.08169934640522873,0.6601307189542484,0.0,5942.953020134229,2.28258064516129,169.3548387096774,0.0
20221129,07,0.26,4.006410256410261,95.59615384615384,7.847682119205298,0.0675324675324675,0.6818181818181818,0.0,5893.557046979866,2.2909677419354844,165.74193548387098,5.0
20221129,08,0.5,4.124358974358975,95.39102564102564,7.841059602649007,0.05974025974025968,0.6233766233766234,0.0,6235.5704697986575,2.330322580645162,168.4516129032258,274.5
20221129,09,0.71,4.398717948717948,94.6474358974359,7.860927152317881,0.05779220779220776,0.6493506493506493,0.02631578947368421,6777.919463087248,2.359354838709677,170.6451612903226,1331.75
20221129,10,0.87,4.707692307692306,93.5448717948718,7.6866666666666665,0.04350649350649348,0.6298701298701299,0.4605263157894737,7649.054054054054,2.421935483870968,178.51612903225808,2496.0
20221129,11,0.97,4.969230769230772,92.58974358974359,7.726666666666667,0.04258064516129031,0.5419354838709678,0.6973684210526315,9049.594594594595,2.4341935483870967,178.25806451612902,3149.25
20221129,12,1.0,5.156410256410258,91.89102564102564,7.708609271523179,0.06838709677419355,0.4967741935483871,0.743421052631579,10001.666666666666,2.4490322580645163,176.06451612903226,3059.25
20221129,13,0.97,5.248717948717949,91.71794871794872,7.7947019867549665,0.0780645161290322,0.4838709677419355,0.4144736842105263,10287.866666666667,2.4451612903225795,167.09677419354838,2429.0
20221129,14,0.87,5.203205128205129,91.96153846153847,7.806666666666667,0.08129032258064511,0.4258064516129032,0.5394736842105263,10369.2,2.3929032258064518,173.09677419354838,1430.75
20221129,15,0.71,5.036538461538465,92.6025641025641,7.774834437086093,0.07870967741935483,0.432258064516129,0.0,9597.086092715232,2.3477419354838713,160.7051282051282,438.0
20221129,16,0.5,4.850641025641022,93.2948717948718,7.781456953642384,0.07096774193548384,0.45161290322580644,0.0,8519.006622516556,2.376923076923076,157.1153846153846,14.75
20221129,17,0.26,4.673076923076921,94.00641025641026,7.754966887417218,0.07677419354838709,0.4967741935483871,0.0,7518.013245033113,2.3249999999999975,150.19230769230768,0.0
20221129,18,0.0,4.532051282051282,94.32692307692308,7.8344370860927155,0.09806451612903223,0.5161290322580645,0.0,7024.503311258278,2.3256410256410263,135.51282051282053,0.0
20221129,19,-0.26,4.401923076923074,94.42948717948718,7.781456953642384,0.0593548387096774,0.4645161290322581,0.0,6814.900662251655,2.2858974358974353,145.44871794871796,0.0
20221129,20,-0.5,4.3108974358974335,94.41025641025641,7.688741721854305,0.05032258064516127,0.43870967741935485,0.0,6599.6688741721855,2.268589743589743,146.85897435897436,0.0
20221129,21,-0.71,4.2,94.48076923076923,7.781456953642384,0.03161290322580646,0.34838709677419355,0,6314.701986754967,2.2532051282051277,146.21794871794873,0.0
20221129,22,-0.87,4.110256410256409,94.44871794871794,7.768211920529802,0.02838709677419355,0.33548387096774196,0,6763.509933774834,2.262179487179488,144.2948717948718,0.0
20221129,23,-0.97,4.00897435897436,94.55128205128206,7.814569536423841,0.03419354838709677,0.36774193548387096,0,6849.801324503312,2.253846153846154,141.15384615384616,0.0
20221130,00,-1.0,3.9634615384615404,94.5448717948718,7.84,0.032903225806451615,0.36774193548387096,0,6505.827814569537,2.1826923076923066,140.0,0.0
20221130,01,-0.97,3.924999999999998,94.53205128205128,7.847682119205298,0.03806451612903226,0.3870967741935484,0,6878.940397350993,2.2038461538461527,144.48717948717947,0.0
20221130,02,-0.87,3.8346153846153848,94.57692307692308,7.874172185430464,0.03870967741935484,0.4129032258064516,0,6693.443708609271,2.272435897435897,139.03846153846155,0.0
20221130,03,-0.71,3.7499999999999987,94.53205128205128,7.860927152317881,0.03419354838709677,0.4,0.0,6435.099337748345,2.267948717948718,134.16666666666666,0.0
20221130,04,-0.5,3.6897435897435886,94.40384615384616,7.847682119205298,0.03870967741935482,0.38064516129032255,0.0,6428.079470198675,2.287820512820514,123.52564102564102,0.0
20221130,05,-0.26,3.6038461538461535,94.38461538461539,7.846666666666667,0.033548387096774206,0.3741935483870968,0.0,6281.854304635762,2.284615384615386,125.57692307692308,0.0
20221130,06,-0.0,3.541666666666666,94.21794871794872,7.873333333333333,0.023870967741935492,0.43870967741935485,0.0,6464.238410596026,2.2666666666666675,123.52564102564102,0.0
20221130,07,0.26,3.4820512820512803,94.37820512820512,7.774834437086093,0.03032258064516129,0.4064516129032258,0.0,6368.079470198675,2.2865384615384627,117.5,4.5
20221130,08,0.5,3.5301282051282064,93.98717948717949,7.66887417218543,0.020645161290322588,0.36129032258064514,0.6776315789473685,6541.58940397351,2.363461538461538,114.1025641025641,434.0
20221130,09,0.71,3.724358974358975,92.76923076923077,7.76158940397351,0.012258064516129031,0.2967741935483871,2.526315789473684,7842.715231788079,2.468589743589741,112.56410256410257,1730.0
20221130,10,0.87,3.978846153846154,91.42948717948718,7.754966887417218,0.005161290322580645,0.25161290322580643,3.276315789473684,9717.615894039734,2.6070512820512843,113.26923076923077,3086.0
20221130,11,0.97,4.140384615384617,90.34615384615384,7.695364238410596,0.003870967741935484,0.1935483870967742,2.6710526315789473,10628.211920529802,2.697435897435898,113.91025641025641,3713.5
20221130,12,1.0,4.248076923076922,89.75,7.66,0.003870967741935484,0.16774193548387098,3.437086092715232,11638.675496688742,2.7909677419354844,107.3076923076923,3596.5
20221130,13,0.97,4.243589743589745,89.69871794871794,7.706666666666667,0.0025806451612903226,0.2129032258064516,3.3245033112582782,11366.225165562913,2.7134615384615395,104.1025641025641,2863.25
20221130,14,0.87,4.06346153846154,89.98076923076923,7.821192052980132,0.004516129032258064,0.24516129032258063,2.556291390728477,11497.615894039734,2.7762820512820494,100.44871794871794,1577.5
20221130,15,0.71,3.7833333333333323,90.82692307692308,7.781456953642384,0.005806451612903226,0.25806451612903225,1.4736842105263157,11160.927152317881,2.8217948717948724,96.41025641025641,401.0
20221130,16,0.5,3.5230769230769234,91.57692307692308,7.688741721854305,0.0032258064516129032,0.27741935483870966,0.07894736842105263,10254.569536423842,2.8314102564102575,99.87179487179488,6.0
20221130,17,0.26,3.3493589743589745,91.85897435897436,7.642384105960265,0.01935483870967742,0.2967741935483871,0.0,9264.172185430463,2.7961538461538473,94.35897435897436,0.0
20221130,18,0.0,3.1608974358974353,92.2051282051282,7.76158940397351,0.012903225806451616,0.27741935483870966,0.0,8898.741721854305,2.7955128205128195,90.32051282051282,0.0
20221130,19,-0.26,2.991666666666666,92.4423076923077,7.622516556291391,0.013548387096774197,0.21935483870967742,0.0,8579.668874172185,2.8282051282051293,87.62820512820512,0.0
20221130,20,-0.5,2.834615384615384,92.5576923076923,7.76158940397351,0.012258064516129031,0.2064516129032258,0.0,8508.013245033113,2.775641025641025,87.37179487179488,0.0
20221130,21,-0.71,2.658974358974359,92.76282051282051,7.754966887417218,0.013548387096774197,0.1870967741935484,0,8324.370860927153,2.8064102564102575,83.01282051282051,0.0
20221130,22,-0.87,2.528205128205129,92.61538461538461,7.841059602649007,0.004516129032258064,0.14838709677419354,0,7904.834437086092,2.7775641025641025,85.1923076923077,0.0
20221130,23,-0.97,2.369230769230769,92.83333333333333,7.774834437086093,0.005806451612903226,0.13548387096774195,0,7821.58940397351,2.8198717948717937,85.1923076923077,0.0
20221201,00,-1.0,2.2115384615384626,93.13461538461539,7.76158940397351,0.004516129032258064,0.15483870967741936,0,7226.953642384106,2.736538461538462,86.02564102564102,0.0
20221201,01,-0.97,2.0865384615384586,93.10897435897436,7.66,0.0012903225806451613,0.12258064516129032,0,7494.701986754967,2.7673076923076922,86.08974358974359,0.0
20221201,02,-0.87,1.9576923076923072,93.28846153846153,7.6490066225165565,0.0032258064516129032,0.14193548387096774,0,7446.82119205298,2.747435897435898,91.02564102564102,0.0
20221201,03,-0.71,1.8346153846153845,93.12820512820512,7.7218543046357615,0.003870967741935484,0.14838709677419354,0.0,7780.728476821192,2.787820512820513,88.07692307692308,0.0
20221201,04,-0.5,1.7384615384615376,93.07051282051282,7.7947019867549665,0.003870967741935484,0.14193548387096774,0.0,7876.490066225166,2.8044871794871793,87.05128205128206,0.0
20221201,05,-0.26,1.6339743589743587,93.11538461538461,7.695364238410596,0.004516129032258065,0.1935483870967742,0.0,7659.933774834437,2.7955128205128204,89.93589743589743,0.0
20221201,06,-0.0,1.576923076923077,92.99358974358974,7.642384105960265,0.007741935483870969,0.23225806451612904,0.0,7429.337748344371,2.7358974358974364,86.85897435897436,0.0
20221201,07,0.26,1.5282051282051279,92.67307692307692,7.754966887417218,0.007096774193548387,0.2,0.0,7800.132450331126,2.712179487179486,84.23076923076923,3.75
20221201,08,0.5,1.5506410256410257,92.26923076923077,7.7947019867549665,0.0025806451612903226,0.17419354838709677,0.2565789473684211,8266.887417218542,2.7410256410256393,84.35897435897436,338.0
20221201,09,0.71,1.705128205128206,91.33974358974359,7.814569536423841,0.005161290322580645,0.2129032258064516,0.4144736842105263,8848.476821192053,2.703205128205128,93.07692307692308,1479.75
20221201,10,0.87,1.916666666666667,89.94871794871794,7.833333333333333,0.004516129032258064,0.2,0.5827814569536424,10045.033112582782,2.8147435897435895,86.21794871794872,2792.5
20221201,11,0.97,2.1419354838709666,88.6,7.86,0.0032258064516129032,0.16774193548387098,0.6933333333333334,11451.4,2.8722580645161306,81.28205128205128,3447.5
20221201,12,1.0,2.2948387096774194,87.89677419354838,7.86,0.0012903225806451613,0.1870967741935484,1.1655629139072847,11793.8,2.9503225806451634,80.3225806451613,3319.75
20221201,13,0.97,2.3548387096774213,87.51612903225806,7.833333333333333,0.0019354838709677422,0.2064516129032258,1.2450331125827814,11368.8,2.8412903225806443,84.06451612903226,2639.0
20221201,14,0.87,2.3180645161290325,87.54193548387097,7.82,0.0025806451612903226,0.21935483870967742,0.6357615894039735,11372.266666666666,2.88709677419355,81.09677419354838,1549.75
20221201,15,0.71,2.165806451612903,87.86451612903225,7.626666666666667,0.0006451612903225806,0.23225806451612904,0.5231788079470199,11172.333333333334,2.8,90.64516129032258,460.5
20221201,16,0.5,1.987741935483871,88.50322580645161,7.84,0.004516129032258064,0.2709677419354839,0.09933774834437085,10713.533333333333,2.7851612903225806,86.51612903225806,10.25
20221201,17,0.26,1.8709677419354835,88.98064516129033,7.726666666666667,0.014193548387096775,0.3161290322580645,0.0,10001.2,2.7580645161290325,87.87096774193549,0.0
20221201,18,0.0,1.7754838709677423,89.6258064516129,7.76,0.021290322580645164,0.3419354838709677,0.0,9603.933333333332,2.743870967741935,86.58064516129032,0.0
20221201,19,-0.26,1.684516129032258,89.92903225806451,7.72,0.03612903225806452,0.36774193548387096,0.0,9035.666666666666,2.6722580645161274,90.64516129032258,0.0
20221201,20,-0.5,1.6012903225806443,90.30322580645161,7.726666666666667,0.043225806451612885,0.3935483870967742,0.0,8867.266666666666,2.6135483870967757,80.0,0.0
20221201,21,-0.71,1.5096774193548388,90.61935483870968,7.693333333333333,0.03290322580645161,0.4,0,8591.4,2.678709677419355,73.54838709677419,0.0
20221201,22,-0.87,1.416129032258064,90.88387096774194,7.7114093959731544,0.041935483870967745,0.45161290322580644,0,8249.2,2.6703225806451614,79.03225806451613,0.0
20221201,23,-0.97,1.3425806451612907,91.08387096774193,7.791946308724833,0.03354838709677419,0.4645161290322581,0,8149.666666666667,2.6090322580645147,81.48387096774194,0.0
20221202,00,-1.0,1.267096774193549,91.01290322580645,7.791946308724833,0.04387096774193549,0.41935483870967744,0,8563.666666666666,2.6083870967741927,93.16129032258064,0.0
20221202,01,-0.97,1.1845161290322583,91.41290322580645,7.78,0.0435064935064935,0.43506493506493504,0,8440.2,2.6077419354838707,82.83870967741936,0.0
20221202,02,-0.87,1.123225806451613,91.40645161290323,7.76,0.05259740259740258,0.4935064935064935,0,7982.2,2.6400000000000006,83.61290322580645,0.0
20221202,03,-0.71,1.032903225806451,91.45161290322581,7.766666666666667,0.06558441558441556,0.551948051948052,0.0,8104.133333333333,2.7064516129032263,80.51612903225806,0.0
20221202,04,-0.5,0.9780645161290322,91.52258064516128,7.773333333333333,0.06688311688311689,0.551948051948052,0.0,7951.533333333334,2.8000000000000007,94.19354838709677,0.0
20221202,05,-0.26,0.9032258064516129,91.76129032258065,7.84,0.07337662337662336,0.5714285714285714,0.0,8070.2,2.896129032258064,89.54838709677419,0.0
20221202,06,-0.0,0.8264516129032256,91.86451612903225,7.793333333333333,0.07662337662337662,0.5974025974025974,0.0,7995.933333333333,2.9535483870967756,87.48387096774194,0.0
20221202,07,0.26,0.7670967741935484,91.89677419354838,7.726666666666667,0.07987012987012987,0.5909090909090909,0.0,7790.066666666667,2.9838709677419364,93.54838709677419,2.0
20221202,08,0.5,0.7262820512820516,91.80128205128206,7.735099337748345,0.07597402597402597,0.6038961038961039,0.0,8205.496688741721,3.13525641025641,85.06410256410257,93.0
20221202,09,0.71,0.8134615384615386,91.23717948717949,7.7947019867549665,0.0675324675324675,0.5974025974025974,0.0,8657.549668874171,3.2570512820512825,87.82051282051282,535.0
20221202,10,0.87,0.9554140127388535,90.59235668789809,7.701986754966887,0.07467532467532466,0.6558441558441559,0.13815789473684212,9327.828947368422,3.3942307692307705,88.85350318471338,1194.0
20221202,11,0.97,1.095541401273885,89.89171974522293,7.690789473684211,0.07354838709677416,0.6064516129032258,0.28289473684210525,9980.78947368421,3.450318471337579,79.04458598726114,1670.75
20221202,12,1.0,1.132484076433121,89.10191082802548,7.605263157894737,0.08451612903225801,0.5741935483870968,0.23026315789473684,11047.697368421053,3.5242038216560507,85.47770700636943,1779.75
20221202,13,0.97,1.1356687898089175,89.05732484076434,7.578947368421052,0.09290322580645158,0.6,0.21052631578947367,11024.53947368421,3.5541401273885365,83.31210191082802,1543.0
20221202,14,0.87,1.0630573248407647,88.94267515923566,7.447368421052632,0.09096774193548382,0.6,0.5,11695.657894736842,3.649681528662421,82.73885350318471,944.0
20221202,15,0.71,0.9267515923566874,89.31210191082802,7.421052631578948,0.08580645161290318,0.5806451612903226,0.2565789473684211,11693.026315789473,3.7191082802547784,80.63694267515923,295.75
20221202,16,0.5,0.7566878980891717,89.89171974522293,7.532894736842105,0.08322580645161287,0.5806451612903226,0.0,11954.802631578947,3.643949044585989,78.34394904458598,7.75
20221202,17,0.26,0.6675159235668787,89.80891719745223,7.631578947368421,0.08387096774193548,0.567741935483871,0.0,12394.605263157895,3.663694267515923,78.6624203821656,0.0
20221202,18,0.0,0.5624203821656052,90.01273885350318,7.697368421052632,0.07548387096774191,0.5548387096774193,0.0,12198.223684210527,3.738216560509556,77.64331210191082,0.0
20221202,19,-0.26,0.4458598726114648,90.3312101910828,7.605263157894737,0.06451612903225803,0.535483870967742,0.0,11858.947368421053,3.817197452229298,79.7452229299363,0.0
20221202,20,-0.5,0.37579617834394896,90.45859872611464,7.546052631578948,0.04516129032258064,0.5806451612903226,0.0,11934.53947368421,3.8343949044585974,79.23566878980891,0.0
20221202,21,-0.71,0.2949044585987261,90.37579617834395,7.671052631578948,0.032903225806451615,0.535483870967742,0,12095.197368421053,3.8630573248407636,81.78343949044586,0.0
20221202,22,-0.87,0.2038216560509553,90.61783439490446,7.546052631578948,0.02838709677419355,0.44516129032258067,0,11699.342105263158,3.840127388535031,85.60509554140127,0.0
20221202,23,-0.97,0.07834394904458614,90.54777070063695,7.559210526315789,0.03741935483870967,0.43870967741935485,0,11927.828947368422,3.7968152866242053,84.3312101910828,0.0
20221203,00,-1.0,-0.0012738853503184025,90.34394904458598,7.625,0.030967741935483864,0.36129032258064514,0,12581.71052631579,3.76751592356688,77.70700636942675,0.0
20221203,01,-0.97,-0.06242038216560504,90.07643312101911,7.703947368421052,0.03032258064516129,0.32903225806451614,0,13530.986842105263,3.682165605095543,80.06369426751593,0.0
20221203,02,-0.87,-0.09936305732484073,89.60509554140127,7.5855263157894735,0.024516129032258065,0.3225806451612903,0,13767.105263157895,3.6770700636942686,78.34394904458598,0.0
20221203,03,-0.71,-0.1910828025477706,89.78980891719745,7.565789473684211,0.022580645161290325,0.3096774193548387,0.0,13470.78947368421,3.6802547770700635,82.03821656050955,0.0
20221203,04,-0.5,-0.2847133757961783,89.78343949044586,7.552631578947368,0.023225806451612905,0.3032258064516129,0.0,13246.184210526315,3.6974522292993632,79.4267515923567,0.0
20221203,05,-0.26,-0.37388535031847114,90.01910828025478,7.625,0.02451612903225807,0.33548387096774196,0.0,12583.486842105263,3.622292993630574,80.5732484076433,0.0
20221203,06,-0.0,-0.4471337579617832,90.11464968152866,7.605263157894737,0.02193548387096774,0.3419354838709677,0.0,12534.53947368421,3.5369426751592368,81.78343949044586,0.0
20221203,07,0.26,-0.5356687898089173,90.19108280254777,7.671052631578948,0.018589743589743593,0.3525641025641026,0.0,12605.0,3.5114649681528673,83.31210191082802,2.0
20221203,08,0.5,-0.5375796178343949,90.3312101910828,7.708609271523179,0.018589743589743593,0.3717948717948718,0.25,12017.5,3.4656050955414,81.3375796178344,108.25
20221203,09,0.71,-0.4121019108280256,89.98726114649682,7.723684210526316,0.02307692307692308,0.40384615384615385,1.243421052631579,11362.828947368422,3.3968152866242014,83.2484076433121,633.0
20221203,10,0.87,-0.24394904458598723,89.171974522293,7.796052631578948,0.019871794871794878,0.40384615384615385,1.4605263157894737,11580.0,3.557961783439491,85.98726114649682,1297.5
20221203,11,0.97,-0.10700636942675157,88.48407643312102,7.796052631578948,0.014102564102564106,0.3782051282051282,1.0,12055.921052631578,3.5910828025477706,85.35031847133757,1721.5
20221203,12,1.0,-0.013375796178343962,88.13375796178345,7.7894736842105265,0.005128205128205128,0.33974358974358976,1.006578947368421,12702.236842105263,3.5433121019108285,83.69426751592357,1754.0
20221203,13,0.97,0.014012738853503242,88.02547770700637,7.7894736842105265,0.0057692307692307696,0.33974358974358976,1.2960526315789473,12724.934210526315,3.480254777070063,84.39490445859873,1373.75
20221203,14,0.87,-0.03821656050955414,88.47770700636943,7.822368421052632,0.002564102564102564,0.27564102564102566,1.1842105263157894,12444.013157894737,3.5318471337579633,83.18471337579618,762.0
20221203,15,0.71,-0.12993630573248413,89.04458598726114,7.842105263157895,0.010897435897435899,0.26282051282051283,0.39473684210526316,12145.46052631579,3.510191082802551,83.88535031847134,201.25
20221203,16,0.5,-0.21210191082802546,89.49044585987261,7.860927152317881,0.010897435897435899,0.25,0.0,11938.157894736842,3.4700636942675165,81.91082802547771,5.5
20221203,17,0.26,-0.24585987261146508,89.52866242038216,7.860927152317881,0.003846153846153846,0.21794871794871795,0.0,11931.513157894737,3.510828025477707,86.43312101910828,0.0
20221203,18,0.0,-0.2783439490445861,89.64968152866243,7.887417218543046,0.001282051282051282,0.17307692307692307,0.0,11746.315789473685,3.54968152866242,82.35668789808918,0.0
20221203,19,-0.26,-0.3184713375796179,89.828025477707,7.8344370860927155,0.003846153846153847,0.19230769230769232,0.0,11461.381578947368,3.5802547770700626,81.78343949044586,0.0
20221203,20,-0.5,-0.3121019108280254,90.19108280254777,7.854304635761589,0.00641025641025641,0.1794871794871795,0.0,10948.223684210527,3.6235668789808924,85.54140127388536,0.0
20221203,21,-0.71,-0.28917197452229304,90.3312101910828,7.821192052980132,0.005769230769230769,0.15384615384615385,0,10718.026315789473,3.597452229299365,81.40127388535032,0.0
20221203,22,-0.87,-0.28343949044586003,90.52229299363057,7.827814569536423,0.0019230769230769234,0.11538461538461539,0,10714.671052631578,3.5955414012738838,83.94904458598727,0.0
20221203,23,-0.97,-0.28789808917197435,90.52229299363057,7.847682119205298,0.0,0.14743589743589744,0,10760.526315789473,3.6585987261146498,80.5732484076433,0.0
20221204,00,-1.0,-0.27770700636942675,90.54777070063695,7.8344370860927155,0.0,0.12179487179487179,0,10977.697368421053,3.6503184713375783,80.0,0.0
20221204,01,-0.97,-0.2592356687898089,90.82165605095541,7.788079470198675,0.000641025641025641,0.12179487179487179,0,11235.855263157895,3.6821656050955407,77.8343949044586,0.0
20221204,02,-0.87,-0.2286624203821656,91.05095541401273,7.860927152317881,0.0,0.10256410256410256,0,11517.171052631578,3.6445859872611455,80.828025477707,0.0
20221204,03,-0.71,-0.20828025477707007,91.23566878980891,7.894039735099338,0.0,0.11538461538461539,0.0,11132.96052631579,3.568152866242037,81.40127388535032,0.0
20221204,04,-0.5,-0.12866242038216558,91.47770700636943,7.900662251655629,0.000641025641025641,0.14102564102564102,0.0,11045.197368421053,3.5280254777070055,79.68152866242038,0.0
20221204,05,-0.26,-0.04076433121019109,91.77707006369427,7.9072847682119205,0.000641025641025641,0.10897435897435898,0.0,10924.53947368421,3.5286624203821644,80.50955414012739,0.0
20221204,06,-0.0,0.07133757961783432,92.05095541401273,7.847682119205298,0.0,0.10256410256410256,0.0,10521.052631578947,3.4993630573248393,79.36305732484077,0.0
20221204,07,0.26,0.19808917197452236,92.14649681528662,7.860927152317881,0.0,0.09615384615384616,0.0,10721.776315789473,3.562420382165604,74.8407643312102,2.0
20221204,08,0.5,0.3713375796178345,92.1592356687898,7.867549668874172,0.0,0.08974358974358974,0.4342105263157895,10878.684210526315,3.5656050955414016,78.47133757961784,213.25
20221204,09,0.71,0.6866242038216559,91.78980891719745,7.8344370860927155,0.0,0.08974358974358974,1.9013157894736843,11293.684210526315,3.5464968152866225,75.03184713375796,945.0
20221204,10,0.87,1.0242038216560514,91.32484076433121,7.756578947368421,0.001282051282051282,0.14102564102564102,2.5328947368421053,11885.197368421053,3.569426751592356,78.78980891719745,1820.0
20221204,11,0.97,1.3235668789808914,91.14649681528662,7.815789473684211,0.000641025641025641,0.11538461538461539,2.776315789473684,12330.592105263158,3.6121019108280263,80.89171974522293,2421.25
20221204,12,1.0,1.5987261146496818,91.10828025477707,7.657894736842105,0.004487179487179488,0.1282051282051282,3.1842105263157894,13148.486842105263,3.6878980891719744,82.92993630573248,2605.0
20221204,13,0.97,1.768152866242038,91.14012738853503,7.847682119205298,0.010256410256410256,0.1282051282051282,2.2960526315789473,13341.644736842105,3.647133757961783,88.34394904458598,1829.25
20221204,14,0.87,1.836942675159236,91.6687898089172,7.86,0.014743589743589745,0.1282051282051282,0.7236842105263158,12513.355263157895,3.640127388535032,87.19745222929936,846.0
20221204,15,0.71,1.8579617834394908,92.35668789808918,7.8881578947368425,0.014743589743589743,0.1858974358974359,0.0,11963.75,3.668152866242036,90.76433121019109,212.5
20221204,16,0.5,1.867515923566879,92.92356687898089,7.927631578947368,0.021794871794871797,0.23076923076923078,0.0,10905.065789473685,3.667515923566883,97.77070063694268,5.75
20221204,17,0.26,1.8745222929936307,93.43949044585987,7.868421052631579,0.018589743589743597,0.28205128205128205,0.0,10109.934210526315,3.7235668789808924,100.19108280254777,0.0
20221204,18,0.0,1.8872611464968139,93.92993630573248,7.8881578947368425,0.030769230769230764,0.2948717948717949,0.0,9682.5,3.6789808917197426,103.37579617834395,0.0
20221204,19,-0.26,1.8942675159235667,94.31847133757962,7.776315789473684,0.037820512820512825,0.32051282051282054,0.0,8574.144736842105,3.582165605095541,106.17834394904459,0.0
20221204,20,-0.5,1.9229299363057326,94.56687898089172,7.8355263157894735,0.04423076923076922,0.34615384615384615,0.0,8510.921052631578,3.542675159235668,108.02547770700637,0.0
20221204,21,-0.71,1.9350318471337584,94.72611464968153,7.8618421052631575,0.05128205128205127,0.391025641025641,0,8081.4473684210525,3.5541401273885356,115.22292993630573,0.0
20221204,22,-0.87,1.9445859872611473,95.09554140127389,7.894736842105263,0.05448717948717949,0.38461538461538464,0,7394.276315789473,3.487261146496814,114.52229299363057,0.0
20221204,23,-0.97,1.9490445859872625,95.11464968152866,7.868421052631579,0.0782051282051282,0.4551282051282051,0,7723.5526315789475,3.4369426751592367,121.14649681528662,0.0
20221205,00,-1.0,1.9490445859872616,95.48407643312102,7.802631578947368,0.10128205128205127,0.4358974358974359,0,7397.6973684210525,3.3993630573248423,123.2484076433121,0.0
20221205,01,-0.97,1.9324840764331206,95.63057324840764,7.868421052631579,0.07435897435897436,0.4358974358974359,0,7087.763157894737,3.347133757961782,127.96178343949045,0.0
20221205,02,-0.87,1.9414012738853503,95.89808917197452,7.842105263157895,0.10320512820512819,0.5064102564102564,0,7032.565789473684,3.256050955414012,125.1592356687898,0.0
20221205,03,-0.71,1.9222929936305742,95.95541401273886,7.8618421052631575,0.1576923076923077,0.5256410256410257,0.0,7455.723684210527,3.1878980891719744,131.84713375796179,0.0
20221205,04,-0.5,1.8993630573248415,95.95541401273886,7.796052631578948,0.15320512820512816,0.5384615384615384,0.0,7255.131578947368,3.09044585987261,132.29299363057325,0.0
20221205,05,-0.26,1.9025477707006373,95.92356687898089,7.756578947368421,0.17435897435897443,0.5705128205128205,0.0,7687.5,3.0050955414012743,135.9235668789809,0.0
20221205,06,-0.0,1.8554140127388532,96.14649681528662,7.7368421052631575,0.1698717948717949,0.532051282051282,0.0,7342.828947368421,2.9101910828025472,142.9936305732484,0.0
20221205,07,0.26,1.854140127388534,96.17834394904459,7.875,0.18910256410256412,0.5705128205128205,0.0,7629.539473684211,2.7636942675159237,143.2484076433121,1.5
20221205,08,0.5,1.915286624203822,95.89171974522293,7.82,0.18525641025641024,0.5641025641025641,0.0,9059.605263157895,2.759235668789811,153.05732484076432,136.25
20221205,09,0.71,2.0535031847133762,95.39490445859873,7.748344370860927,0.17307692307692307,0.6025641025641025,0.0,9162.697368421053,2.7388535031847128,153.5031847133758,640.75
20221205,10,0.87,2.2350318471337576,94.62420382165605,7.796052631578948,0.16346153846153838,0.6474358974358975,0.0,10696.644736842105,2.75031847133758,163.2484076433121,1208.25
20221205,11,0.97,2.399363057324841,94.39490445859873,7.7631578947368425,0.1282051282051282,0.6858974358974359,0.13815789473684212,10829.276315789473,2.8050955414012733,168.0891719745223,1655.0
20221205,12,1.0,2.4968152866242033,94.14012738853503,7.815789473684211,0.15128205128205133,0.7051282051282052,0.6710526315789473,11675.78947368421,2.875159235668791,173.12101910828025,1969.25
20221205,13,0.97,2.5624203821656044,94.01273885350318,7.726666666666667,0.1455128205128205,0.6602564102564102,0.19736842105263158,12887.828947368422,2.780254777070063,176.30573248407643,1706.5
20221205,14,0.87,2.570700636942675,93.97452229299363,7.766666666666667,0.1474358974358975,0.6153846153846154,0.2185430463576159,14311.25,2.624840764331211,177.5796178343949,1097.0
20221205,15,0.71,2.4445859872611475,94.63694267515923,7.793333333333333,0.15705128205128213,0.6666666666666666,0.4966887417218543,13407.697368421053,2.4371794871794847,178.5897435897436,352.0
20221205,16,0.5,2.2840764331210184,95.31847133757962,7.7368421052631575,0.13012820512820514,0.6217948717948718,0.033112582781456956,12541.118421052632,2.285350318471336,178.15286624203821,15.5
20221205,17,0.26,2.182165605095541,95.50955414012739,7.677631578947368,0.10192307692307691,0.6410256410256411,0.0,12515.131578947368,2.2019108280254778,190.0,0.0
20221205,18,0.0,2.0490445859872617,95.92993630573248,7.7894736842105265,0.11666666666666664,0.6282051282051282,0.0,11063.355263157895,2.2025477707006376,196.4968152866242,0.0
20221205,19,-0.26,1.964331210191082,95.89808917197452,7.6644736842105265,0.1173076923076923,0.5769230769230769,0.0,11125.131578947368,2.207006369426751,199.10828025477707,0.0
20221205,20,-0.5,1.8891719745222932,95.9171974522293,7.6381578947368425,0.10576923076923077,0.532051282051282,0.0,12522.302631578947,2.198726114649682,214.84076433121018,0.0
20221205,21,-0.71,1.8589743589743608,95.88461538461539,7.66887417218543,0.07820512820512819,0.5512820512820513,0,13603.552631578947,2.2993630573248405,230.0,0.0
20221205,22,-0.87,1.756410256410256,95.66025641025641,7.735099337748345,0.062179487179487174,0.47435897435897434,0,13574.934210526315,2.349358974358975,234.03846153846155,0.0
20221205,23,-0.97,1.6839743589743585,95.71794871794872,7.655629139072848,0.06089743589743589,0.46794871794871795,0,14854.868421052632,2.3782051282051286,239.67948717948718,0.0
20221206,00,-1.0,1.619230769230769,95.62820512820512,7.622516556291391,0.06794871794871796,0.44871794871794873,0,15044.407894736842,2.4198717948717965,236.53846153846155,0.0
20221206,01,-0.97,1.5698717948717948,95.50641025641026,7.483443708609271,0.049358974358974364,0.4935897435897436,0,14292.631578947368,2.3987179487179486,240.7051282051282,0.0
20221206,02,-0.87,1.4858974358974348,95.68589743589743,7.373333333333333,0.03846153846153846,0.5448717948717948,0,14643.157894736842,2.4307692307692323,234.67948717948718,0.0
20221206,03,-0.71,1.4089743589743582,95.56410256410257,7.5,0.04358974358974358,0.5512820512820513,0.0,15307.236842105263,2.407051282051282,241.4102564102564,0.0
20221206,04,-0.5,1.3967948717948724,95.55128205128206,7.46,0.029487179487179487,0.5833333333333334,0.0,15090.657894736842,2.4294871794871815,242.94871794871796,0.0
20221206,05,-0.26,1.3897435897435897,95.26282051282051,7.557046979865772,0.03205128205128204,0.5448717948717948,0.0,15680.131578947368,2.497435897435897,249.67948717948718,0.0
20221206,06,-0.0,1.3852564102564102,95.06410256410257,7.443708609271523,0.024358974358974363,0.5256410256410257,0.0,15727.96052631579,2.5557692307692297,256.0897435897436,0.0
20221206,07,0.26,1.4243589743589742,94.71794871794872,7.626666666666667,0.027741935483870966,0.567741935483871,0.0,16940.986842105263,2.568589743589745,257.1794871794872,1.25
20221206,08,0.5,1.5352564102564101,94.23717948717949,7.509933774834437,0.03225806451612904,0.567741935483871,0.5033112582781457,17479.605263157893,2.576282051282051,253.65384615384616,238.0
20221206,09,0.71,1.7878205128205131,93.27564102564102,7.701986754966887,0.034193548387096775,0.5548387096774193,1.6887417218543046,19255.065789473683,2.5487179487179494,264.1666666666667,972.0
20221206,10,0.87,2.012738853503185,92.45222929936305,7.509933774834437,0.048387096774193554,0.535483870967742,2.4539473684210527,20057.03947368421,2.66923076923077,264.90445859872614,1955.5
20221206,11,0.97,2.2692307692307696,91.28846153846153,7.413333333333333,0.03741935483870967,0.5935483870967742,3.5460526315789473,22629.21052631579,2.740127388535032,265.2229299363057,2841.25
20221206,12,1.0,2.490445859872612,90.14012738853503,7.218543046357616,0.02500000000000001,0.532051282051282,5.230263157894737,26204.86842105263,2.8044585987261152,271.21019108280257,3137.5
20221206,13,0.97,2.5802547770700643,89.2547770700637,7.105263157894737,0.015384615384615389,0.5064102564102564,5.421052631578948,29500.263157894737,2.8273885350318464,275.79617834394907,2829.75
20221206,14,0.87,2.538216560509555,89.59235668789809,7.032894736842105,0.007051282051282053,0.4807692307692308,6.059210526315789,30159.473684210527,2.8898089171974526,276.4331210191083,1777.75
20221206,15,0.71,2.3356687898089166,90.68789808917198,7.2368421052631575,0.009615384615384616,0.3974358974358974,3.8092105263157894,28859.144736842107,2.768152866242038,273.88535031847135,550.5
20221206,16,0.5,2.063057324840764,91.99363057324841,7.184210526315789,0.021794871794871797,0.4358974358974359,0.24342105263157895,25807.434210526317,2.720382165605097,266.62420382165607,17.25
20221206,17,0.26,1.9242038216560515,92.63057324840764,7.355263157894737,0.044871794871794865,0.44871794871794873,0.0,23791.842105263157,2.7108280254777055,264.140127388535,0.0
20221206,18,0.0,1.8707006369426755,92.6687898089172,7.506578947368421,0.03910256410256411,0.4551282051282051,0.0,23433.157894736843,2.8031847133757974,263.1210191082803,0.0
20221206,19,-0.26,1.8566878980891717,92.4267515923567,7.572368421052632,0.035897435897435895,0.40384615384615385,0.0,23960.0,2.823566878980892,266.62420382165607,0.0
20221206,20,-0.5,1.753503184713375,92.59235668789809,7.532894736842105,0.03846153846153846,0.4358974358974359,0.0,22747.434210526317,2.8445859872611474,267.8980891719745,0.0
20221206,21,-0.71,1.7254777070063696,92.828025477707,7.506578947368421,0.041025641025641026,0.44871794871794873,0,21693.355263157893,2.8535031847133756,264.5222929936306,0.0
20221206,22,-0.87,1.6503184713375805,92.61146496815287,7.493421052631579,0.04230769230769229,0.4358974358974359,0,22082.763157894737,2.898726114649681,259.29936305732485,0.0
20221206,23,-0.97,1.5789808917197456,93.22292993630573,7.315789473684211,0.035897435897435895,0.4230769230769231,0,19530.526315789473,2.94203821656051,257.515923566879,0.0
20221207,00,-1.0,1.5668789808917198,93.29936305732484,7.3355263157894735,0.03974358974358974,0.3717948717948718,0,18711.315789473683,3.039490445859872,259.171974522293,0.0
20221207,01,-0.97,1.5191082802547766,93.21656050955414,7.2631578947368425,0.035256410256410256,0.391025641025641,0,17454.07894736842,3.084713375796179,256.11464968152865,0.0
20221207,02,-0.87,1.4923566878980892,93.09554140127389,7.342105263157895,0.05128205128205128,0.40384615384615385,0,17139.605263157893,3.186624203821656,253.88535031847132,0.0
20221207,03,-0.71,1.429936305732484,92.82165605095541,7.447368421052632,0.033333333333333326,0.44871794871794873,0.0,18459.276315789473,3.382165605095542,255.54140127388536,0.0
20221207,04,-0.5,1.41656050955414,92.73885350318471,7.4868421052631575,0.041666666666666664,0.4807692307692308,0.0,18259.276315789473,3.4605095541401276,255.47770700636943,0.0
20221207,05,-0.26,1.3968152866242045,92.81528662420382,7.480263157894737,0.08269230769230768,0.5448717948717948,0.0,17826.973684210527,3.5063694267515917,254.14012738853503,0.0
20221207,06,-0.0,1.400636942675159,92.70063694267516,7.304635761589404,0.056410256410256404,0.5576923076923077,0.0,17898.42105263158,3.5764331210191105,255.47770700636943,0.0
20221207,07,0.26,1.3923076923076927,92.15384615384616,7.291390728476821,0.0782051282051282,0.5961538461538461,0.0,18130.19867549669,3.6535031847133768,259.5541401273885,1.75
20221207,08,0.5,1.4775641025641024,91.57692307692308,7.112582781456954,0.07225806451612903,0.5290322580645161,0.7350993377483444,19555.827814569537,3.783974358974361,260.8333333333333,440.0
20221207,09,0.71,1.8564102564102558,89.87179487179488,7.1655629139072845,0.0464516129032258,0.49032258064516127,4.827814569536423,23354.50331125828,3.9596153846153843,261.53846153846155,2432.75
20221207,10,0.87,2.3141025641025643,87.51282051282051,7.344370860927152,0.02838709677419355,0.43870967741935485,5.655629139072848,28158.87417218543,4.288461538461537,262.43589743589746,4683.75
20221207,11,0.97,2.7346153846153842,84.76282051282051,7.370860927152318,0.02838709677419355,0.32903225806451614,5.781456953642384,34238.741721854305,4.482051282051284,263.14102564102564,6110.25
20221207,12,1.0,2.9743589743589762,82.46153846153847,7.403973509933775,0.018064516129032263,0.3225806451612903,6.417218543046357,39608.14569536424,4.63653846153846,266.7307692307692,6134.75
20221207,13,0.97,2.917948717948718,82.3076923076923,7.34,0.046451612903225796,0.3935483870967742,6.311258278145695,41266.82119205298,4.621794871794871,267.43589743589746,4904.75
20221207,14,0.87,2.779617834394904,82.2484076433121,7.364238410596027,0.05806451612903225,0.3935483870967742,6.304635761589404,42063.112582781454,4.424358974358975,267.64331210191085,3014.75
20221207,15,0.71,2.372611464968153,84.00636942675159,7.549668874172186,0.044871794871794865,0.3525641025641026,3.1125827814569536,40646.887417218546,3.970700636942675,265.28662420382165,960.0
20221207,16,0.5,1.9019108280254793,86.28662420382166,7.5364238410596025,0.03653846153846155,0.38461538461538464,0.05263157894736842,38922.11920529801,3.608917197452228,256.94267515923565,28.0
20221207,17,0.26,1.5802547770700635,87.59235668789809,7.450331125827814,0.027564102564102563,0.33974358974358976,0.0,36434.76821192053,3.4038216560509573,250.25477707006368,0.0
20221207,18,0.0,1.3936305732484076,88.36305732484077,7.569536423841059,0.05256410256410256,0.3333333333333333,0.0,34590.26490066225,3.2732484076433113,247.8343949044586,0.0
20221207,19,-0.26,1.2031847133757962,89.5031847133758,7.430463576158941,0.03333333333333333,0.33974358974358976,0.0,30848.807947019868,3.1942675159235665,246.4968152866242,0.0
20221207,20,-0.5,1.078980891719746,90.1656050955414,7.311258278145695,0.041666666666666664,0.3333333333333333,0.0,30081.920529801326,3.1082802547770694,241.9108280254777,0.0
20221207,21,-0.71,0.9617834394904456,90.59235668789809,7.324503311258278,0.03333333333333333,0.36538461538461536,0,28123.90728476821,3.095541401273885,236.68789808917197,0.0
20221207,22,-0.87,0.8286624203821654,91.01910828025478,7.337748344370861,0.04935897435897436,0.4230769230769231,0,26499.33774834437,3.0375796178343957,232.9299363057325,0.0
20221207,23,-0.97,0.7019108280254778,91.6624203821656,7.304635761589404,0.06538461538461539,0.4423076923076923,0,24324.900662251657,2.9324840764331195,229.93630573248407,0.0
20221208,00,-1.0,0.61656050955414,92.26114649681529,7.33112582781457,0.07051282051282048,0.44871794871794873,0,22017.48344370861,3.002547770700637,228.98089171974522,0.0
20221208,01,-0.97,0.6197452229299364,92.23566878980891,7.496688741721854,0.08333333333333331,0.4935897435897436,0,22192.781456953642,2.994267515923567,219.6815286624204,0.0
20221208,02,-0.87,0.5210191082802548,92.80254777070064,7.211920529801325,0.1346153846153846,0.5576923076923077,0,18817.748344370862,3.0012738853503182,218.47133757961782,0.0
20221208,03,-0.71,0.4853503184713376,93.18471337579618,7.119205298013245,0.09102564102564101,0.5512820512820513,0.0,19178.01324503311,3.0101910828025455,210.76433121019107,0.0
20221208,04,-0.5,0.4993630573248409,93.07006369426752,7.403973509933775,0.09166666666666663,0.5705128205128205,0.0,17892.847682119205,3.0636942675159236,209.55414012738854,0.0
20221208,05,-0.26,0.5012738853503184,93.0,7.397350993377484,0.07884615384615383,0.6153846153846154,0.0,17996.887417218542,3.107006369426751,209.74522292993632,0.0
20221208,06,-0.0,0.4324840764331213,93.05095541401273,7.364238410596027,0.09487179487179483,0.6089743589743589,0.0,17405.03311258278,3.2369426751592347,206.43312101910828,0.0
20221208,07,0.26,0.4089171974522293,92.78343949044586,7.23841059602649,0.05448717948717947,0.5961538461538461,0.0,17856.933333333334,3.2261146496815294,209.42675159235668,1.75
20221208,08,0.5,0.5165605095541402,92.54777070063695,7.403973509933775,0.05833333333333332,0.5512820512820513,1.361842105263158,17792.4,3.2267515923566883,208.59872611464968,436.0
20221208,09,0.71,0.8630573248407641,91.31847133757962,7.1655629139072845,0.08974358974358973,0.5576923076923077,5.625,19126.6,3.207006369426752,210.57324840764332,2274.5
20221208,10,0.87,1.296178343949044,89.4968152866242,7.052980132450331,0.09358974358974358,0.5192307692307693,8.197368421052632,22597.549668874173,3.2560509554140125,212.29299363057325,4349.75
20221208,11,0.97,1.638216560509554,87.40127388535032,6.913907284768212,0.09166666666666663,0.4551282051282051,9.907894736842104,26268.543046357616,3.387261146496815,214.20382165605096,5611.5
20221208,12,1.0,1.9044585987261131,85.64331210191082,6.973509933774834,0.08653846153846152,0.42948717948717946,9.401315789473685,30297.748344370862,3.315286624203821,210.76433121019107,5573.5
20221208,13,0.97,1.9630573248407643,84.73248407643312,6.854304635761589,0.07628205128205126,0.3974358974358974,9.81578947368421,32889.20529801324,3.1643312101910848,219.36305732484075,4451.0
20221208,14,0.87,1.7859872611464978,85.07006369426752,6.748344370860927,0.0782051282051282,0.3974358974358974,8.388157894736842,32914.105960264904,2.870700636942675,222.03821656050957,2705.25
20221208,15,0.71,1.2592356687898085,87.1656050955414,6.688741721854305,0.09487179487179485,0.38461538461538464,5.3355263157894735,30568.807947019868,2.697452229299363,226.05095541401275,821.75
20221208,16,0.5,0.7331210191082805,89.40764331210191,6.516556291390729,0.06474358974358974,0.3141025641025641,0.32894736842105265,27018.741721854305,2.4101910828025477,212.29299363057325,21.5
20221208,17,0.26,0.33121019108280264,90.63694267515923,6.470198675496689,0.030769230769230767,0.3333333333333333,0.0,24847.218543046358,2.1312101910828036,205.7324840764331,0.0
20221208,18,0.0,0.002547770700636931,91.54140127388536,6.1655629139072845,0.033333333333333326,0.3076923076923077,0.0,22570.39735099338,2.082802547770701,203.5031847133758,0.0
20221208,19,-0.26,-0.29299363057324807,92.171974522293,6.3509933774834435,0.03269230769230769,0.2692307692307692,0.0,20070.72847682119,2.0242038216560507,201.71974522292993,0.0
20221208,20,-0.5,-0.5210191082802548,92.65605095541402,6.258278145695364,0.03525641025641025,0.26282051282051283,0.0,18627.01986754967,1.9554140127388535,198.6624203821656,0.0
20221208,21,-0.71,-0.7076433121019106,93.29936305732484,6.0927152317880795,0.030769230769230774,0.23717948717948717,0,16689.60264900662,1.8082802547770718,199.87261146496814,0.0
20221208,22,-0.87,-0.8770700636942678,93.9171974522293,6.3533333333333335,0.0391025641025641,0.2564102564102564,0,15270.19867549669,1.7649681528662415,190.95541401273886,0.0
20221208,23,-0.97,-1.0216560509554145,94.56687898089172,6.622516556291391,0.04423076923076924,0.2692307692307692,0,13167.28476821192,1.724203821656051,194.9044585987261,0.0
20221209,00,-1.0,-1.1484076433121022,94.5859872611465,6.397350993377484,0.021153846153846155,0.2564102564102564,0,13393.046357615895,1.6808917197452231,183.05732484076432,0.0
20221209,01,-0.97,-1.334394904458599,94.95541401273886,6.509933774834437,0.013461538461538462,0.24358974358974358,0,12077.218543046358,1.6815286624203825,173.94904458598725,0.0
20221209,02,-0.87,-1.3570512820512828,95.17307692307692,6.496688741721854,0.011538461538461539,0.1987179487179487,0,11481.788079470198,1.721153846153847,173.37579617834396,0.0
20221209,03,-0.71,-1.403846153846154,95.3076923076923,6.748344370860927,0.016666666666666666,0.19230769230769232,0.0,11122.980132450331,1.851282051282052,164.55128205128204,0.0
20221209,04,-0.5,-1.444230769230769,95.28846153846153,6.781456953642384,0.007692307692307692,0.19230769230769232,0.0,11027.28476821192,1.9532051282051288,162.62820512820514,0.0
20221209,05,-0.26,-1.4987179487179496,95.19871794871794,6.986754966887418,0.01096774193548387,0.14193548387096774,0.0,10914.966887417218,1.8378205128205134,153.65384615384616,0.0
20221209,06,-0.0,-1.4929487179487186,94.98717948717949,6.900662251655629,0.014193548387096775,0.11612903225806452,0.0,10912.05298013245,1.9237179487179488,146.73076923076923,0.0
20221209,07,0.26,-1.494871794871795,94.81410256410257,6.874172185430464,0.00838709677419355,0.11612903225806452,0.0,10685.298013245034,1.9897435897435893,141.73076923076923,1.25
20221209,08,0.5,-1.3564102564102571,94.52564102564102,6.8344370860927155,0.011612903225806452,0.14838709677419354,0.07236842105263158,9912.317880794702,2.0634615384615387,135.83333333333334,275.0
20221209,09,0.71,-0.9333333333333326,93.25,7.1655629139072845,0.007051282051282052,0.16025641025641027,3.6973684210526314,10945.69536423841,2.1314102564102555,127.75641025641026,1675.5
20221209,10,0.87,-0.4394904458598725,91.24203821656052,7.271523178807947,0.004487179487179487,0.14743589743589744,8.822368421052632,14223.28947368421,2.2535031847133746,128.0891719745223,3455.5
20221209,11,0.97,-0.07388535031847135,89.46496815286625,7.033112582781457,0.001282051282051282,0.12179487179487179,11.721854304635762,16223.774834437087,2.4095541401273883,125.79617834394904,4437.75
20221209,12,1.0,0.19681528662420383,88.22929936305732,6.677631578947368,0.003846153846153846,0.14102564102564102,12.986754966887418,17696.688741721853,2.4687898089171982,119.171974522293,4476.75
20221209,13,0.97,0.24713375796178363,87.8343949044586,6.802631578947368,0.00641025641025641,0.1346153846153846,10.403973509933774,17459.139072847684,2.487898089171975,121.52866242038216,3704.0
20221209,14,0.87,0.1261146496815286,88.14649681528662,6.782894736842105,0.010897435897435899,0.21153846153846154,8.582781456953642,17176.754966887416,2.4261146496815282,116.87898089171975,2094.75
20221209,15,0.71,-0.16050955414012738,89.38853503184713,6.723684210526316,0.026282051282051286,0.2692307692307692,4.3841059602649,16245.298013245034,2.326751592356688,118.21656050955414,596.75
20221209,16,0.5,-0.47515923566878976,90.86624203821655,6.934210526315789,0.01666666666666667,0.2564102564102564,0.44370860927152317,14414.966887417218,2.170063694267515,119.87261146496816,12.75
20221209,17,0.26,-0.6662420382165609,91.78343949044586,7.026315789473684,0.018589743589743593,0.2692307692307692,0.0,12881.258278145695,2.1191082802547796,139.93630573248407,0.0
20221209,18,0.0,-0.8025477707006367,92.29299363057325,7.118421052631579,0.013461538461538462,0.2564102564102564,0.0,11744.172185430463,2.20063694267516,135.98726114649682,0.0
20221209,19,-0.26,-0.9477707006369426,92.5031847133758,7.0394736842105265,0.004487179487179487,0.2564102564102564,0.0,11197.94701986755,2.172611464968153,137.19745222929936,0.0
20221209,20,-0.5,-1.0299363057324835,92.76433121019109,7.1118421052631575,0.019871794871794874,0.28205128205128205,0.0,10938.543046357616,2.1407643312101907,145.4140127388535,0.0
20221209,21,-0.71,-1.129299363057325,92.85987261146497,7.131578947368421,0.004487179487179488,0.28205128205128205,0,10609.602649006623,2.092993630573248,147.13375796178343,0.0
20221209,22,-0.87,-1.1700636942675162,92.94904458598727,7.309210526315789,0.0019230769230769234,0.2692307692307692,0,10717.880794701987,2.064968152866242,152.4203821656051,0.0
20221209,23,-0.97,-1.2006369426751595,92.99363057324841,7.407894736842105,0.005769230769230769,0.25,0,10646.887417218542,2.0522292993630575,151.0828025477707,0.0
20221210,00,-1.0,-1.273885350318471,92.94904458598727,7.3355263157894735,0.003846153846153847,0.23717948717948717,0,10308.41059602649,1.9917197452229298,139.87261146496814,0.0
20221210,01,-0.97,-1.3636942675159234,92.88535031847134,7.256578947368421,0.010256410256410256,0.28205128205128205,0,10490.728476821192,1.9394904458598736,145.7324840764331,0.0
20221210,02,-0.87,-1.430573248407644,92.70063694267516,7.342105263157895,0.013461538461538466,0.27564102564102566,0,10925.298013245034,1.9350318471337584,143.63057324840764,0.0
20221210,03,-0.71,-1.4789808917197453,92.56687898089172,7.493421052631579,0.01794871794871795,0.2948717948717949,0.0,10904.966887417218,1.918471337579617,143.69426751592357,0.0
20221210,04,-0.5,-1.5675159235668785,92.68789808917198,7.473684210526316,0.019871794871794874,0.33974358974358976,0.0,10389.80132450331,1.9350318471337584,131.21019108280254,0.0
20221210,05,-0.26,-1.6312101910828023,92.40764331210191,7.368421052631579,0.024358974358974363,0.3333333333333333,0.0,10730.662251655629,1.9363057324840764,135.60509554140128,0.0
20221210,06,-0.0,-1.6898089171974515,92.38853503184713,7.309210526315789,0.024358974358974363,0.358974358974359,0.0,10144.238410596026,2.0566878980891716,144.77707006369425,0.0
20221210,07,0.26,-1.7458598726114656,92.14649681528662,7.447368421052632,0.026923076923076925,0.4358974358974359,0.0,10756.092715231787,2.036942675159236,146.2420382165605,1.25
20221210,08,0.5,-1.7242038216560513,91.63694267515923,7.592105263157895,0.02307692307692308,0.41025641025641024,0.019867549668874173,11174.701986754966,2.0464968152866234,148.78980891719746,142.5
20221210,09,0.71,-1.5146496815286625,90.38216560509554,7.546052631578948,0.024358974358974363,0.5384615384615384,1.7218543046357615,11137.28476821192,2.159872611464969,155.6687898089172,1037.25
20221210,10,0.87,-1.2770700636942678,89.06369426751593,7.5394736842105265,0.020512820512820516,0.5,2.6887417218543046,12655.033112582782,2.2159235668789807,159.4904458598726,2425.0
20221210,11,0.97,-1.0751592356687896,87.32484076433121,7.342105263157895,0.03525641025641025,0.532051282051282,3.2980132450331126,14591.118421052632,2.2439490445859875,176.56050955414014,3197.5
20221210,12,1.0,-0.9535031847133759,86.26751592356688,7.453947368421052,0.03717948717948718,0.5064102564102564,4.552631578947368,15576.973684210527,2.343949044585988,182.7388535031847,3093.75
20221210,13,0.97,-0.9108280254777067,85.54777070063695,7.282894736842105,0.0346153846153846,0.5128205128205128,5.5855263157894735,16455.13157894737,2.3987261146496817,185.60509554140128,2516.25
20221210,14,0.87,-1.0745222929936302,85.91082802547771,7.1118421052631575,0.04423076923076922,0.5192307692307693,4.546052631578948,17059.144736842107,2.418471337579619,201.78343949044586,1460.0
20221210,15,0.71,-1.347770700636943,86.68152866242038,7.190789473684211,0.0628205128205128,0.5064102564102564,4.065789473684211,16533.157894736843,2.4375796178343943,202.86624203821657,417.5
20221210,16,0.5,-1.6624203821656047,87.93630573248407,7.118421052631579,0.05705128205128204,0.5256410256410257,0.631578947368421,14895.263157894737,2.3668789808917197,221.9108280254777,14.0
20221210,17,0.26,-1.8579617834394915,88.3312101910828,7.190789473684211,0.04871794871794872,0.5064102564102564,0.0,14243.223684210527,2.2726114649681532,226.4968152866242,0.0
20221210,18,0.0,-1.9993630573248413,88.63694267515923,7.1381578947368425,0.054487179487179474,0.4423076923076923,0.0,13895.921052631578,2.233121019108281,216.2420382165605,0.0
20221210,19,-0.26,-2.187898089171974,88.7452229299363,7.0394736842105265,0.04294871794871795,0.42948717948717946,0.0,14173.552631578947,2.2382165605095534,227.2611464968153,0.0
20221210,20,-0.5,-2.349044585987261,88.86624203821655,6.8881578947368425,0.040384615384615394,0.4358974358974359,0.0,14641.381578947368,2.261783439490448,241.78343949044586,0.0
20221210,21,-0.71,-2.5547770700636945,89.22292993630573,6.8618421052631575,0.022435897435897446,0.4166666666666667,0,13534.605263157895,2.2726114649681515,244.14012738853503,0.0
20221210,22,-0.87,-2.7108280254777073,89.49044585987261,6.940789473684211,0.01794871794871795,0.38461538461538464,0,13170.131578947368,2.311464968152865,248.343949044586,0.0
20221210,23,-0.97,-2.8496815286624217,89.27388535031847,6.842105263157895,0.013461538461538462,0.3525641025641026,0,13801.907894736842,2.3356687898089166,236.68789808917197,0.0
20221211,00,-1.0,-2.9777070063694255,89.3312101910828,6.9605263157894735,0.010256410256410256,0.3333333333333333,0,13616.71052631579,2.288535031847133,244.2675159235669,0.0
20221211,01,-0.97,-2.9949044585987266,89.48407643312102,7.3355263157894735,0.012820512820512824,0.3782051282051282,0,13216.381578947368,2.310191082802549,251.656050955414,0.0
20221211,02,-0.87,-3.131847133757962,89.76433121019109,7.078947368421052,0.014102564102564105,0.4230769230769231,0,12924.276315789473,2.235668789808917,244.20382165605096,0.0
20221211,03,-0.71,-3.218471337579617,89.82165605095541,7.019736842105263,0.021153846153846155,0.391025641025641,0.0,12796.381578947368,2.236942675159235,243.88535031847132,0.0
20221211,04,-0.5,-3.2840764331210184,89.77070063694268,7.065789473684211,0.035897435897435895,0.42948717948717946,0.0,12520.592105263158,2.215286624203822,238.9171974522293,0.0
20221211,05,-0.26,-3.4006369426751575,89.70063694267516,7.006578947368421,0.01923076923076924,0.46794871794871795,0.0,13381.513157894737,2.2101910828025484,245.9235668789809,0.0
20221211,06,-0.0,-3.4859872611464966,90.05732484076434,7.223684210526316,0.021794871794871794,0.4551282051282051,0.0,12918.223684210527,2.2528662420382157,240.5095541401274,0.0
20221211,07,0.26,-3.580254777070064,89.92356687898089,6.9605263157894735,0.01730769230769231,0.4935897435897436,0.0,13161.907894736842,2.2203821656050957,237.0700636942675,1.0
20221211,08,0.5,-3.5789808917197443,89.3375796178344,6.841059602649007,0.028846153846153848,0.4423076923076923,0.7880794701986755,13631.973684210527,2.222929936305733,241.71974522292993,133.25
20221211,09,0.71,-3.2114649681528666,87.50955414012739,6.815789473684211,0.021794871794871794,0.4935897435897436,7.8344370860927155,13875.0,2.196178343949043,230.95541401273886,812.0
20221211,10,0.87,-2.7611464968152872,85.51592356687898,6.927631578947368,0.009615384615384616,0.532051282051282,8.721854304635762,15309.802631578947,2.3210191082802547,226.36942675159236,1715.75
20221211,11,0.97,-2.4343949044585984,83.81528662420382,6.993421052631579,0.007051282051282052,0.5961538461538461,8.668874172185431,17223.355263157893,2.3363057324840764,229.04458598726114,2296.25
20221211,12,1.0,-2.2420382165605095,82.7515923566879,7.006578947368421,0.008974358974358974,0.5641025641025641,7.556291390728477,18786.052631578947,2.305095541401274,234.71337579617835,2565.0
20221211,13,0.97,-2.1732484076433116,82.4267515923567,7.118421052631579,0.01730769230769231,0.5512820512820513,8.039735099337749,20070.657894736843,2.347770700636942,239.04458598726114,2219.75
20221211,14,0.87,-2.332484076433121,83.38216560509554,7.223684210526316,0.00641025641025641,0.5961538461538461,5.9072847682119205,19390.32894736842,2.3490445859872615,244.64968152866243,1348.5
20221211,15,0.71,-2.5337579617834405,85.01910828025478,7.098684210526316,0.013461538461538462,0.5897435897435898,3.609271523178808,19667.82894736842,2.306369426751593,231.84713375796179,394.0
20221211,16,0.5,-2.798089171974524,87.00636942675159,7.144736842105263,0.008974358974358975,0.5256410256410257,0.4370860927152318,18090.0,2.2216560509554144,236.17834394904457,11.75
20221211,17,0.26,-2.957324840764331,87.6687898089172,7.203947368421052,0.016025641025641024,0.4935897435897436,0.0,16311.907894736842,2.1681528662420386,237.0700636942675,0.0
20221211,18,0.0,-3.092356687898089,88.08917197452229,7.217105263157895,0.028846153846153834,0.5128205128205128,0.0,16064.802631578947,2.1681528662420395,235.98726114649682,0.0
20221211,19,-0.26,-3.2643312101910826,89.00636942675159,6.940789473684211,0.04807692307692308,0.4358974358974359,0.0,13484.407894736842,2.08407643312102,232.22929936305732,0.0
20221211,20,-0.5,-3.3872611464968143,89.50955414012739,6.848684210526316,0.028205128205128202,0.42948717948717946,0.0,13605.065789473685,2.051592356687899,227.19745222929936,0.0
20221211,21,-0.71,-3.5426751592356682,89.54140127388536,6.802631578947368,0.012820512820512824,0.44871794871794873,0,13839.934210526315,2.076433121019109,223.12101910828025,0.0
20221211,22,-0.87,-3.6929936305732474,90.12738853503184,6.592105263157895,0.02115384615384616,0.4166666666666667,0,13256.315789473685,2.0401273885350313,224.84076433121018,0.0
20221211,23,-0.97,-3.751592356687899,90.13375796178345,6.565789473684211,0.0423076923076923,0.4166666666666667,0,14133.618421052632,2.094904458598724,233.2484076433121,0.0
20221212,00,-1.0,-3.8337579617834394,90.11464968152866,6.75,0.019871794871794874,0.42948717948717946,0,14800.328947368422,2.1394904458598734,229.42675159235668,0.0
20221212,01,-0.97,-3.9464968152866238,89.92356687898089,6.677631578947368,0.042307692307692296,0.46794871794871795,0,15457.302631578947,2.147770700636943,227.70700636942675,0.0
20221212,02,-0.87,-4.0343949044585985,90.06369426751593,6.625,0.03589743589743589,0.46794871794871795,0,15612.434210526315,2.1713375796178345,227.77070063694268,0.0
20221212,03,-0.71,-4.201273885350319,90.09554140127389,6.671052631578948,0.028846153846153848,0.4423076923076923,0.0,15716.644736842105,2.163694267515923,232.35668789808918,0.0
20221212,04,-0.5,-4.284713375796176,90.22292993630573,6.519736842105263,0.023076923076923078,0.3974358974358974,0.0,15709.407894736842,2.177070063694268,237.64331210191082,0.0
20221212,05,-0.26,-4.4452229299363095,90.49044585987261,6.4868421052631575,0.041025641025641026,0.3782051282051282,0.0,16716.052631578947,2.1191082802547765,237.70700636942675,0.0
20221212,06,-0.0,-4.5025477707006365,90.29299363057325,6.443708609271523,0.026923076923076925,0.358974358974359,0.0,17055.46052631579,2.2025477707006385,230.95541401273886,0.0
20221212,07,0.26,-4.630573248407643,90.03821656050955,6.218543046357616,0.030769230769230767,0.3333333333333333,0.0,16968.026315789473,2.2426751592356684,228.0891719745223,0.75
20221212,08,0.5,-4.629936305732483,89.75796178343948,6.251655629139073,0.03141025641025641,0.28205128205128205,1.3774834437086092,16491.842105263157,2.2229299363057327,234.2675159235669,155.25
20221212,09,0.71,-4.019745222929937,88.07643312101911,6.046357615894039,0.025641025641025647,0.3076923076923077,14.205298013245033,17251.644736842107,2.2210191082802564,227.19745222929936,1238.5
20221212,10,0.87,-3.2554140127388553,84.5732484076433,5.602649006622516,0.014743589743589745,0.3141025641025641,22.95364238410596,20370.723684210527,2.289808917197452,227.13375796178343,3025.0
20221212,11,0.97,-2.6853503184713365,82.4267515923567,5.519736842105263,0.005128205128205128,0.25,26.37748344370861,21910.92105263158,2.3770700636942683,237.0700636942675,4887.0
20221212,12,1.0,-2.2522292993630555,79.87261146496816,5.355263157894737,0.003205128205128205,0.23076923076923078,28.642384105960264,25509.21052631579,2.477707006369425,237.45222929936307,5954.5
20221212,13,0.97,-2.131847133757961,79.12738853503184,5.0855263157894735,0.003846153846153846,0.19230769230769232,27.801324503311257,27932.96052631579,2.4484076433121027,234.14012738853503,5372.75
20221212,14,0.87,-2.2203821656050944,79.52229299363057,4.776315789473684,0.004487179487179488,0.16666666666666666,27.192052980132452,28254.473684210527,2.408917197452229,225.15923566878982,3350.0
20221212,15,0.71,-2.7656050955414018,82.15286624203821,4.401315789473684,0.003205128205128205,0.1282051282051282,21.70860927152318,26368.157894736843,2.3426751592356694,207.38853503184714,1067.25
20221212,16,0.5,-3.602547770700636,85.56050955414013,3.8947368421052633,0.0,0.11538461538461539,2.3112582781456954,23719.473684210527,2.25732484076433,195.9235668789809,40.0
20221212,17,0.26,-4.2127388535031844,87.5031847133758,3.848684210526316,0.0,0.057692307692307696,0.0,20606.052631578947,2.2324840764331215,192.54777070063693,0.0
20221212,18,0.0,-4.663057324840764,88.42038216560509,3.4934210526315788,0.0,0.03205128205128205,0.0,19276.447368421053,2.2019108280254795,188.40764331210192,0.0
20221212,19,-0.26,-5.024840764331212,88.68152866242038,3.526315789473684,0.0,0.07051282051282051,0.0,18735.263157894737,2.2433121019108273,186.4968152866242,0.0
20221212,20,-0.5,-5.323566878980893,88.84713375796179,3.2828947368421053,0.0,0.07692307692307693,0.0,18036.57894736842,2.2726114649681532,185.79617834394904,0.0
20221212,21,-0.71,-5.5694267515923555,89.11464968152866,3.0526315789473686,0.0,0.09615384615384616,0,17961.842105263157,2.322929936305732,180.70063694267515,0.0
20221212,22,-0.87,-5.8592356687898075,89.03821656050955,3.205298013245033,0.0019230769230769234,0.10256410256410256,0,18374.144736842107,2.333757961783438,176.68789808917197,0.0
20221212,23,-0.97,-5.974522292993631,89.05095541401273,3.6026490066225167,0.0,0.10256410256410256,0,18163.552631578947,2.3611464968152878,163.5031847133758,0.0
20221213,00,-1.0,-6.256050955414014,89.01273885350318,3.7549668874172184,0.000641025641025641,0.10256410256410256,0,18489.144736842107,2.400000000000001,165.60509554140128,0.0
20221213,01,-0.97,-6.4477707006369425,88.63694267515923,3.589403973509934,0.0,0.09615384615384616,0,19060.526315789473,2.464331210191083,165.15923566878982,0.0
20221213,02,-0.87,-6.690445859872612,88.63694267515923,3.4503311258278146,0.001923076923076923,0.09615384615384616,0,18808.223684210527,2.494267515923567,155.79617834394904,0.0
20221213,03,-0.71,-6.805732484076431,88.18471337579618,3.3509933774834435,0.002564102564102564,0.10256410256410256,0.0,20381.776315789473,2.5095541401273893,160.76433121019107,0.0
20221213,04,-0.5,-6.929936305732484,88.0,3.3642384105960264,0.0,0.07051282051282051,0.0,19799.07894736842,2.617834394904459,160.5095541401274,0.0
20221213,05,-0.26,-7.0853503184713365,87.89171974522293,3.7086092715231787,0.0,0.09615384615384616,0.0,19497.82894736842,2.606369426751591,164.71337579617835,0.0
20221213,06,-0.0,-7.192356687898088,87.71974522292993,4.086092715231788,0.0,0.0641025641025641,0.0,19659.276315789473,2.5356687898089176,165.6687898089172,0.0
20221213,07,0.26,-7.347133757961782,87.63694267515923,4.059602649006623,0.001923076923076923,0.07692307692307693,0.0,19640.723684210527,2.5261146496815297,156.05095541401275,0.75
20221213,08,0.5,-7.096815286624201,86.98726114649682,4.112582781456954,0.03461538461538461,0.07051282051282051,5.920529801324503,19867.434210526317,2.5127388535031856,157.70700636942675,350.0
20221213,09,0.71,-6.10764331210191,84.69426751592357,4.1118421052631575,0.008974358974358974,0.07692307692307693,28.556291390728475,20234.342105263157,2.55923566878981,162.10191082802547,2212.5
20221213,10,0.87,-5.061783439490446,81.55414012738854,4.079470198675497,0.008974358974358974,0.08333333333333333,37.52317880794702,22808.355263157893,2.6375796178343953,157.0063694267516,4887.0
20221213,11,0.97,-4.052229299363056,78.70063694267516,4.230263157894737,0.017948717948717947,0.0641025641025641,40.271523178807946,25179.144736842107,2.7866242038216553,162.9936305732484,7130.75
20221213,12,1.0,-3.36815286624204,76.07006369426752,4.276315789473684,0.004487179487179487,0.0641025641025641,43.52317880794702,27383.026315789473,2.78407643312102,156.43312101910828,7768.75
20221213,13,0.97,-3.0108280254777067,75.36305732484077,4.529801324503311,0.007692307692307692,0.057692307692307696,42.5,28119.53642384106,2.736538461538461,151.0828025477707,6453.25
20221213,14,0.87,-3.120382165605095,76.73248407643312,5.052980132450331,0.0,0.04487179487179487,38.266666666666666,28099.933774834437,2.655128205128205,148.33333333333334,3654.5
20221213,15,0.71,-3.821019108280254,80.28025477707007,5.177631578947368,0.007692307692307692,0.038461538461538464,18.26,25720.723684210527,2.63312101910828,145.54140127388536,921.75
20221213,16,0.5,-4.592948717948716,83.40384615384616,5.6092715231788075,0.003846153846153846,0.04487179487179487,0.09933774834437085,23033.17880794702,2.6891719745222926,137.89808917197453,27.0
20221213,17,0.26,-5.010897435897435,85.03205128205128,5.71523178807947,0.003205128205128205,0.057692307692307696,0.0,21048.2119205298,2.81923076923077,131.98717948717947,0.0
20221213,18,0.0,-5.3147435897435935,85.3974358974359,6.059602649006623,0.003205128205128205,0.05128205128205128,0.0,20423.443708609273,2.962179487179487,138.01282051282053,0.0
20221213,19,-0.26,-5.475641025641027,85.30128205128206,6.231788079470198,0.003846153846153846,0.0641025641025641,0.0,20721.721854304637,3.028846153846153,138.07692307692307,0.0
20221213,20,-0.5,-5.6467948717948735,85.05128205128206,6.152317880794702,0.004487179487179487,0.0641025641025641,0.0,21045.49668874172,3.086538461538462,139.35897435897436,0.0
20221213,21,-0.71,-5.799358974358973,85.21153846153847,6.377483443708609,0.008333333333333333,0.08333333333333333,0,20567.218543046358,3.144871794871795,136.60256410256412,0.0
20221213,22,-0.87,-5.8032051282051285,85.16666666666667,6.549668874172186,0.021153846153846155,0.10256410256410256,0,20925.099337748343,3.2352564102564103,134.87179487179486,0.0
20221213,23,-0.97,-5.807051282051282,84.8974358974359,6.483443708609271,0.016025641025641024,0.09615384615384616,0,21490.993377483443,3.2557692307692294,135.96153846153845,0.0
20221214,00,-1.0,-5.741666666666667,84.28205128205128,6.675496688741722,0.010897435897435899,0.08974358974358974,0,22689.27152317881,3.27948717948718,136.60256410256412,0.0
20221214,01,-0.97,-5.726282051282054,84.17307692307692,6.642384105960265,0.008333333333333333,0.10897435897435898,0,23668.675496688742,3.1955128205128207,136.34615384615384,0.0
20221214,02,-0.87,-5.776282051282053,84.06410256410257,6.602649006622516,0.014102564102564105,0.12179487179487179,0,23645.364238410595,3.1794871794871793,136.21794871794873,0.0
20221214,03,-0.71,-5.826923076923077,84.06410256410257,6.602649006622516,0.004487179487179488,0.1282051282051282,0.0,23709.006622516557,3.2019230769230758,133.46153846153845,0.0
20221214,04,-0.5,-5.839102564102565,84.17307692307692,6.28476821192053,0.007692307692307692,0.16025641025641027,0.0,23231.39072847682,3.1282051282051286,138.65384615384616,0.0
20221214,05,-0.26,-5.85448717948718,84.24358974358974,6.026490066225166,0.012820512820512824,0.14743589743589744,0.0,23556.35761589404,3.092903225806451,135.7051282051282,0.0
20221214,06,-0.0,-5.871974522292994,84.37579617834395,5.7105263157894735,0.03012820512820513,0.17307692307692307,0.0,22949.53947368421,2.99551282051282,136.53846153846155,0.0
20221214,07,0.26,-5.84140127388535,84.70063694267516,5.453947368421052,0.013461538461538462,0.21794871794871795,0.0,21908.026315789473,2.963694267515923,138.98089171974522,0.0
20221214,08,0.5,-5.765605095541402,84.8343949044586,5.3618421052631575,0.02371794871794872,0.23717948717948717,0.9668874172185431,21006.052631578947,2.9197452229299348,129.87261146496814,148.0
20221214,09,0.71,-5.207692307692308,83.8974358974359,5.324503311258278,0.05384615384615385,0.2948717948717949,13.324503311258278,19342.71523178808,2.87579617834395,134.84076433121018,941.75
20221214,10,0.87,-4.346794871794875,82.64102564102564,5.377483443708609,0.09551282051282048,0.3525641025641026,17.05960264900662,19408.476821192053,2.8783439490445835,137.0700636942675,2148.25
20221214,11,0.97,-3.6282051282051295,82.08974358974359,5.47682119205298,0.15064102564102566,0.4166666666666667,17.43046357615894,18760.72847682119,2.8152866242038197,136.05095541401275,3205.75
20221214,12,1.0,-3.0192307692307687,80.91025641025641,5.423841059602649,0.13076923076923075,0.44871794871794873,18.05298013245033,19604.701986754968,2.7350318471337562,135.9235668789809,3505.0
20221214,13,0.97,-2.5885350318471336,80.56050955414013,5.046052631578948,0.1378205128205128,0.4551282051282051,20.70198675496689,21051.25,2.5770700636942667,144.2675159235669,3140.75
20221214,14,0.87,-2.678980891719745,82.01273885350318,4.900662251655629,0.11410256410256406,0.42948717948717946,21.423841059602648,19624.53947368421,2.4980891719745224,150.828025477707,1913.75
20221214,15,0.71,-3.2165605095541414,85.02547770700637,4.868421052631579,0.11602564102564103,0.40384615384615385,14.509933774834437,17968.28947368421,2.33375796178344,164.71337579617835,511.75
20221214,16,0.5,-3.854777070063694,87.75796178343948,4.572368421052632,0.1294871794871795,0.3717948717948718,0.31125827814569534,15849.53947368421,2.190445859872613,175.03184713375796,9.75
20221214,17,0.26,-4.236942675159234,88.85987261146497,4.618421052631579,0.06538461538461536,0.33974358974358976,0.0,15196.842105263158,2.155414012738854,191.21019108280254,0.0
20221214,18,0.0,-4.583439490445858,90.22292993630573,4.5394736842105265,0.06346153846153846,0.33974358974358976,0.0,13814.736842105263,2.0987261146496827,198.59872611464968,0.0
20221214,19,-0.26,-4.894267515923565,90.63694267515923,4.3618421052631575,0.050641025641025635,0.3141025641025641,0.0,13960.197368421053,2.0464968152866234,202.35668789808918,0.0
20221214,20,-0.5,-5.261146496815287,91.35031847133757,4.190789473684211,0.06474358974358972,0.2692307692307692,0.0,12578.355263157895,2.0254777070063685,206.56050955414014,0.0
20221214,21,-0.71,-5.5114649681528665,91.57961783439491,4.348684210526316,0.09166666666666666,0.24358974358974358,0,12483.223684210527,2.1205128205128196,215.12820512820514,0.0
20221214,22,-0.87,-5.773248407643315,91.54140127388536,4.309210526315789,0.08717948717948716,0.24358974358974358,0,12357.763157894737,2.1301282051282047,216.02564102564102,0.0
20221214,23,-0.97,-5.915286624203822,91.26751592356688,4.6118421052631575,0.10512820512820512,0.23717948717948717,0,12740.197368421053,2.167307692307693,216.21794871794873,0.0
20221215,00,-1.0,-6.066878980891718,91.09554140127389,4.980263157894737,0.09038461538461535,0.23717948717948717,0,12725.723684210527,2.1397435897435897,206.0897435897436,0.0
20221215,01,-0.97,-6.15605095541401,91.10828025477707,4.993421052631579,0.08717948717948716,0.23717948717948717,0,12945.065789473685,2.0532051282051285,200.25641025641025,0.0
20221215,02,-0.87,-6.178205128205127,91.07051282051282,5.218543046357616,0.05256410256410255,0.26282051282051283,0,13806.026490066226,2.1051282051282048,203.39743589743588,0.0
20221215,03,-0.71,-6.150641025641028,90.6474358974359,4.927152317880795,0.0346153846153846,0.2692307692307692,0.0,14148.543046357616,2.2212903225806464,197.41935483870967,0.0
20221215,04,-0.5,-6.08333333333333,90.97435897435898,5.178807947019868,0.03205128205128205,0.21794871794871795,0.0,13913.245033112582,2.199999999999998,202.96774193548387,0.0
20221215,05,-0.26,-6.134838709677417,91.0,4.94,0.01794871794871795,0.21794871794871795,0.0,13810.8,2.238311688311689,176.36363636363637,0.0
20221215,06,-0.0,-6.105161290322581,91.10322580645162,4.92,0.055769230769230765,0.22435897435897437,0.0,13032.733333333334,2.2896103896103908,179.0909090909091,0.0
20221215,07,0.26,-6.096774193548388,91.01935483870967,4.653333333333333,0.03589743589743589,0.21153846153846154,0.0,13637.0,2.374025974025972,169.02597402597402,0.25
20221215,08,0.5,-5.9606451612903255,90.14193548387097,4.753333333333333,0.030769230769230767,0.20512820512820512,1.3243243243243243,14105.133333333333,2.4545454545454533,170.84415584415584,220.5
20221215,09,0.71,-5.082165605095543,87.98726114649682,4.832214765100671,0.03205128205128205,0.1858974358974359,21.554054054054053,14712.105263157895,2.455128205128205,161.0828025477707,1561.75
20221215,10,0.87,-4.026114649681531,85.3375796178344,4.748344370860927,0.005128205128205128,0.15384615384615385,28.266666666666666,15805.657894736842,2.4872611464968144,164.2675159235669,2863.0
20221215,11,0.97,-3.085350318471337,83.52866242038216,4.36,0.03397435897435898,0.10897435897435898,31.20805369127517,17327.105263157893,2.6127388535031857,156.94267515923568,4125.75
20221215,12,1.0,-2.288535031847135,82.21019108280255,4.6092715231788075,0.013461538461538462,0.09615384615384616,31.953020134228186,18857.36842105263,2.628025477707008,158.53503184713375,4679.25
20221215,13,0.97,-1.9490445859872618,82.26114649681529,4.6381578947368425,0.026282051282051286,0.07692307692307693,28.566666666666666,20282.17105263158,2.6388535031847127,158.47133757961782,4037.75
20221215,14,0.87,-1.9235668789808917,83.05095541401273,4.5131578947368425,0.020512820512820513,0.09615384615384616,28.186666666666667,20157.03947368421,2.6503184713375796,159.93630573248407,2495.25
20221215,15,0.71,-2.620382165605096,86.02547770700637,4.480263157894737,0.025000000000000005,0.12179487179487179,19.5,17993.026315789473,2.577070063694267,140.95541401273886,715.0
20221215,16,0.5,-3.3573248407643312,88.71974522292993,4.631578947368421,0.026923076923076918,0.11538461538461539,0.5533333333333333,16250.065789473685,2.5560509554140123,145.28662420382165,12.0
20221215,17,0.26,-3.6885350318471355,89.5859872611465,5.1118421052631575,0.021794871794871794,0.1282051282051282,0.0,14555.723684210527,2.612101910828026,137.96178343949043,0.0
20221215,18,0.0,-3.94904458598726,89.72611464968153,5.375,0.0358974358974359,0.12179487179487179,0.0,14778.815789473685,2.6942675159235674,142.80254777070064,0.0
20221215,19,-0.26,-4.139490445859873,89.64331210191082,5.309210526315789,0.06666666666666665,0.14743589743589744,0.0,14769.736842105263,2.7382165605095534,135.7324840764331,0.0
20221215,20,-0.5,-4.266878980891721,89.73885350318471,5.3907284768211925,0.075,0.16025641025641027,0.0,15261.644736842105,2.6942675159235674,135.4140127388535,0.0
20221215,21,-0.71,-4.422929936305734,89.4968152866242,5.3509933774834435,0.06346153846153844,0.1858974358974359,0,15205.394736842105,2.605732484076432,134.77707006369425,0.0
20221215,22,-0.87,-4.512738853503184,89.31210191082802,5.52,0.06666666666666665,0.23076923076923078,0,15759.934210526315,2.5554140127388547,129.4904458598726,0.0
20221215,23,-0.97,-4.683439490445862,88.8343949044586,5.80794701986755,0.06923076923076922,0.27564102564102566,0,16414.605263157893,2.461146496815286,125.60509554140127,0.0
20221216,00,-1.0,-4.803184713375795,88.72611464968153,5.675496688741722,0.08653846153846155,0.30128205128205127,0,17153.486842105263,2.4707006369426754,137.96178343949043,0.0
20221216,01,-0.97,-4.808917197452229,88.56687898089172,5.717105263157895,0.091025641025641,0.2948717948717949,0,17614.53947368421,2.452229299363057,145.15923566878982,0.0
20221216,02,-0.87,-4.896178343949044,88.35668789808918,5.855263157894737,0.07692307692307693,0.32051282051282054,0,18300.46052631579,2.407643312101911,148.343949044586,0.0
20221216,03,-0.71,-5.032484076433122,88.4968152866242,5.506578947368421,0.055769230769230765,0.3269230769230769,0.0,18283.486842105263,2.3435897435897455,146.85897435897436,0.0
20221216,04,-0.5,-5.210828025477708,88.81528662420382,5.315789473684211,0.06217948717948715,0.34615384615384615,0.0,17669.276315789473,2.331410256410256,151.66666666666666,0.0
20221216,05,-0.26,-5.361146496815289,89.10191082802548,5.456953642384106,0.05769230769230767,0.33974358974358976,0.0,16997.17105263158,2.3467948717948723,149.42307692307693,0.0
20221216,06,-0.0,-5.4796178343949045,89.14649681528662,5.453947368421052,0.05448717948717947,0.3333333333333333,0.0,17075.78947368421,2.2993589743589755,165.7051282051282,0.0
20221216,07,0.26,-5.540764331210192,89.31847133757962,5.381578947368421,0.05256410256410255,0.3269230769230769,0.0,16618.88157894737,2.3006410256410263,174.35897435897436,0.0
20221216,08,0.5,-5.342675159235669,89.171974522293,5.756578947368421,0.05833333333333332,0.3141025641025641,0.24342105263157895,15867.763157894737,2.2775641025641025,173.12101910828025,93.25
20221216,09,0.71,-4.619108280254778,87.03821656050955,5.377483443708609,0.05256410256410256,0.2948717948717949,13.403973509933774,16392.63157894737,2.2337579617834393,172.29299363057325,896.25
20221216,10,0.87,-3.7624203821656055,84.71974522292993,5.470198675496689,0.04423076923076924,0.27564102564102566,18.072847682119207,16705.526315789473,2.1859872611464963,183.69426751592357,2190.75
20221216,11,0.97,-3.0993630573248416,83.4267515923567,5.401315789473684,0.039102564102564095,0.2564102564102564,20.198675496688743,17279.736842105263,2.200636942675161,182.54777070063693,3354.5
20221216,12,1.0,-2.6337579617834397,82.48407643312102,5.348684210526316,0.03525641025641025,0.21153846153846154,20.834437086092716,18410.13157894737,2.121656050955413,204.5859872611465,3828.5
20221216,13,0.97,-2.3522292993630565,82.26114649681529,5.185430463576159,0.03525641025641025,0.19230769230769232,20.33112582781457,19777.63157894737,2.1375796178343953,204.20382165605096,3334.75
20221216,14,0.87,-2.4828025477707,83.3312101910828,5.1381578947368425,0.0346153846153846,0.20512820512820512,21.29605263157895,19579.86842105263,2.1299363057324845,192.61146496815286,2059.25
20221216,15,0.71,-2.9732484076433128,85.5732484076433,5.184210526315789,0.02948717948717949,0.16666666666666666,16.032894736842106,18703.815789473683,2.1191082802547774,196.30573248407643,606.25
20221216,16,0.5,-3.60891719745223,87.67515923566879,5.348684210526316,0.02628205128205128,0.16666666666666666,2.0,17041.315789473683,2.094904458598727,199.93630573248407,20.25
20221216,17,0.26,-3.9267515923566894,88.91082802547771,5.296052631578948,0.02115384615384616,0.12179487179487179,0.0,16162.565789473685,2.0350318471337574,211.40127388535032,0.0
20221216,18,0.0,-4.236305732484075,89.43949044585987,5.2894736842105265,0.015384615384615384,0.14743589743589744,0.0,15380.197368421053,2.023566878980891,211.3375796178344,0.0
20221216,19,-0.26,-4.527388535031848,90.02547770700637,5.2894736842105265,0.01282051282051282,0.1346153846153846,0.0,14583.947368421053,1.947133757961783,210.63694267515925,0.0
20221216,20,-0.5,-4.7828025477707,90.57961783439491,5.344370860927152,0.010897435897435897,0.10897435897435898,0.0,13890.592105263158,1.8796178343949035,206.68789808917197,0.0
20221216,21,-0.71,-4.935668789808917,90.63694267515923,5.2631578947368425,0.005128205128205128,0.08974358974358974,0,13574.21052631579,1.90063694267516,210.95541401273886,0.0
20221216,22,-0.87,-5.077070063694268,90.68789808917198,5.131578947368421,0.003846153846153846,0.09615384615384616,0,13466.315789473685,1.8267515923566873,215.03184713375796,0.0
20221216,23,-0.97,-5.2828025477707,90.68152866242038,5.157894736842105,0.001923076923076923,0.09615384615384616,0,13405.46052631579,1.798089171974522,215.54140127388536,0.0
20221217,00,-1.0,-5.588535031847136,91.01273885350318,5.1644736842105265,0.000641025641025641,0.10256410256410256,0,13118.223684210527,1.8579617834394908,214.52229299363057,0.0
20221217,01,-0.97,-5.782165605095541,91.26114649681529,5.25,0.001282051282051282,0.1282051282051282,0,12424.013157894737,1.8636942675159245,213.05732484076432,0.0
20221217,02,-0.87,-5.99044585987261,91.5859872611465,5.139072847682119,0.000641025641025641,0.12179487179487179,0,11533.881578947368,1.8662420382165605,216.94267515923568,0.0
20221217,03,-0.71,-6.173248407643316,91.63694267515923,5.139072847682119,0.000641025641025641,0.1282051282051282,0.0,11806.315789473685,1.9484076433121014,215.60509554140128,0.0
20221217,04,-0.5,-6.342675159235665,91.94904458598727,5.256578947368421,0.001282051282051282,0.1282051282051282,0.0,11084.21052631579,1.942038216560509,218.28025477707007,0.0
20221217,05,-0.26,-6.440764331210188,91.95541401273886,5.026315789473684,0.002564102564102564,0.12179487179487179,0.0,11633.28947368421,2.0012738853503182,212.35668789808918,0.0
20221217,06,-0.0,-6.583439490445862,91.80891719745223,5.211920529801325,0.000641025641025641,0.14743589743589744,0.0,11794.407894736842,2.010828025477707,208.6624203821656,0.0
20221217,07,0.26,-6.682165605095544,91.73885350318471,5.2105263157894735,0.0019230769230769234,0.09615384615384616,0.0,11793.223684210527,2.0719745222929946,200.3184713375796,0.0
20221217,08,0.5,-6.656687898089173,91.24203821656052,4.907894736842105,0.0,0.12179487179487179,2.164473684210526,11907.894736842105,2.114649681528662,201.1464968152866,88.5
20221217,09,0.71,-5.992993630573245,89.22929936305732,4.7368421052631575,0.0,0.10897435897435898,20.125,11947.171052631578,2.1140127388535044,196.62420382165604,776.75
20221217,10,0.87,-5.2146496815286625,87.0828025477707,4.282894736842105,0.0,0.11538461538461539,27.401315789473685,12985.0,2.163057324840763,197.5796178343949,1891.5
20221217,11,0.97,-4.380254777070066,84.8407643312102,4.006578947368421,0.0,0.10256410256410256,29.855263157894736,14699.53947368421,2.1968152866242026,202.1656050955414,2966.75
20221217,12,1.0,-3.7509554140127395,83.0828025477707,3.7218543046357615,0.0,0.10256410256410256,31.835526315789473,16374.868421052632,2.194904458598727,200.63694267515925,3522.25
20221217,13,0.97,-3.489171974522293,82.10828025477707,3.3815789473684212,0.000641025641025641,0.07692307692307693,33.73684210526316,17764.342105263157,2.2439490445859875,199.04458598726114,3292.0
20221217,14,0.87,-3.5254777070063703,82.97452229299363,3.3552631578947367,0.0,0.038461538461538464,34.7828947368421,17359.342105263157,2.174522292993632,192.1656050955414,2162.25
20221217,15,0.71,-4.280254777070063,86.52866242038216,3.111842105263158,0.0,0.04487179487179487,27.67763157894737,16072.631578947368,2.165605095541402,189.10828025477707,681.5
20221217,16,0.5,-5.178343949044587,89.80891719745223,3.0657894736842106,0.0,0.019230769230769232,2.4210526315789473,13004.671052631578,2.1808917197452238,170.70063694267515,22.25
20221217,17,0.26,-5.849044585987259,90.56687898089172,3.0921052631578947,0.0,0.038461538461538464,0.0,12785.263157894737,2.2649681528662424,161.21019108280254,0.0
20221217,18,0.0,-6.319745222929934,90.84713375796179,3.2960526315789473,0.0,0.057692307692307696,0.0,13004.21052631579,2.4152866242038207,166.30573248407643,0.0
20221217,19,-0.26,-6.594267515923568,90.87261146496816,3.3157894736842106,0.0,0.038461538461538464,0.0,12978.026315789473,2.4789808917197456,163.43949044585986,0.0
20221217,20,-0.5,-6.735668789808916,90.78343949044586,3.9342105263157894,0.0,0.03205128205128205,0.0,13329.342105263158,2.5108280254777062,160.57324840764332,0.0
20221217,21,-0.71,-6.949681528662421,90.59872611464968,4.144736842105263,0.000641025641025641,0.057692307692307696,0,13246.118421052632,2.5089171974522286,159.4904458598726,0.0
20221217,22,-0.87,-7.114649681528661,90.30573248407643,4.631578947368421,0.0,0.057692307692307696,0,14203.75,2.5535031847133762,155.60509554140128,0.0
20221217,23,-0.97,-7.394267515923567,89.89171974522293,4.4144736842105265,0.0,0.0641025641025641,0,14411.513157894737,2.6146496815286624,156.62420382165604,0.0
20221218,00,-1.0,-7.521656050955418,89.8407643312102,4.592105263157895,0.0,0.05128205128205128,0,14559.078947368422,2.666878980891719,155.98726114649682,0.0
20221218,01,-0.97,-7.68535031847134,89.57961783439491,4.703947368421052,0.0,0.07051282051282051,0,14772.5,2.6917197452229282,151.46496815286625,0.0
20221218,02,-0.87,-7.784076433121015,89.26751592356688,4.394736842105263,0.0,0.05128205128205128,0,14713.881578947368,2.7961783439490455,152.22929936305732,0.0
20221218,03,-0.71,-7.908280254777069,89.37579617834395,3.9539473684210527,0.0,0.0641025641025641,0.0,14746.907894736842,2.8152866242038233,152.9936305732484,0.0
20221218,04,-0.5,-8.089808917197454,89.24203821656052,3.526315789473684,0.0,0.07692307692307693,0.0,15194.144736842105,2.8630573248407627,143.56687898089172,0.0
20221218,05,-0.26,-8.07388535031847,88.57961783439491,3.1788079470198674,0.0,0.05128205128205128,0.0,16527.565789473683,2.9350318471337564,146.4968152866242,0.0
20221218,06,-0.0,-8.228662420382163,88.29299363057325,3.2847682119205297,0.0,0.05128205128205128,0.0,17170.723684210527,3.045222929936306,149.04458598726114,0.0
20221218,07,0.26,-8.199999999999994,88.12101910828025,3.4768211920529803,0.0,0.05128205128205128,0.0,17973.88157894737,3.138216560509554,142.54777070063693,0.0
20221218,08,0.5,-8.084713375796179,87.171974522293,3.7019867549668874,0.0,0.07051282051282051,3.3092105263157894,18025.592105263157,3.267515923566881,144.01273885350318,146.75
20221218,09,0.71,-7.135668789808917,85.18471337579618,4.019736842105263,0.0,0.08333333333333333,29.276315789473685,17891.315789473683,3.3269230769230753,142.5,1405.0
20221218,10,0.87,-5.9834394904458605,82.85987261146497,4.5394736842105265,0.0,0.08974358974358974,38.17763157894737,19529.67105263158,3.3493589743589736,143.65384615384616,2975.5
20221218,11,0.97,-5.055414012738856,81.2547770700637,4.973684210526316,0.0,0.09615384615384616,37.92763157894737,21424.802631578947,3.5076923076923063,150.76923076923077,3969.0
20221218,12,1.0,-4.519108280254776,80.29299363057325,5.4868421052631575,0.0,0.08974358974358974,34.36184210526316,21584.86842105263,3.582692307692307,145.19230769230768,3801.0
20221218,13,0.97,-4.2363057324840785,80.17834394904459,6.059210526315789,0.0,0.0641025641025641,25.06578947368421,22035.723684210527,3.5358974358974344,141.21794871794873,2736.75
20221218,14,0.87,-4.256050955414016,81.03821656050955,7.177631578947368,0.0,0.057692307692307696,13.401315789473685,22154.276315789473,3.601923076923075,141.85897435897436,1441.25
20221218,15,0.71,-4.640127388535034,82.81528662420382,7.592105263157895,0.0,0.05128205128205128,1.855263157894737,21015.197368421053,3.678205128205128,141.98717948717947,362.5
20221218,16,0.5,-4.864331210191084,83.5732484076433,7.75,0.0,0.05128205128205128,0.05263157894736842,20291.57894736842,3.741025641025643,138.84615384615384,7.75
20221218,17,0.26,-4.854140127388536,83.53503184713375,7.9144736842105265,0.0,0.03205128205128205,0.0,20000.065789473683,3.8506410256410253,141.7948717948718,0.0
20221218,18,0.0,-4.766242038216561,83.0828025477707,7.934210526315789,0.0,0.03205128205128205,0.0,19525.32894736842,3.988461538461537,142.43589743589743,0.0
20221218,19,-0.26,-4.546496815286624,82.49044585987261,7.8881578947368425,0.0,0.03205128205128205,0.0,19735.46052631579,4.106410256410257,140.64102564102564,0.0
20221218,20,-0.5,-4.27515923566879,81.98089171974522,7.894736842105263,0.0,0.038461538461538464,0.0,19880.197368421053,4.114743589743588,143.52564102564102,0.0
20221218,21,-0.71,-4.017197452229302,81.37579617834395,7.8618421052631575,0.0,0.057692307692307696,0,20056.25,4.208974358974357,143.84615384615384,0.0
20221218,22,-0.87,-3.7668789808917182,81.14012738853503,7.796052631578948,0.0019230769230769234,0.07051282051282051,0,20255.13157894737,4.266666666666669,141.60256410256412,0.0
20221218,23,-0.97,-3.4496815286624205,80.80254777070064,7.730263157894737,0.003205128205128205,0.11538461538461539,0,20141.907894736843,4.216666666666667,145.51282051282053,0.0
20221219,00,-1.0,-3.231210191082803,81.07643312101911,7.592105263157895,0.008333333333333331,0.20512820512820512,0,19816.315789473683,4.208974358974357,150.3846153846154,0.0
20221219,01,-0.97,-2.992993630573248,81.31847133757962,7.572368421052632,0.015384615384615389,0.26282051282051283,0,18951.052631578947,4.244871794871795,147.82051282051282,0.0
20221219,02,-0.87,-2.7847133757961795,81.99363057324841,7.631578947368421,0.023717948717948717,0.358974358974359,0,18442.434210526317,4.343589743589742,147.8846153846154,0.0
20221219,03,-0.71,-2.4203821656050946,82.3312101910828,7.559210526315789,0.026923076923076925,0.4230769230769231,0.0,18216.842105263157,4.449358974358974,156.7948717948718,0.0
20221219,04,-0.5,-2.1566878980891726,83.4140127388535,7.743421052631579,0.019871794871794878,0.5256410256410257,0.0,17479.144736842107,4.424358974358973,160.06410256410257,0.0
20221219,05,-0.26,-1.8452229299363057,83.9171974522293,7.701986754966887,0.024358974358974363,0.5769230769230769,0.0,17077.5,4.451923076923076,159.87179487179486,0.0
20221219,06,-0.0,-1.4796178343949045,84.93630573248407,7.730263157894737,0.053205128205128197,0.5576923076923077,0.0,17095.92105263158,4.480128205128205,157.30769230769232,0.0
20221219,07,0.26,-1.0496815286624204,84.98089171974522,7.743421052631579,0.07884615384615383,0.5448717948717948,0.0,16504.605263157893,4.7243589743589745,164.55128205128204,1.0
20221219,08,0.5,-0.5630573248407641,85.78980891719745,7.730263157894737,0.1519230769230769,0.5897435897435898,0.0,15595.131578947368,4.735256410256411,163.52564102564102,61.25
20221219,09,0.71,0.04585987261146493,85.76433121019109,7.8355263157894735,0.16923076923076924,0.5833333333333334,0.1118421052631579,15270.855263157895,4.8307692307692305,162.17948717948718,375.25
20221219,10,0.87,0.7076433121019111,85.7515923566879,7.631578947368421,0.17179487179487185,0.6153846153846154,0.9276315789473685,14854.473684210527,4.875641025641024,165.83333333333334,876.5
20221219,11,0.97,1.3554140127388532,86.03821656050955,7.598684210526316,0.1583333333333334,0.6346153846153846,2.0,15662.105263157895,4.918589743589744,169.03846153846155,1230.75
20221219,12,1.0,1.9420382165605083,86.5732484076433,7.690789473684211,0.13589743589743591,0.6730769230769231,3.585526315789474,15955.065789473685,4.892948717948716,173.33333333333334,1396.0
20221219,13,0.97,2.3484076433121013,87.22929936305732,7.651315789473684,0.12307692307692306,0.6410256410256411,2.1184210526315788,16407.894736842107,4.8038461538461545,173.39743589743588,1297.5
20221219,14,0.87,2.6178343949044574,87.90445859872611,7.730263157894737,0.11602564102564103,0.5769230769230769,1.0328947368421053,16513.223684210527,4.752564102564104,175.44871794871796,920.5
20221219,15,0.71,2.687898089171974,89.1592356687898,7.756578947368421,0.11858974358974354,0.5576923076923077,0.6118421052631579,16768.61842105263,4.532692307692308,171.47435897435898,334.75
20221219,16,0.5,2.6738853503184723,89.90445859872611,7.7894736842105265,0.13717948717948727,0.5256410256410257,0.006578947368421052,16338.684210526315,4.5025641025641026,172.94871794871796,13.0
20221219,17,0.26,2.778980891719744,89.76433121019109,7.723684210526316,0.17884615384615385,0.48717948717948717,0.0,16626.052631578947,4.532692307692307,174.55128205128204,0.0
20221219,18,0.0,2.9235668789808913,89.42038216560509,7.7894736842105265,0.2025641025641026,0.4230769230769231,0.0,18420.657894736843,4.583333333333337,180.12820512820514,0.0
20221219,19,-0.26,3.0656050955414003,88.70700636942675,7.802631578947368,0.1673076923076922,0.38461538461538464,0.0,19535.78947368421,4.576923076923078,181.34615384615384,0.0
20221219,20,-0.5,3.1464968152866235,88.46496815286625,7.802631578947368,0.08974358974358976,0.32051282051282054,0.0,19808.28947368421,4.670512820512823,178.97435897435898,0.0
20221219,21,-0.71,3.298089171974522,87.88535031847134,7.842105263157895,0.06538461538461537,0.27564102564102566,0,22616.71052631579,4.630128205128201,184.67948717948718,0.0
20221219,22,-0.87,3.4592356687898076,87.31210191082802,7.842105263157895,0.04487179487179487,0.20512820512820512,0,24322.36842105263,4.6333333333333355,182.8846153846154,0.0
20221219,23,-0.97,3.580891719745226,87.07643312101911,7.894736842105263,0.013461538461538462,0.15384615384615385,0,25044.53947368421,4.474999999999998,183.78205128205127,0.0
20221220,00,-1.0,3.6662420382165593,87.30573248407643,7.822368421052632,0.004487179487179487,0.1858974358974359,0,25066.184210526317,4.391025641025641,181.47435897435898,0.0
20221220,01,-0.97,3.820382165605096,87.1592356687898,7.717105263157895,0.011538461538461539,0.1987179487179487,0,25428.684210526317,4.364743589743591,177.82051282051282,0.0
20221220,02,-0.87,3.9292993630573245,87.44585987261146,7.848684210526316,0.016666666666666663,0.1987179487179487,0,26930.32894736842,4.227564102564103,177.82051282051282,0.0
20221220,03,-0.71,4.038853503184714,87.55414012738854,7.855263157894737,0.01282051282051282,0.24358974358974358,0.0,25924.276315789473,4.195512820512819,178.07692307692307,0.0
20221220,04,-0.5,4.1808917197452224,87.7452229299363,7.815789473684211,0.02884615384615385,0.3333333333333333,0.0,26037.894736842107,4.1589743589743575,181.47435897435898,0.0
20221220,05,-0.26,4.319745222929937,87.94904458598727,7.815789473684211,0.06410256410256408,0.3974358974358974,0.0,25197.763157894737,4.286538461538461,176.0897435897436,0.0
20221220,06,-0.0,4.422292993630574,88.24203821656052,7.7105263157894735,0.07115384615384615,0.532051282051282,0.0,25822.17105263158,4.2724358974359,180.89743589743588,0.0
20221220,07,0.26,4.495541401273885,88.6687898089172,7.7631578947368425,0.0814102564102564,0.5705128205128205,0.0,25782.565789473683,4.266666666666669,175.19230769230768,0.75
20221220,08,0.5,4.744585987261148,88.10828025477707,7.867549668874172,0.06064516129032256,0.5096774193548387,0.0,25987.763157894737,4.3621794871794854,177.17948717948718,73.0
20221220,09,0.71,5.089171974522295,87.29936305732484,7.880794701986755,0.041025641025641026,0.5064102564102564,0.4934210526315789,26607.17105263158,4.314743589743591,176.47435897435898,730.0
20221220,10,0.87,5.585350318471336,85.80254777070064,7.880794701986755,0.033974358974358965,0.391025641025641,1.6513157894736843,27933.223684210527,4.364102564102563,178.71794871794873,1722.0
20221220,11,0.97,6.04267515923567,84.26114649681529,7.874172185430464,0.026282051282051286,0.40384615384615385,1.5855263157894737,29369.67105263158,4.362179487179487,175.3846153846154,2371.75
20221220,12,1.0,6.417834394904457,83.05732484076434,7.801324503311259,0.02243589743589744,0.40384615384615385,2.638157894736842,31285.986842105263,4.432051282051281,179.10256410256412,2714.75
20221220,13,0.97,6.603821656050952,82.4968152866242,7.788079470198675,0.02435897435897436,0.391025641025641,2.888157894736842,30575.394736842107,4.4660256410256425,176.66666666666666,2375.25
20221220,14,0.87,6.535256410256411,83.01282051282051,7.786666666666667,0.05870967741935485,0.3935483870967742,2.3973509933774833,30546.490066225164,4.438461538461539,175.96153846153845,1369.25
20221220,15,0.71,6.344585987261149,83.96815286624204,7.933333333333334,0.06645161290322579,0.41935483870967744,1.6026490066225165,30000.39735099338,4.2793548387096765,175.83333333333334,436.25
20221220,16,0.5,6.005128205128206,85.37820512820512,7.826666666666667,0.07692307692307691,0.47435897435897434,0.125,27162.71523178808,4.234615384615386,176.0897435897436,15.5
20221220,17,0.26,5.814743589743592,86.25,7.806666666666667,0.0593548387096774,0.5612903225806452,0.0,26227.615894039736,4.144516129032259,179.29032258064515,0.0
20221220,18,0.0,5.736538461538461,86.56410256410257,7.766666666666667,0.06645161290322579,0.5741935483870968,0.0,24330.92715231788,4.078064516129032,178.4516129032258,0.0
20221220,19,-0.26,5.6961538461538455,87.32692307692308,7.78,0.1206451612903226,0.5870967741935483,0.0,22300.794701986753,4.023225806451612,185.61290322580646,0.0
20221220,20,-0.5,5.552564102564103,88.23076923076923,7.746666666666667,0.16322580645161291,0.6387096774193548,0.0,20008.278145695363,3.903225806451612,185.80645161290323,0.0
20221220,21,-0.71,5.531410256410256,89.17948717948718,7.706666666666667,0.2690322580645162,0.6709677419354839,0,18447.947019867548,3.8187096774193585,190.25806451612902,0.0
20221220,22,-0.87,5.445512820512823,90.33333333333333,7.7,0.3490322580645162,0.6967741935483871,0,16305.099337748345,3.847741935483873,186.1290322580645,0.0
20221220,23,-0.97,5.470512820512821,91.1474358974359,7.613333333333333,0.34480519480519484,0.7467532467532467,0,15056.688741721855,3.7825806451612913,184.6451612903226,0.0
20221221,00,-1.0,5.412820512820514,92.05128205128206,7.6066666666666665,0.3551948051948053,0.8116883116883117,0,14382.913907284768,3.790322580645162,193.48387096774192,0.0
20221221,01,-0.97,5.31602564102564,93.28205128205128,7.513333333333334,0.3590909090909092,0.8311688311688312,0,11721.523178807947,3.746451612903227,193.3548387096774,0.0
20221221,02,-0.87,5.3538461538461535,94.1923076923077,7.466666666666667,0.3541935483870969,0.864516129032258,0,12257.94701986755,3.6264516129032276,194.70967741935485,0.0
20221221,03,-0.71,5.441666666666665,94.68589743589743,7.526666666666666,0.2967532467532469,0.8051948051948052,0.0,10883.046357615895,3.668387096774195,196.1290322580645,0.0
20221221,04,-0.5,5.450641025641029,95.28846153846153,7.42,0.23677419354838708,0.7741935483870968,0.0,10258.079470198676,3.6599999999999984,199.8709677419355,0.0
20221221,05,-0.26,5.450000000000001,95.83974358974359,7.766666666666667,0.1806451612903226,0.7612903225806451,0.0,9776.092715231787,3.521935483870968,199.03225806451613,0.0
20221221,06,-0.0,5.458974358974358,96.33974358974359,7.746666666666667,0.1774193548387096,0.7677419354838709,0.0,9456.82119205298,3.5187096774193547,199.80645161290323,0.0
20221221,07,0.26,5.530128205128204,96.48717948717949,7.673333333333333,0.18000000000000005,0.6774193548387096,0.0,9805.099337748345,3.5012903225806453,194.6451612903226,0.75
20221221,08,0.5,5.601282051282049,96.7051282051282,7.673333333333333,0.187741935483871,0.7290322580645161,0.0,9007.152317880795,3.5677419354838693,201.61290322580646,47.25
20221221,09,0.71,5.804487179487179,96.49358974358974,7.8,0.17612903225806453,0.6967741935483871,0.006622516556291391,10627.74834437086,3.553548387096774,203.41935483870967,445.25
20221221,10,0.87,6.135897435897438,96.12820512820512,7.793333333333333,0.19741935483870965,0.6903225806451613,0.2052980132450331,12781.059602649008,3.5916129032258044,204.0,1359.0
20221221,11,0.97,6.552866242038218,95.07006369426752,7.703947368421052,0.16258064516129034,0.632258064516129,1.3377483443708609,16333.881578947368,3.8470967741935493,207.56410256410257,2543.25
20221221,12,1.0,6.879617834394908,93.57961783439491,7.631578947368421,0.12500000000000003,0.5833333333333334,3.598684210526316,21879.473684210527,3.8942307692307705,208.52564102564102,3347.5
20221221,13,0.97,7.0929936305732495,92.63694267515923,7.493421052631579,0.07307692307692304,0.4935897435897436,5.256578947368421,23783.355263157893,3.8230769230769237,211.66666666666666,3296.75
20221221,14,0.87,7.092356687898092,92.2484076433121,7.394736842105263,0.06967741935483869,0.4838709677419355,5.309210526315789,24472.63157894737,3.749358974358975,211.73076923076923,2246.0
20221221,15,0.71,6.743949044585987,93.05095541401273,7.375,0.04423076923076923,0.4230769230769231,2.9407894736842106,24715.592105263157,3.5673076923076903,206.0897435897436,764.75
20221221,16,0.5,6.469426751592356,93.40127388535032,7.394736842105263,0.02756410256410257,0.33974358974358976,0.3092105263157895,25130.526315789473,3.478205128205129,204.87179487179486,25.5
20221221,17,0.26,6.260509554140126,93.72611464968153,7.3881578947368425,0.027564102564102563,0.3076923076923077,0.0,22562.434210526317,3.5493589743589737,204.23076923076923,0.0
20221221,18,0.0,6.17579617834395,93.7452229299363,7.440789473684211,0.03397435897435897,0.3269230769230769,0.0,23257.105263157893,3.680128205128206,202.43589743589743,0.0
20221221,19,-0.26,6.135031847133759,94.06369426751593,7.473684210526316,0.05192307692307691,0.3333333333333333,0.0,21180.394736842107,3.7878205128205136,198.26923076923077,0.0
20221221,20,-0.5,6.121656050955413,94.171974522293,7.565789473684211,0.0955128205128205,0.40384615384615385,0.0,20281.513157894737,3.875000000000001,199.6153846153846,0.0
20221221,21,-0.71,6.091719745222927,94.27388535031847,7.519736842105263,0.08397435897435897,0.4358974358974359,0,19605.13157894737,3.9256410256410263,197.69230769230768,0.0
20221221,22,-0.87,6.059872611464966,94.39490445859873,7.4605263157894735,0.10576923076923074,0.42948717948717946,0,19437.697368421053,4.013461538461536,198.71794871794873,0.0
20221221,23,-0.97,6.134394904458601,94.28025477707007,7.592105263157895,0.10769230769230773,0.48717948717948717,0,16838.092105263157,4.096794871794873,195.12820512820514,0.0
20221222,00,-1.0,6.2171974522293,94.43312101910828,7.657894736842105,0.15064102564102563,0.4935897435897436,0,18467.894736842107,4.077564102564102,192.43589743589743,0.0
20221222,01,-0.97,6.25732484076433,94.8343949044586,7.506578947368421,0.1641025641025641,0.5833333333333334,0,16602.302631578947,4.137179487179487,191.73076923076923,0.0
20221222,02,-0.87,6.400636942675156,94.97452229299363,7.684210526315789,0.20705128205128207,0.6282051282051282,0,17427.03947368421,4.160256410256408,191.21794871794873,0.0
20221222,03,-0.71,6.510828025477706,95.09554140127389,7.5855263157894735,0.22692307692307692,0.7628205128205128,0.0,17959.67105263158,4.18974358974359,187.17948717948718,0.0
20221222,04,-0.5,6.654777070063693,94.99363057324841,7.5394736842105265,0.25705128205128214,0.7307692307692307,0.0,18468.157894736843,4.332051282051283,188.52564102564102,0.0
20221222,05,-0.26,6.759872611464969,94.84713375796179,7.6381578947368425,0.32115384615384623,0.7884615384615384,0.0,18093.026315789473,4.436538461538463,188.84615384615384,0.0
20221222,06,-0.0,6.839490445859875,94.68152866242038,7.625,0.4256410256410258,0.782051282051282,0.0,19496.907894736843,4.544230769230769,189.87179487179486,0.0
20221222,07,0.26,6.886624203821658,94.21019108280255,7.407894736842105,0.4647435897435898,0.782051282051282,0.0,19118.157894736843,4.737179487179486,192.37179487179486,0.0
20221222,08,0.5,7.0171974522293,93.6624203821656,7.342105263157895,0.4224358974358975,0.7435897435897436,0.40789473684210525,18804.934210526317,4.850641025641025,203.71794871794873,175.25
20221222,09,0.71,7.273885350318468,93.15286624203821,7.375,0.4032051282051282,0.7371794871794872,3.013157894736842,18714.934210526317,4.932692307692307,209.35897435897436,1296.25
20221222,10,0.87,7.601910828025478,92.0,7.5359477124183005,0.29743589743589754,0.7243589743589743,4.309210526315789,20615.657894736843,5.135256410256409,216.66666666666666,2963.5
20221222,11,0.97,7.936305732484075,91.19108280254777,7.568627450980392,0.2685897435897437,0.6858974358974359,4.184210526315789,23267.697368421053,5.266666666666669,228.2051282051282,3792.25
20221222,12,1.0,8.124840764331209,90.43949044585987,7.4183006535947715,0.24807692307692314,0.6923076923076923,4.9868421052631575,25023.223684210527,5.3884615384615415,235.12820512820514,4003.5
20221222,13,0.97,8.248407643312095,89.09554140127389,7.137254901960785,0.19548387096774197,0.6903225806451613,6.256578947368421,25864.605263157893,5.433333333333332,242.75641025641025,3627.5
20221222,14,0.87,8.143949044585991,89.01910828025478,7.150326797385621,0.227741935483871,0.6580645161290323,7.7368421052631575,28413.092105263157,5.312179487179487,248.78205128205127,2359.0
20221222,15,0.71,7.832484076433123,89.50955414012739,7.169934640522876,0.2103225806451613,0.5741935483870968,3.664473684210526,28088.75,5.1153846153846105,246.15384615384616,707.25
20221222,16,0.5,7.496815286624207,90.0828025477707,7.254901960784314,0.2467948717948719,0.5512820512820513,0.046052631578947366,25829.802631578947,4.88846153846154,244.93589743589743,12.25
20221222,17,0.26,7.236942675159239,90.43949044585987,7.30718954248366,0.16602564102564105,0.5192307692307693,0.0,26299.407894736843,4.744871794871799,239.35897435897436,0.0
20221222,18,0.0,7.054140127388532,90.85987261146497,7.5359477124183005,0.16474358974358977,0.46153846153846156,0.0,25109.21052631579,4.532051282051284,233.46153846153845,0.0
20221222,19,-0.26,6.898089171974522,91.5732484076433,7.437908496732026,0.14423076923076925,0.5192307692307693,0.0,21856.776315789473,4.271153846153845,225.51282051282053,0.0
20221222,20,-0.5,6.7401273885350355,92.51592356687898,7.366013071895424,0.21474358974358984,0.5576923076923077,0.0,19211.38157894737,4.144871794871795,219.16666666666666,0.0
20221222,21,-0.71,6.671337579617833,93.34394904458598,7.3202614379084965,0.31410256410256415,0.5961538461538461,0,17837.697368421053,4.0942307692307685,213.33333333333334,0.0
20221222,22,-0.87,6.6617834394904465,93.92993630573248,7.516339869281046,0.31538461538461543,0.6666666666666666,0,17086.184210526317,4.008333333333334,208.5897435897436,0.0
20221222,23,-0.97,6.648407643312102,94.77707006369427,7.607843137254902,0.3942307692307692,0.75,0,14934.934210526315,3.8128205128205104,203.07692307692307,0.0
20221223,00,-1.0,6.7006369426751595,95.23566878980891,7.607843137254902,0.41217948717948727,0.8076923076923077,0,13930.657894736842,3.6929487179487173,197.62820512820514,0.0
20221223,01,-0.97,6.802547770700638,95.68152866242038,7.61437908496732,0.408974358974359,0.8397435897435898,0,15638.618421052632,3.8121794871794883,205.76923076923077,0.0
20221223,02,-0.87,6.901273885350318,95.89808917197452,7.549019607843137,0.4301282051282051,0.8397435897435898,0,16807.03947368421,3.8224358974358994,210.64102564102564,0.0
20221223,03,-0.71,6.947133757961784,96.1592356687898,7.69281045751634,0.3980769230769232,0.8589743589743589,0.0,17916.184210526317,3.832051282051281,213.71794871794873,0.0
20221223,04,-0.5,7.0382165605095555,96.13375796178345,7.6797385620915035,0.3294871794871795,0.8076923076923077,0.0,19621.57894736842,3.842307692307692,219.55128205128204,0.0
20221223,05,-0.26,7.096178343949045,96.19745222929936,7.601307189542483,0.29423076923076924,0.7756410256410257,0.0,20009.342105263157,3.8634615384615394,227.17948717948718,0.0
20221223,06,-0.0,7.161783439490444,95.96815286624204,7.627450980392157,0.24102564102564117,0.7435897435897436,0.0,22325.065789473683,3.7685897435897435,235.12820512820514,0.0
20221223,07,0.26,7.167515923566876,95.86624203821655,7.57516339869281,0.1825806451612903,0.7483870967741936,0.0,23265.723684210527,3.6891025641025643,240.32051282051282,0.0
20221223,08,0.5,7.194904458598725,96.06369426751593,7.627450980392157,0.19483870967741945,0.7290322580645161,0.05263157894736842,22087.03947368421,3.53397435897436,243.46153846153845,145.75
20221223,09,0.71,7.413375796178343,95.89171974522293,7.625,0.1496774193548387,0.6,0.7828947368421053,23111.25,3.4788461538461557,241.98717948717947,1173.0
20221223,10,0.87,7.708917197452234,95.4140127388535,7.506578947368421,0.12987012987012986,0.577922077922078,1.9144736842105263,23642.03947368421,3.3851612903225807,241.41935483870967,2358.75
20221223,11,0.97,7.975796178343952,94.35668789808918,7.457516339869281,0.1512987012987013,0.5974025974025974,3.0,25447.96052631579,3.337179487179486,234.2948717948718,2853.5
20221223,12,1.0,8.088535031847133,94.03821656050955,7.405228758169935,0.2194805194805195,0.5844155844155844,3.3947368421052633,22129.473684210527,3.2458598726114647,227.2611464968153,2661.5
20221223,13,0.97,8.114012738853505,93.7452229299363,7.359477124183006,0.3941558441558444,0.5974025974025974,3.111842105263158,22319.736842105263,3.2229299363057327,213.56687898089172,1919.25
20221223,14,0.87,8.013375796178343,94.03821656050955,7.366013071895424,0.631168831168831,0.6038961038961039,2.5460526315789473,20592.03947368421,3.306369426751592,205.22292993630575,974.25
20221223,15,0.71,7.796815286624206,95.18471337579618,7.411764705882353,0.8246753246753246,0.6623376623376623,0.875,17705.986842105263,3.3713375796178346,192.54777070063693,223.0
20221223,16,0.5,7.692993630573253,95.54140127388536,7.483660130718954,0.8409090909090909,0.6818181818181818,0.0,19295.592105263157,3.5573248407643314,187.96178343949043,4.5
20221223,17,0.26,7.688535031847136,95.38216560509554,7.601307189542483,0.7733766233766235,0.7272727272727273,0.0,20011.38157894737,3.8324840764331207,183.94904458598725,0.0
20221223,18,0.0,7.719108280254776,94.80254777070064,7.647058823529412,0.7125000000000001,0.743421052631579,0.0,20929.53947368421,4.106369426751592,173.56687898089172,0.0
20221223,19,-0.26,7.7853503184713375,93.71337579617834,7.705882352941177,0.7025974025974027,0.7207792207792207,0.0,25749.802631578947,4.4955414012738855,176.81528662420382,0.0
20221223,20,-0.5,7.840764331210194,92.34394904458598,7.61437908496732,0.5729032258064516,0.6838709677419355,0.0,30035.592105263157,4.64267515923567,180.828025477707,0.0
20221223,21,-0.71,7.808280254777066,90.85987261146497,7.627450980392157,0.4632258064516129,0.6709677419354839,0,32115.723684210527,4.855414012738854,183.43949044585986,0.0
20221223,22,-0.87,7.687261146496813,90.171974522293,7.607843137254902,0.35490196078431385,0.6143790849673203,0,32806.11842105263,5.058598726114649,184.0764331210191,0.0
20221223,23,-0.97,7.556687898089176,89.69426751592357,7.620915032679738,0.26732026143790855,0.6470588235294118,0,32766.842105263157,5.107643312101911,183.18471337579618,0.0
20221224,00,-1.0,7.417197452229302,89.10191082802548,7.555555555555555,0.38451612903225824,0.6064516129032258,0,31870.32894736842,5.152229299363058,191.01910828025478,0.0
20221224,01,-0.97,7.280891719745221,88.54140127388536,7.5816993464052285,0.2974193548387097,0.5806451612903226,0,32385.0,5.067515923566879,191.97452229299364,0.0
20221224,02,-0.87,7.1433121019108325,88.05732484076434,7.549019607843137,0.23935483870967744,0.5548387096774193,0,31721.644736842107,5.00636942675159,192.9299363057325,0.0
20221224,03,-0.71,7.010828025477706,88.35031847133757,7.529411764705882,0.20519480519480524,0.564935064935065,0.0,30936.973684210527,4.878343949044585,192.6751592356688,0.0
20221224,04,-0.5,6.901273885350318,88.15286624203821,7.542483660130719,0.23161290322580652,0.5419354838709678,0.0,30369.21052631579,4.797452229299362,201.71974522292993,0.0
20221224,05,-0.26,6.75923566878981,88.78343949044586,7.509803921568627,0.19999999999999998,0.6129032258064516,0.0,28714.86842105263,4.652866242038214,201.0828025477707,0.0
20221224,06,-0.0,6.690445859872611,88.95541401273886,7.470588235294118,0.22857142857142868,0.6493506493506493,0.0,26493.947368421053,4.514649681528659,204.3312101910828,0.0
20221224,07,0.26,6.604458598726114,89.43312101910828,7.4640522875816995,0.22467532467532464,0.6623376623376623,0.0,27328.815789473683,4.403821656050953,202.9936305732484,0.0
20221224,08,0.5,6.589171974522296,89.64968152866243,7.254901960784314,0.1857142857142858,0.5974025974025974,0.19736842105263158,26870.78947368421,4.255414012738853,204.14012738853503,157.0
20221224,09,0.71,6.869426751592357,89.14649681528662,7.261437908496732,0.1316129032258065,0.6129032258064516,1.4671052631578947,26061.315789473683,4.262420382165607,205.7324840764331,1493.0
20221224,10,0.87,7.268152866242042,87.96815286624204,7.34640522875817,0.1432258064516129,0.632258064516129,4.0394736842105265,27081.842105263157,4.457961783439492,209.171974522293,3522.0
20221224,11,0.97,7.705095541401271,86.92356687898089,7.196078431372549,0.10387096774193545,0.5612903225806452,6.993421052631579,29365.13157894737,4.605095541401271,216.81528662420382,6014.5
20221224,12,1.0,8.043949044585991,85.64331210191082,7.222222222222222,0.06516129032258064,0.5096774193548387,8.236842105263158,29492.105263157893,4.581528662420381,219.74522292993632,6941.75
20221224,13,0.97,8.166878980891719,85.44585987261146,7.241830065359477,0.0593548387096774,0.5419354838709678,7.7894736842105265,30248.092105263157,4.443949044585985,224.2675159235669,5778.25
20221224,14,0.87,8.00573248407643,86.46496815286625,7.0588235294117645,0.11298701298701298,0.5194805194805194,7.092105263157895,30031.315789473683,4.1159235668789815,221.52866242038218,3351.5
20221224,15,0.71,7.601273885350317,88.00636942675159,6.7254901960784315,0.08766233766233762,0.5,3.7960526315789473,28693.092105263157,3.6732484076433147,219.80891719745222,1078.75
20221224,16,0.5,7.108917197452233,89.84713375796179,6.758169934640523,0.07142857142857141,0.45454545454545453,0.0,29341.184210526317,3.310191082802547,217.8343949044586,29.5
20221224,17,0.26,6.782802547770703,91.36305732484077,6.803921568627451,0.08506493506493505,0.37662337662337664,0.0,27656.57894736842,3.147133757961783,214.3312101910828,0.0
20221224,18,0.0,6.5133757961783445,92.35031847133757,6.633986928104576,0.09480519480519481,0.33116883116883117,0.0,26110.263157894737,3.0191082802547773,215.03184713375796,0.0
20221224,19,-0.26,6.330573248407643,93.02547770700637,6.5394736842105265,0.0818181818181818,0.3051948051948052,0.0,25055.0,2.930573248407643,211.01910828025478,0.0
20221224,20,-0.5,6.233121019108284,93.5031847133758,6.457516339869281,0.0890322580645161,0.2903225806451613,0.0,24253.947368421053,2.7707006369426748,211.3375796178344,0.0
20221224,21,-0.71,6.09872611464968,94.19745222929936,6.810457516339869,0.03032258064516128,0.3096774193548387,0,21457.302631578947,2.6891719745222926,210.25477707006368,0.0
20221224,22,-0.87,6.066242038216561,94.80891719745223,7.313725490196078,0.03290322580645161,0.36774193548387096,0,20725.526315789473,2.6191082802547756,200.89171974522293,0.0
20221224,23,-0.97,5.883439490445862,95.40127388535032,7.281045751633987,0.02709677419354839,0.32903225806451614,0,18691.447368421053,2.7101910828025475,199.04458598726114,0.0
20221225,00,-1.0,5.672611464968153,95.77707006369427,7.254901960784314,0.02258064516129032,0.33548387096774196,0,17815.78947368421,2.648407643312102,190.63694267515925,0.0
20221225,01,-0.97,5.492993630573244,96.14012738853503,6.875816993464053,0.01870967741935484,0.2967741935483871,0,16909.342105263157,2.5171974522292992,185.4140127388535,0.0
20221225,02,-0.87,5.338853503184714,96.61146496815287,6.875816993464053,0.01161290322580645,0.25806451612903225,0,15811.578947368422,2.452229299363057,178.8535031847134,0.0
20221225,03,-0.71,5.315923566878982,96.70700636942675,6.830065359477124,0.012258064516129033,0.3032258064516129,0.0,16410.0,2.459872611464968,176.62420382165604,0.0
20221225,04,-0.5,5.248407643312098,96.86624203821655,6.738562091503268,0.02,0.27741935483870966,0.0,15264.013157894737,2.4375796178343943,174.01273885350318,0.0
20221225,05,-0.26,5.162420382165606,96.91082802547771,7.241830065359477,0.009740259740259742,0.2532467532467532,0.0,16689.934210526317,2.4426751592356686,171.01910828025478,0.0
20221225,06,-0.0,5.222929936305733,96.97452229299363,7.5816993464052285,0.0070967741935483875,0.23870967741935484,0.0,15821.644736842105,2.5152866242038208,164.01273885350318,0.0
20221225,07,0.26,5.26624203821656,96.98726114649682,7.437908496732026,0.021935483870967745,0.2064516129032258,0.0,16754.802631578947,2.6471337579617837,155.15923566878982,0.0
20221225,08,0.5,5.373885350318471,96.65605095541402,7.241830065359477,0.01032258064516129,0.18064516129032257,0.9078947368421053,16480.723684210527,2.7751592356687897,155.6687898089172,309.5
20221225,09,0.71,5.979617834394904,95.28662420382166,7.261437908496732,0.03999999999999999,0.17419354838709677,9.013157894736842,19489.86842105263,2.9796178343949027,153.88535031847132,2626.75
20221225,10,0.87,6.871974522292994,92.91082802547771,7.0588235294117645,0.05741935483870968,0.22580645161290322,14.776315789473685,24899.21052631579,3.1649681528662414,157.77070063694268,5949.25
20221225,11,0.97,7.621656050955415,90.85350318471338,7.196078431372549,0.13161290322580646,0.21935483870967742,15.993421052631579,29581.57894736842,3.2165605095541387,158.53503184713375,8237.75
20221225,12,1.0,8.114649681528658,89.73248407643312,7.647058823529412,0.10714285714285712,0.18181818181818182,14.875,31505.32894736842,3.307643312101911,157.77070063694268,7953.0
20221225,13,0.97,8.480891719745227,88.81528662420382,7.496732026143791,0.1367741935483871,0.2129032258064516,14.671052631578947,32491.38157894737,3.4471337579617853,159.4904458598726,6842.25
20221225,14,0.87,8.500000000000004,88.97452229299363,7.359477124183006,0.1064516129032258,0.2709677419354839,13.414473684210526,34099.93421052631,3.459235668789809,156.7515923566879,4410.0
20221225,15,0.71,8.260509554140128,90.15286624203821,7.228758169934641,0.10516129032258063,0.3225806451612903,8.052631578947368,32804.67105263158,3.468789808917197,159.42675159235668,1432.75
20221225,16,0.5,7.933757961783442,91.35668789808918,7.241830065359477,0.15870967741935485,0.4645161290322581,0.9473684210526315,31798.552631578947,3.493630573248407,161.78343949044586,40.0
20221225,17,0.26,7.818471337579616,91.67515923566879,7.34640522875817,0.20714285714285724,0.512987012987013,0.0,30383.61842105263,3.6038216560509553,160.3184713375796,0.0
20221225,18,0.0,7.666242038216563,91.98726114649682,7.228758169934641,0.3019480519480519,0.5454545454545454,0.0,26487.36842105263,3.7222929936305738,159.36305732484075,0.0
20221225,19,-0.26,7.698726114649679,91.69426751592357,7.2745098039215685,0.3655844155844156,0.564935064935065,0.0,26395.526315789473,3.789808917197454,164.77707006369425,0.0
20221225,20,-0.5,7.74713375796178,91.54140127388536,7.333333333333333,0.38961038961038985,0.5844155844155844,0.0,27957.82894736842,3.847770700636942,175.60509554140128,0.0
20221225,21,-0.71,7.829936305732486,90.96178343949045,7.61437908496732,0.29870129870129863,0.5844155844155844,0,29173.552631578947,3.9229299363057324,184.71337579617835,0.0
20221225,22,-0.87,7.921019108280254,90.3375796178344,7.627450980392157,0.2503225806451614,0.5096774193548387,0,30341.315789473683,4.024203821656051,183.88535031847132,0.0
20221225,23,-0.97,7.966878980891724,90.17834394904459,7.627450980392157,0.23311688311688325,0.4805194805194805,0,30184.736842105263,4.0974522292993605,192.10191082802547,0.0
20221226,00,-1.0,7.950955414012742,90.21656050955414,7.366013071895424,0.1574193548387098,0.4645161290322581,0,32307.697368421053,4.1388535031847145,197.2611464968153,0.0
20221226,01,-0.97,8.06878980891719,89.63694267515923,7.509803921568627,0.13096774193548386,0.4258064516129032,0,33281.90789473684,4.303821656050954,203.88535031847132,0.0
20221226,02,-0.87,8.134394904458599,89.3375796178344,7.470588235294118,0.09032258064516126,0.3741935483870968,0,35328.94736842105,4.401273885350316,201.9108280254777,0.0
20221226,03,-0.71,8.194267515923569,88.77707006369427,7.326797385620915,0.06688311688311688,0.42857142857142855,0.0,35891.31578947369,4.462420382165601,205.85987261146497,0.0
20221226,04,-0.5,8.266242038216559,88.48407643312102,7.352941176470588,0.10974025974025975,0.4155844155844156,0.0,36737.17105263158,4.638853503184712,213.56687898089172,0.0
20221226,05,-0.26,8.295541401273885,88.40764331210191,7.411764705882353,0.08441558441558442,0.45454545454545453,0.0,37272.43421052631,4.6496815286624225,218.0891719745223,0.0
20221226,06,-0.0,8.294267515923567,88.5859872611465,7.640522875816994,0.05584415584415584,0.38961038961038963,0.0,37991.57894736842,4.721019108280254,220.0,0.0
20221226,07,0.26,8.277707006369424,88.64331210191082,7.633986928104576,0.15490196078431373,0.43790849673202614,0.0,35213.94736842105,4.792993630573249,220.06369426751593,0.0
20221226,08,0.5,8.271337579617832,89.12101910828025,7.522875816993464,0.16168831168831171,0.538961038961039,1.0328947368421053,34341.97368421053,4.814649681528664,217.45222929936307,269.25
20221226,09,0.71,8.510191082802546,89.12101910828025,7.542483660130719,0.2045454545454546,0.5584415584415584,3.210526315789474,34601.90789473684,4.8872611464968125,217.45222929936307,1590.25
20221226,10,0.87,8.834394904458597,88.3312101910828,7.503267973856209,0.2876623376623376,0.512987012987013,4.467105263157895,34920.72368421053,4.984076433121019,222.03821656050957,3106.75
20221226,11,0.97,9.124840764331209,87.01273885350318,7.470588235294118,0.29415584415584417,0.5974025974025974,3.875,39390.26315789474,5.343949044585988,226.43312101910828,3569.0
20221226,12,1.0,9.150318471337577,86.49044585987261,7.555555555555555,0.2564935064935066,0.6493506493506493,2.4802631578947367,42203.68421052631,5.6401273885350305,230.19108280254778,2914.5
20221226,13,0.97,8.885350318471342,86.52866242038216,7.555555555555555,0.2529411764705883,0.738562091503268,1.861842105263158,42683.48684210526,5.87388535031847,238.0891719745223,2266.75
20221226,14,0.87,8.602547770700635,86.01910828025478,7.405228758169935,0.29019607843137263,0.7189542483660131,2.2828947368421053,43023.68421052631,5.874522292993629,243.18471337579618,1546.5
20221226,15,0.71,8.122292993630577,86.51592356687898,7.300653594771242,0.2928571428571429,0.6168831168831169,0.9276315789473685,42495.92105263158,5.60700636942675,241.84713375796179,503.0
20221226,16,0.5,7.5853503184713365,86.40127388535032,7.137254901960785,0.32987012987012987,0.5974025974025974,0.0,44725.26315789474,5.532484076433124,244.39490445859872,15.0
20221226,17,0.26,7.0802547770700635,86.40764331210191,6.947712418300654,0.34805194805194806,0.5909090909090909,0.0,43044.07894736842,5.469426751592355,246.87898089171975,0.0
20221226,18,0.0,6.542038216560507,86.00636942675159,6.69281045751634,0.3435064935064936,0.6688311688311688,0.0,43075.59210526316,5.570700636942674,248.8535031847134,0.0
20221226,19,-0.26,6.02675159235669,85.46496815286625,6.38562091503268,0.4541935483870965,0.6258064516129033,0.0,42174.40789473684,5.436305732484076,253.82165605095543,0.0
20221226,20,-0.5,5.509554140127388,85.12101910828025,6.0130718954248366,0.4194805194805195,0.5974025974025974,0.0,42359.34210526316,5.424203821656053,256.7515923566879,0.0
20221226,21,-0.71,5.021019108280255,84.43312101910828,5.633986928104576,0.2670967741935485,0.5225806451612903,0,43494.21052631579,5.466242038216556,257.7070063694268,0.0
20221226,22,-0.87,4.571337579617834,84.14012738853503,5.352941176470588,0.23612903225806453,0.47096774193548385,0,41803.09210526316,5.4273885350318505,258.85350318471336,0.0
20221226,23,-0.97,4.059235668789809,83.77707006369427,5.045751633986928,0.13961038961038957,0.3961038961038961,0,44246.18421052631,5.513375796178343,256.7515923566879,0.0
20221227,00,-1.0,3.6012738853503174,83.39490445859873,4.450980392156863,0.14740259740259745,0.3246753246753247,0,43127.69736842105,5.604458598726114,256.687898089172,0.0
20221227,01,-0.97,3.1961783439490445,83.4968152866242,3.7973856209150325,0.12792207792207796,0.2532467532467532,0,44147.30263157895,5.456687898089172,252.9936305732484,0.0
20221227,02,-0.87,2.814012738853505,83.7515923566879,3.3529411764705883,0.15909090909090914,0.2662337662337662,0,43926.18421052631,5.5076433121019095,251.27388535031847,0.0
20221227,03,-0.71,2.484713375796178,84.49044585987261,3.2679738562091503,0.11999999999999998,0.22580645161290322,0.0,44322.82894736842,5.454777070063696,247.70700636942675,0.0
20221227,04,-0.5,2.2936305732484072,84.78343949044586,3.6470588235294117,0.050322580645161284,0.2129032258064516,0.0,45897.30263157895,5.281528662420381,244.77707006369425,0.0
20221227,05,-0.26,2.0668789808917185,85.72611464968153,3.8366013071895426,0.05354838709677419,0.2064516129032258,0.0,44595.13157894737,5.1999999999999975,243.37579617834396,0.0
20221227,06,-0.0,2.085987261146497,86.12101910828025,4.516339869281046,0.043870967741935496,0.2129032258064516,0.0,44565.65789473684,5.162420382165604,232.86624203821657,0.0
20221227,07,0.26,2.0751592356687905,86.5031847133758,4.836601307189542,0.027741935483870966,0.21935483870967742,0.0,44177.69736842105,5.124203821656052,232.4203821656051,0.25
20221227,08,0.5,2.2343949044585982,86.59235668789809,5.222222222222222,0.04064516129032257,0.2645161290322581,2.6907894736842106,41957.17105263158,5.0738853503184735,234.5859872611465,504.75
20221227,09,0.71,2.7891719745222923,85.05732484076434,5.26797385620915,0.03870967741935485,0.23870967741935484,16.355263157894736,42498.28947368421,5.012738853503185,235.98726114649682,3703.0
20221227,10,0.87,3.5847133757961775,82.45859872611464,5.177631578947368,0.024516129032258065,0.21935483870967742,24.236842105263158,45044.67105263158,5.060897435897436,235.4140127388535,7816.0
20221227,11,0.97,4.263694267515925,80.09554140127389,5.176470588235294,0.05225806451612903,0.22580645161290322,28.24342105263158,46770.0,5.453503184713376,238.02547770700636,10956.5
20221227,12,1.0,4.712738853503187,78.1656050955414,5.620915032679738,0.009677419354838708,0.16129032258064516,28.70394736842105,48498.28947368421,5.537579617834399,242.22929936305732,11489.0
20221227,13,0.97,4.856687898089174,77.39490445859873,6.300653594771242,0.008387096774193548,0.12258064516129032,23.519736842105264,49420.32894736842,5.420382165605096,243.94904458598725,9214.0
20221227,14,0.87,4.7834394904458595,77.78980891719745,6.496732026143791,0.024675324675324673,0.11688311688311688,19.769736842105264,49586.77631578947,5.009554140127389,243.5031847133758,5460.5
20221227,15,0.71,4.285987261146498,80.19745222929936,6.61437908496732,0.01038961038961039,0.12987012987012986,9.657894736842104,48295.65789473684,4.471337579617832,237.64331210191082,1645.5
20221227,16,0.5,3.6318471337579608,83.46496815286625,6.542483660130719,0.0006493506493506494,0.07142857142857142,0.5460526315789473,44882.89473684211,3.9636942675159204,226.87898089171975,71.5
20221227,17,0.26,3.163694267515924,85.56687898089172,6.4640522875816995,0.0025806451612903226,0.07741935483870968,0.0,42008.68421052631,3.872611464968153,217.64331210191082,0.0
20221227,18,0.0,2.8515923566878962,86.828025477707,5.588235294117647,0.0006451612903225806,0.06451612903225806,0.0,39736.71052631579,3.860509554140126,209.36305732484075,0.0
20221227,19,-0.26,2.708917197452229,87.38216560509554,5.496732026143791,0.0006451612903225806,0.025806451612903226,0.0,37412.23684210526,4.00573248407643,205.7324840764331,0.0
20221227,20,-0.5,2.4496815286624223,88.26114649681529,5.176470588235294,0.0006451612903225806,0.05161290322580645,0.0,35706.38157894737,3.9878980891719733,202.29299363057325,0.0
20221227,21,-0.71,2.328662420382165,88.61146496815287,5.137254901960785,0.0,0.07096774193548387,0,34877.63157894737,4.021656050955412,201.78343949044586,0.0
20221227,22,-0.87,2.1968152866242034,89.19745222929936,5.339869281045751,0.0006451612903225806,0.05806451612903226,0,33915.72368421053,4.038216560509555,197.3248407643312,0.0
20221227,23,-0.97,2.23375796178344,88.88535031847134,5.9869281045751634,0.0032258064516129032,0.07741935483870968,0,34498.09210526316,4.122292993630574,199.36305732484075,0.0
20221228,00,-1.0,2.285987261146496,88.59872611464968,6.398692810457517,0.009677419354838712,0.12258064516129032,0,33791.11842105263,4.314012738853501,195.7324840764331,0.0
20221228,01,-0.97,2.4375796178343947,88.28025477707007,7.1568627450980395,0.03354838709677419,0.16774193548387098,0,35357.23684210526,4.547770700636942,194.5859872611465,0.0
20221228,02,-0.87,2.5643312101910847,87.87898089171975,7.516339869281046,0.054193548387096765,0.22580645161290322,0,36172.43421052631,4.832484076433119,191.21019108280254,0.0
20221228,03,-0.71,2.7414012738853493,87.7515923566879,7.588235294117647,0.05806451612903226,0.2838709677419355,0.0,36397.5,5.0471337579617845,189.6815286624204,0.0
20221228,04,-0.5,2.9547770700636935,87.71974522292993,7.718954248366013,0.08516129032258066,0.33548387096774196,0.0,36001.77631578947,5.256050955414012,192.9936305732484,0.0
20221228,05,-0.26,3.2171974522292994,87.70700636942675,7.647058823529412,0.09032258064516129,0.36129032258064514,0.0,35014.14473684211,5.470063694267515,189.36305732484075,0.0
20221228,06,-0.0,3.515286624203823,87.72611464968153,7.568627450980392,0.11612903225806447,0.45806451612903226,0.0,34336.44736842105,5.720382165605096,198.0891719745223,0.0
20221228,07,0.26,3.8197452229299382,87.9171974522293,7.503267973856209,0.09483870967741932,0.4838709677419355,0.0,33865.46052631579,5.911464968152867,200.19108280254778,0.25
20221228,08,0.5,4.161146496815288,87.92356687898089,7.65359477124183,0.06838709677419351,0.535483870967742,0.20394736842105263,35428.02631578947,5.934394904458598,199.29936305732485,234.25
20221228,09,0.71,4.688535031847133,87.32484076433121,7.660130718954249,0.05677419354838708,0.5225806451612903,1.5723684210526316,37417.10526315789,6.063057324840762,201.01910828025478,1804.25
20221228,10,0.87,5.414649681528661,85.89171974522293,7.666666666666667,0.043870967741935475,0.4645161290322581,3.9210526315789473,39317.82894736842,6.15095541401274,203.69426751592357,4111.5
20221228,11,0.97,6.138216560509555,84.00636942675159,7.477124183006536,0.032258064516129045,0.36774193548387096,8.671052631578947,41865.13157894737,6.222292993630573,207.0700636942675,6465.0
20221228,12,1.0,6.729299363057323,82.42038216560509,7.470588235294118,0.03354838709677419,0.34838709677419355,12.06578947368421,45268.55263157895,6.228662420382165,210.38216560509554,7497.75
20221228,13,0.97,7.111464968152865,81.4140127388535,7.4640522875816995,0.03483870967741935,0.3419354838709677,11.30921052631579,47030.59210526316,6.078343949044589,211.656050955414,6735.0
20221228,14,0.87,7.191082802547774,81.03184713375796,7.4640522875816995,0.03290322580645161,0.36774193548387096,9.151315789473685,50701.71052631579,5.802547770700636,210.44585987261146,3968.25
20221228,15,0.71,7.047770700636943,81.27388535031847,7.562091503267974,0.03741935483870967,0.3741935483870968,4.131578947368421,49723.88157894737,5.477707006369428,206.4968152866242,1144.5
20221228,16,0.5,6.854777070063695,81.87898089171975,7.57516339869281,0.0632258064516129,0.3032258064516129,0.40131578947368424,49912.10526315789,5.228025477707005,203.37579617834396,52.75
20221228,17,0.26,6.757961783439489,81.78980891719745,7.522875816993464,0.08064516129032258,0.3161290322580645,0.0,51292.82894736842,5.335668789808917,199.6815286624204,0.0
20221228,18,0.0,6.675796178343953,81.45222929936305,7.57516339869281,0.10064516129032255,0.3870967741935484,0.0,49259.67105263158,5.57452229299363,193.05732484076432,0.0
20221228,19,-0.26,6.57515923566879,82.01910828025478,7.5816993464052285,0.15419354838709673,0.41935483870967744,0.0,47227.76315789474,5.756687898089171,194.39490445859872,0.0
20221228,20,-0.5,6.506369426751592,82.6624203821656,7.640522875816994,0.18193548387096778,0.47096774193548385,0.0,45668.42105263158,5.763694267515922,190.44585987261146,0.0
20221228,21,-0.71,6.546496815286627,82.43312101910828,7.5816993464052285,0.18322580645161285,0.5096774193548387,0,45415.39473684211,5.862420382165606,191.40127388535032,0.0
20221228,22,-0.87,6.595541401273885,82.54140127388536,7.516339869281046,0.16322580645161291,0.5032258064516129,0,46675.72368421053,5.950318471337581,191.21019108280254,0.0
20221228,23,-0.97,6.780254777070062,82.18471337579618,7.555555555555555,0.1174193548387097,0.5096774193548387,0,47248.42105263158,6.119108280254781,191.78343949044586,0.0
20221229,00,-1.0,7.045222929936302,81.92993630573248,7.660130718954249,0.08516129032258062,0.567741935483871,0,47659.21052631579,6.222929936305731,195.54140127388536,0.0
20221229,01,-0.97,7.268152866242038,82.05732484076434,7.686274509803922,0.08709677419354835,0.6,0,49331.05263157895,6.3312101910828025,198.28025477707007,0.0
20221229,02,-0.87,7.347133757961786,82.54777070063695,7.61437908496732,0.0896774193548387,0.6064516129032258,0,49036.31578947369,6.2764331210191076,198.59872611464968,0.0
20221229,03,-0.71,7.64713375796178,81.67515923566879,7.555555555555555,0.06451612903225805,0.5870967741935483,0.0,53190.39473684211,6.333757961783441,199.23566878980893,0.0
20221229,04,-0.5,7.864968152866243,81.00636942675159,7.601307189542483,0.05354838709677416,0.5225806451612903,0.0,54928.55263157895,6.496815286624204,199.93630573248407,0.0
20221229,05,-0.26,8.091082802547765,80.15286624203821,7.594771241830065,0.05677419354838708,0.49032258064516127,0.0,56692.36842105263,6.635668789808917,199.36305732484075,0.0
20221229,06,-0.0,8.133757961783438,80.10828025477707,7.5816993464052285,0.11483870967741935,0.567741935483871,0.0,53335.06578947369,6.777070063694264,199.93630573248407,0.0
20221229,07,0.26,8.302547770700633,78.96178343949045,7.222222222222222,0.08193548387096773,0.5096774193548387,0.0,58628.81578947369,6.7477707006369405,201.3375796178344,0.25
20221229,08,0.5,8.4,77.98089171974522,7.339869281045751,0.11870967741935486,0.45806451612903226,0.5,57501.51315789474,6.914012738853503,203.94904458598725,369.0
20221229,09,0.71,8.678343949044583,77.22929936305732,7.222222222222222,0.09483870967741932,0.432258064516129,3.8684210526315788,56418.94736842105,6.914012738853504,204.64968152866243,2360.5
20221229,10,0.87,9.159235668789815,75.80254777070064,7.0,0.14322580645161287,0.4838709677419355,10.30921052631579,56030.52631578947,7.107006369426747,209.6815286624204,4893.0
20221229,11,0.97,9.56496815286624,74.4267515923567,7.046052631578948,0.09999999999999996,0.49032258064516127,11.657894736842104,55379.80263157895,7.304458598726116,213.82165605095543,6682.5
20221229,12,1.0,9.87898089171974,73.4267515923567,7.065359477124183,0.07548387096774192,0.4774193548387097,13.618421052631579,55929.53947368421,7.322292993630575,219.74522292993632,7304.0
20221229,13,0.97,9.8796178343949,73.4140127388535,7.228758169934641,0.09870967741935484,0.45161290322580644,12.098684210526315,56877.17105263158,7.242038216560511,223.94904458598725,5956.25
20221229,14,0.87,9.716560509554146,73.19745222929936,7.196078431372549,0.03870967741935483,0.41935483870967744,9.901315789473685,58051.51315789474,6.944585987261143,226.7515923566879,3562.5
20221229,15,0.71,9.262420382165605,74.73248407643312,7.313725490196078,0.06774193548387097,0.4129032258064516,4.651315789473684,55429.01315789474,6.561783439490448,226.2420382165605,1095.25
20221229,16,0.5,8.682165605095548,76.828025477707,7.1568627450980395,0.06774193548387095,0.4258064516129032,0.1118421052631579,54992.30263157895,5.963057324840764,224.45859872611464,37.75
20221229,17,0.26,8.319108280254776,77.91082802547771,7.2026143790849675,0.050967741935483875,0.4064516129032258,0.0,53971.84210526316,5.619745222929935,222.4203821656051,0.0
20221229,18,0.0,7.928025477707003,79.84713375796179,7.124183006535947,0.0896774193548387,0.3870967741935484,0.0,51620.98684210526,5.413375796178343,220.70063694267515,0.0
20221229,19,-0.26,7.558598726114641,81.38853503184713,7.143790849673203,0.1285714285714286,0.37012987012987014,0.0,49654.40789473684,5.237579617834396,221.656050955414,0.0
20221229,20,-0.5,7.314649681528661,81.94267515923566,7.368421052631579,0.13831168831168833,0.35714285714285715,0.0,50093.55263157895,5.238216560509551,221.1464968152866,0.0
20221229,21,-0.71,7.042038216560506,82.70063694267516,7.144736842105263,0.20584415584415588,0.38961038961038963,0,47565.98684210526,5.245859872611466,221.1464968152866,0.0
20221229,22,-0.87,6.763057324840762,83.3375796178344,7.098684210526316,0.27402597402597406,0.38311688311688313,0,46137.82894736842,5.317834394904459,223.7579617834395,0.0
20221229,23,-0.97,6.528025477707007,83.29299363057325,6.934210526315789,0.2090909090909091,0.3181818181818182,0,42887.30263157895,5.319745222929938,225.85987261146497,0.0
20221230,00,-1.0,6.250955414012739,83.68789808917198,6.631578947368421,0.12597402597402593,0.34415584415584416,0,44320.65789473684,5.231847133757961,228.9171974522293,0.0
20221230,01,-0.97,6.068152866242036,83.7452229299363,6.411764705882353,0.0948051948051948,0.3116883116883117,0,45331.18421052631,5.171337579617834,231.78343949044586,0.0
20221230,02,-0.87,5.843312101910828,84.08917197452229,6.0130718954248366,0.06038961038961038,0.2662337662337662,0,42665.32894736842,5.061783439490449,232.48407643312103,0.0
20221230,03,-0.71,5.562420382165606,85.171974522293,5.790849673202614,0.03766233766233766,0.2012987012987013,0.0,40994.53947368421,4.82484076433121,228.0891719745223,0.0
20221230,04,-0.5,5.296815286624204,85.68152866242038,4.947712418300654,0.03181818181818182,0.17532467532467533,0.0,40252.76315789474,4.633121019108278,223.31210191082803,0.0
20221230,05,-0.26,5.021019108280253,86.45222929936305,4.738562091503268,0.01948051948051948,0.13636363636363635,0.0,39502.96052631579,4.456687898089174,218.78980891719746,0.0
20221230,06,-0.0,4.6949044585987245,87.42038216560509,4.4640522875816995,0.0025974025974025974,0.09090909090909091,0.0,39783.09210526316,4.303184713375797,208.0891719745223,0.0
20221230,07,0.26,4.4464968152866255,87.6687898089172,4.4183006535947715,0.0,0.07792207792207792,0.0,37704.80263157895,4.186624203821655,202.9936305732484,0.0
20221230,08,0.5,4.428025477707006,87.59235668789809,4.542483660130719,0.0,0.05194805194805195,2.0723684210526314,37324.86842105263,4.213375796178343,195.60509554140128,504.75
20221230,09,0.71,5.1878980891719735,84.87261146496816,4.758169934640523,0.0,0.01948051948051948,23.875,41727.10526315789,4.396815286624208,190.44585987261146,4300.75
20221230,10,0.87,6.104458598726114,81.61146496815287,4.967320261437909,0.0,0.0,32.4078947368421,45848.88157894737,4.771794871794872,184.64968152866243,8793.5
20221230,11,0.97,6.803184713375796,78.59235668789809,5.718954248366013,0.0,0.006493506493506494,32.78947368421053,48644.53947368421,5.159872611464969,184.52229299363057,11753.0
20221230,12,1.0,7.268152866242039,76.64968152866243,6.5359477124183005,0.0,0.006493506493506494,28.394736842105264,51837.56578947369,5.338216560509556,184.2675159235669,11511.5
20221230,13,0.97,7.348407643312105,76.6687898089172,7.078431372549019,0.003246753246753247,0.05194805194805195,20.388157894736842,53209.60526315789,5.4197452229299365,179.6815286624204,8403.5
20221230,14,0.87,7.208280254777066,78.05732484076434,7.300653594771242,0.06038961038961038,0.12987012987012986,10.960526315789474,51158.94736842105,5.4885350318471335,173.88535031847132,4121.0
20221230,15,0.71,6.9324840764331235,79.87261146496816,7.61437908496732,0.12987012987012986,0.2727272727272727,2.0657894736842106,48114.86842105263,5.690445859872609,169.29936305732485,920.5
20221230,16,0.5,6.805732484076435,81.88535031847134,7.7254901960784315,0.21623376623376622,0.4155844155844156,0.0,43867.82894736842,6.059872611464968,167.77070063694268,13.0
20221230,17,0.26,7.012738853503186,82.86624203821655,7.703947368421052,0.2428571428571428,0.551948051948052,0.0,40500.06578947369,6.303184713375793,171.84713375796179,0.0
20221230,18,0.0,7.298726114649682,84.26751592356688,7.6644736842105265,0.24155844155844167,0.6623376623376623,0.0,37425.98684210526,6.620382165605098,178.9171974522293,0.0
20221230,19,-0.26,7.64267515923567,85.92356687898089,7.620915032679738,0.24480519480519483,0.7402597402597403,0.0,32595.526315789473,6.9445859872611475,185.98726114649682,0.0
20221230,20,-0.5,8.057324840764327,87.24203821656052,7.562091503267974,0.21103896103896108,0.8246753246753247,0.0,34866.38157894737,7.037579617834394,188.72611464968153,0.0
20221230,21,-0.71,8.574522292993628,87.92993630573248,7.65359477124183,0.2227272727272728,0.8311688311688312,0,36281.51315789474,7.069426751592357,196.56050955414014,0.0
20221230,22,-0.87,9.059872611464968,88.42038216560509,7.549019607843137,0.16428571428571426,0.8311688311688312,0,38037.36842105263,7.028025477707007,200.76433121019107,0.0
20221230,23,-0.97,9.469426751592348,89.07643312101911,7.633986928104576,0.15974025974025977,0.7207792207792207,0,42243.94736842105,6.759872611464966,205.15923566878982,0.0
20221231,00,-1.0,9.880254777070062,88.75796178343948,7.568627450980392,0.1266233766233766,0.6623376623376623,0,44675.72368421053,6.705732484076432,207.77070063694268,0.0
20221231,01,-0.97,10.227388535031848,88.71337579617834,7.627450980392157,0.09870129870129866,0.5974025974025974,0,48194.21052631579,6.606369426751594,208.98089171974522,0.0
20221231,02,-0.87,10.61146496815287,87.88535031847134,7.640522875816994,0.12532467532467534,0.5194805194805194,0,48519.01315789474,6.519108280254779,206.81528662420382,0.0
20221231,03,-0.71,10.850318471337584,87.68789808917198,7.601307189542483,0.18961038961038965,0.5324675324675324,0.0,47298.75,6.412101910828024,207.38853503184714,0.0
20221231,04,-0.5,11.117834394904461,87.26114649681529,7.620915032679738,0.27402597402597406,0.6103896103896104,0.0,46292.36842105263,6.407006369426755,210.89171974522293,0.0
20221231,05,-0.26,11.368152866242035,86.70063694267516,7.601307189542483,0.30519480519480535,0.5714285714285714,0.0,49277.5,6.354777070063695,208.343949044586,0.0
20221231,06,-0.0,11.578980891719741,86.4968152866242,7.601307189542483,0.3318181818181819,0.5909090909090909,0.0,48967.23684210526,6.421656050955416,206.87898089171975,0.0
20221231,07,0.26,11.76410256410256,85.80128205128206,7.447368421052632,0.3357142857142858,0.538961038961039,0.0,48763.046357615895,6.547435897435899,207.0063694267516,0.0
20221231,08,0.5,12.003205128205126,84.81410256410257,7.532894736842105,0.24285714285714294,0.5064935064935064,0.026490066225165563,51448.741721854305,6.466025641025639,210.19230769230768,210.25
20221231,09,0.71,12.460256410256415,83.17948717948718,7.355263157894737,0.18311688311688312,0.4155844155844156,3.8211920529801326,52055.96026490066,6.521794871794872,207.94871794871796,2029.5
20221231,10,0.87,13.13525641025641,80.6923076923077,7.1118421052631575,0.21688311688311687,0.3961038961038961,9.218543046357615,55474.56953642384,6.7147435897435885,211.0897435897436,5108.25
20221231,11,0.97,13.729487179487181,78.36538461538461,6.913907284768212,0.1571428571428572,0.37662337662337664,15.357615894039736,56138.54304635762,6.846153846153845,213.9102564102564,7182.25
20221231,12,1.0,14.159999999999998,77.03225806451613,6.701986754966887,0.13961038961038957,0.36363636363636365,16.653333333333332,57348.0,6.982051282051282,217.37179487179486,7790.0
20221231,13,0.97,14.485161290322582,75.60645161290323,6.867549668874172,0.13464052287581701,0.32679738562091504,17.493333333333332,58999.6,6.939354838709676,216.96774193548387,6880.75
20221231,14,0.87,14.451612903225806,75.54193548387097,7.0,0.09019607843137255,0.3202614379084967,13.313333333333333,59340.066666666666,6.918709677419354,214.70967741935485,4177.5
20221231,15,0.71,14.052903225806448,76.38709677419355,7.311258278145695,0.1235294117647059,0.3137254901960784,2.6066666666666665,59232.53333333333,6.5787096774193525,211.3548387096774,1305.25
20221231,16,0.5,13.536774193548386,77.49677419354839,7.576158940397351,0.1954248366013072,0.3006535947712418,0.0,58450.066666666666,6.22387096774194,205.16129032258064,48.25
20221231,17,0.26,13.181935483870967,77.73548387096774,7.754966887417218,0.230718954248366,0.26143790849673204,0.0,55930.666666666664,6.082580645161288,205.74193548387098,0.0
20221231,18,0.0,12.98516129032259,77.34838709677419,7.7218543046357615,0.2607843137254902,0.23529411764705882,0.0,54547.333333333336,5.99483870967742,202.38709677419354,0.0
20221231,19,-0.26,12.854193548387096,76.20645161290322,7.781456953642384,0.24117647058823533,0.22875816993464052,0.0,54616.13333333333,5.955483870967741,202.96774193548387,0.0
20221231,20,-0.5,12.772903225806447,74.89677419354838,7.781456953642384,0.2176470588235294,0.1830065359477124,0.0,54139.73333333333,5.925806451612905,205.16129032258064,0.0
20221231,21,-0.71,12.66451612903226,73.27096774193548,7.8344370860927155,0.17320261437908496,0.16339869281045752,0,53366.0,5.984516129032259,205.48387096774192,0.0
20221231,22,-0.87,12.601935483870967,71.92258064516129,7.490066225165563,0.13986928104575166,0.11764705882352941,0,52758.6,6.12,207.5483870967742,0.0
20221231,23,-0.97,12.517419354838706,70.98064516129033,7.072847682119205,0.06862745098039216,0.0915032679738562,0,52806.73333333333,6.290322580645159,210.25806451612902,0.0
